#                                                                                             --- full sequence --- -------------- this domain -------------   hmm coord   ali coord   env coord
# target name                         accession   tlen query name           accession   qlen   E-value  score  bias   #  of  c-Evalue  i-Evalue  score  bias  from    to  from    to  from    to  acc description of target
#                 ------------------- ---------- ----- -------------------- ---------- ----- --------- ------ ----- --- --- --------- --------- ------ ----- ----- ----- ----- ----- ----- ----- ---- ---------------------
NW_025965324.1_RagTag:3129234-3106873 -            664 10111at314147        -            700   3.1e-15   51.6   6.5   1   5   8.4e-07   0.00023   15.6   0.0   395   456    12    85     3    91 0.68 -
NW_025965324.1_RagTag:3129234-3106873 -            664 10111at314147        -            700   3.1e-15   51.6   6.5   2   5     4e-05     0.011   10.1   0.1   506   538   189   221   123   230 0.62 -
NW_025965324.1_RagTag:3129234-3106873 -            664 10111at314147        -            700   3.1e-15   51.6   6.5   3   5   8.3e-06    0.0023   12.3   0.1   190   235   328   372   274   376 0.73 -
NW_025965324.1_RagTag:3129234-3106873 -            664 10111at314147        -            700   3.1e-15   51.6   6.5   4   5     4e-05     0.011   10.1   0.3   189   225   412   448   362   466 0.63 -
NW_025965324.1_RagTag:3129234-3106873 -            664 10111at314147        -            700   3.1e-15   51.6   6.5   5   5      0.18        50   -2.0   0.0   436   457   515   536   494   544 0.71 -
NW_025965242.1_RagTag:103466-107783   -            190 10111at314147        -            700   0.00037   15.0   0.0   1   1   1.6e-06   0.00044   14.7   0.0   504   548    31    74    11    91 0.84 -
NW_025965060.1_RagTag:51624-47830     -            167 10111at314147        -            700    0.0039   11.6   0.0   1   1     2e-05    0.0055   11.1   0.0   477   545    14    84     4   122 0.74 -
NW_025965315.1_RagTag:2684245-2683970 -             92 10111at314147        -            700    0.0092   10.4   0.0   1   1   5.1e-05     0.014    9.7   0.0   432   456    62    86     5    92 0.57 -
NW_025965324.1_RagTag:3109520-3108461 -            208 10111at314147        -            700    0.0099   10.3   0.0   1   1   3.9e-05     0.011   10.1   0.0   191   237    54    99     5   179 0.84 -
#
# Program:         hmmsearch
# Version:         3.1b2 (February 2015)
# Pipeline mode:   SEARCH
# Query file:      /home/bgerda/guppy_SUP/busco_downloads/lineages/glires_odb10/hmms/10111at314147.hmm
# Target file:     /home/bgerda/guppy_SUP/busco_results_racon/run_glires_odb10/metaeuk_output/rerun_results/ragtag.scaffold.fasta.modified.fas
# Option settings: hmmsearch --domtblout /home/bgerda/guppy_SUP/busco_results_racon/run_glires_odb10/hmmer_output/rerun_results/10111at314147.out --cpu 1 /home/bgerda/guppy_SUP/busco_downloads/lineages/glires_odb10/hmms/10111at314147.hmm /home/bgerda/guppy_SUP/busco_results_racon/run_glires_odb10/metaeuk_output/rerun_results/ragtag.scaffold.fasta.modified.fas 
# Current dir:     /home/bgerda/guppy_SUP
# Date:            Sun May 21 17:29:54 2023
# [ok]
