#                                                                                             --- full sequence --- -------------- this domain -------------   hmm coord   ali coord   env coord
# target name                         accession   tlen query name           accession   qlen   E-value  score  bias   #  of  c-Evalue  i-Evalue  score  bias  from    to  from    to  from    to  acc description of target
#                 ------------------- ---------- ----- -------------------- ---------- ----- --------- ------ ----- --- --- --------- --------- ------ ----- ----- ----- ----- ----- ----- ----- ---- ---------------------
NW_025965288.1_RagTag:99944-99699     -             82 10182at314147        -            589   6.8e-07   24.5   0.0   1   1   4.1e-09   7.2e-07   24.4   0.0    36   104     8    76     4    82 0.87 -
NW_025965352.1_RagTag:102445-103867   -            274 10182at314147        -            589   1.1e-06   23.8   0.0   1   1   8.9e-09   1.5e-06   23.3   0.0    93   144     6    57     3    67 0.93 -
NW_025965188.1_RagTag:427998-428411   -            138 10182at314147        -            589   3.5e-06   22.2   0.3   1   2   4.3e-05    0.0075   11.1   0.0   158   199    20    62     2    76 0.78 -
NW_025965188.1_RagTag:427998-428411   -            138 10182at314147        -            589   3.5e-06   22.2   0.3   2   2   0.00082      0.14    6.9   0.1   471   499   108   136   103   138 0.76 -
NW_025965182.1_RagTag:1127015-1127179 -             55 10182at314147        -            589   4.5e-06   21.8   0.0   1   1   2.6e-08   4.5e-06   21.8   0.0   105   147     4    46     1    53 0.88 -
NW_025965163.1_RagTag:38535-29734     -            742 10182at314147        -            589   1.6e-05   19.9   0.0   1   1   1.4e-07   2.4e-05   19.4   0.0    90   145   472   527   461   542 0.88 -
NW_025965344.1_RagTag:40631-35279     -            181 10182at314147        -            589   5.9e-05   18.1   0.0   1   1   3.5e-07   6.2e-05   18.0   0.0    78   165    45   130    13   160 0.82 -
NW_025965296.1_RagTag:679183-678884   -            100 10182at314147        -            589   0.00063   14.7   0.1   1   1   4.2e-06   0.00074   14.5   0.1    72   139    29    96    19   100 0.68 -
NW_025965287.1_RagTag:1503606-1508138 -            432 10182at314147        -            589    0.0029   12.5   0.1   1   1   2.2e-05    0.0039   12.1   0.1   125   207   325   411   306   427 0.77 -
#
# Program:         hmmsearch
# Version:         3.1b2 (February 2015)
# Pipeline mode:   SEARCH
# Query file:      /home/bgerda/guppy_SUP/busco_downloads/lineages/glires_odb10/hmms/10182at314147.hmm
# Target file:     /home/bgerda/guppy_SUP/busco_results_racon/run_glires_odb10/metaeuk_output/rerun_results/ragtag.scaffold.fasta.modified.fas
# Option settings: hmmsearch --domtblout /home/bgerda/guppy_SUP/busco_results_racon/run_glires_odb10/hmmer_output/rerun_results/10182at314147.out --cpu 1 /home/bgerda/guppy_SUP/busco_downloads/lineages/glires_odb10/hmms/10182at314147.hmm /home/bgerda/guppy_SUP/busco_results_racon/run_glires_odb10/metaeuk_output/rerun_results/ragtag.scaffold.fasta.modified.fas 
# Current dir:     /home/bgerda/guppy_SUP
# Date:            Sun May 21 17:29:58 2023
# [ok]
