#                                                                                             --- full sequence --- -------------- this domain -------------   hmm coord   ali coord   env coord
# target name                         accession   tlen query name           accession   qlen   E-value  score  bias   #  of  c-Evalue  i-Evalue  score  bias  from    to  from    to  from    to  acc description of target
#                 ------------------- ---------- ----- -------------------- ---------- ----- --------- ------ ----- --- --- --------- --------- ------ ----- ----- ----- ----- ----- ----- ----- ---- ---------------------
NW_025965188.1_RagTag:427998-428411   -            138 11067at314147        -            859   6.3e-10   34.1   0.0   1   2   1.4e-06   0.00024   15.6   0.0   183   234    10    61     3    97 0.86 -
NW_025965188.1_RagTag:427998-428411   -            138 11067at314147        -            859   6.3e-10   34.1   0.0   2   2   4.9e-07   8.5e-05   17.1   0.0   195   232   101   138    87   138 0.93 -
NW_025965344.1_RagTag:40631-35279     -            181 11067at314147        -            859   1.5e-07   26.3   0.0   1   2    0.0025      0.43    4.8   0.0   195   245    28    78    22    84 0.89 -
NW_025965344.1_RagTag:40631-35279     -            181 11067at314147        -            859   1.5e-07   26.3   0.0   2   2   8.7e-08   1.5e-05   19.6   0.0   189   232    86   129    79   160 0.90 -
NW_025965296.1_RagTag:679183-678884   -            100 11067at314147        -            859   3.3e-05   18.4   0.1   1   1   2.1e-07   3.6e-05   18.3   0.1   171   240    27    96    15   100 0.70 -
NW_025965182.1_RagTag:1127015-1127179 -             55 11067at314147        -            859   6.8e-05   17.4   0.1   1   1     4e-07     7e-05   17.4   0.1    51   103     1    53     1    55 0.91 -
NW_025965163.1_RagTag:38535-29734     -            742 11067at314147        -            859   8.2e-05   17.2   0.0   1   2         8   1.4e+03   -9.2  19.3   622   650   104   132    82   164 0.52 -
NW_025965163.1_RagTag:38535-29734     -            742 11067at314147        -            859   8.2e-05   17.2   0.0   2   2   4.7e-07   8.2e-05   17.2   0.0   190   246   471   527   464   543 0.89 -
NW_025965287.1_RagTag:1503606-1508138 -            432 11067at314147        -            859   0.00034   15.1   0.1   1   1   2.7e-06   0.00047   14.6   0.1   177   240   346   408   319   430 0.88 -
NW_025965352.1_RagTag:102445-103867   -            274 11067at314147        -            859    0.0064   10.9   0.0   1   1     5e-05    0.0086   10.5   0.0   194   240     6    52     2    71 0.78 -
NW_025965276.1_RagTag:371243-371716   -            158 11067at314147        -            859      0.01   10.2   0.2   1   2    0.0028      0.49    4.7   0.0   189   220    11    42     4    50 0.85 -
NW_025965276.1_RagTag:371243-371716   -            158 11067at314147        -            859      0.01   10.2   0.2   2   2    0.0054      0.94    3.7   0.1    44   100    60   113    46   121 0.84 -
#
# Program:         hmmsearch
# Version:         3.1b2 (February 2015)
# Pipeline mode:   SEARCH
# Query file:      /home/bgerda/guppy_SUP/busco_downloads/lineages/glires_odb10/hmms/11067at314147.hmm
# Target file:     /home/bgerda/guppy_SUP/busco_results_racon/run_glires_odb10/metaeuk_output/rerun_results/ragtag.scaffold.fasta.modified.fas
# Option settings: hmmsearch --domtblout /home/bgerda/guppy_SUP/busco_results_racon/run_glires_odb10/hmmer_output/rerun_results/11067at314147.out --cpu 1 /home/bgerda/guppy_SUP/busco_downloads/lineages/glires_odb10/hmms/11067at314147.hmm /home/bgerda/guppy_SUP/busco_results_racon/run_glires_odb10/metaeuk_output/rerun_results/ragtag.scaffold.fasta.modified.fas 
# Current dir:     /home/bgerda/guppy_SUP
# Date:            Sun May 21 17:30:01 2023
# [ok]
