#                                                                                             --- full sequence --- -------------- this domain -------------   hmm coord   ali coord   env coord
# target name                         accession   tlen query name           accession   qlen   E-value  score  bias   #  of  c-Evalue  i-Evalue  score  bias  from    to  from    to  from    to  acc description of target
#                 ------------------- ---------- ----- -------------------- ---------- ----- --------- ------ ----- --- --- --------- --------- ------ ----- ----- ----- ----- ----- ----- ----- ---- ---------------------
contig_83093_pilon:417-680            -             88 11298at314147        -            453   1.9e-09   33.1   0.4   1   1   1.8e-11   2.1e-09   33.0   0.4   244   286    37    82    15    87 0.79 -
contig_5411_pilon:437-201             -             79 11298at314147        -            453   4.5e-08   28.6   0.6   1   1   4.3e-10     5e-08   28.4   0.6   245   286    29    73    13    78 0.80 -
NW_025965314.1_RagTag:614962-614699   -             88 11298at314147        -            453   5.5e-08   28.3   0.6   1   1   5.5e-10   6.3e-08   28.1   0.6   245   286    38    82    20    87 0.80 -
NW_025965319.1_RagTag:4123940-4123488 -            151 11298at314147        -            453   1.6e-07   26.7   0.3   1   1   1.7e-09   1.9e-07   26.5   0.3   246   312    45   111    24   120 0.84 -
NW_025965309.1_RagTag:3290555-3290193 -            121 11298at314147        -            453   3.2e-06   22.5   0.8   1   1   3.7e-08   4.3e-06   22.0   0.8   246   288    63   112    55   116 0.76 -
NW_025965075.1_RagTag:18127-23307     -            380 11298at314147        -            453   3.8e-06   22.2   0.6   1   1   4.8e-08   5.6e-06   21.7   0.6   246   285   327   369   308   377 0.82 -
NW_025965308.1_RagTag:923962-834363   -             70 11298at314147        -            453   7.5e-06   21.3   0.6   1   1   7.6e-08   8.8e-06   21.0   0.6   245   284     6    48     3    55 0.82 -
NW_025965075.1_RagTag:65339-58346     -            349 11298at314147        -            453   0.00011   17.4   0.8   1   1   1.7e-06   0.00019   16.6   0.8   245   288    50    93    39   123 0.86 -
contig_4568_pilon:1304-1546           -             81 11298at314147        -            453   0.00035   15.7   1.6   1   1   3.2e-06   0.00037   15.7   1.6   246   291     3    51     1    63 0.83 -
NW_025965314.1_RagTag:573146-572487   -            220 11298at314147        -            453    0.0014   13.8   0.1   1   1   1.6e-05    0.0019   13.3   0.1   246   308    19    84    13   102 0.75 -
NW_025965322.1_RagTag:1227246-1228055 -            270 11298at314147        -            453    0.0081   11.3   0.2   1   1   0.00011     0.012   10.7   0.2   245   276     9    40     3    70 0.82 -
NW_025965317.1_RagTag:2732946-2735087 -            714 11298at314147        -            453     0.015   10.4   0.8   1   1   0.00021     0.024    9.7   0.8   245   290     3    49     1    68 0.80 -
#
# Program:         hmmsearch
# Version:         3.1b2 (February 2015)
# Pipeline mode:   SEARCH
# Query file:      /home/bgerda/guppy_SUP/busco_downloads/lineages/glires_odb10/hmms/11298at314147.hmm
# Target file:     /home/bgerda/guppy_SUP/busco_results_racon/run_glires_odb10/metaeuk_output/rerun_results/ragtag.scaffold.fasta.modified.fas
# Option settings: hmmsearch --domtblout /home/bgerda/guppy_SUP/busco_results_racon/run_glires_odb10/hmmer_output/rerun_results/11298at314147.out --cpu 1 /home/bgerda/guppy_SUP/busco_downloads/lineages/glires_odb10/hmms/11298at314147.hmm /home/bgerda/guppy_SUP/busco_results_racon/run_glires_odb10/metaeuk_output/rerun_results/ragtag.scaffold.fasta.modified.fas 
# Current dir:     /home/bgerda/guppy_SUP
# Date:            Sun May 21 17:30:01 2023
# [ok]
