#                                                                                             --- full sequence --- -------------- this domain -------------   hmm coord   ali coord   env coord
# target name                         accession   tlen query name           accession   qlen   E-value  score  bias   #  of  c-Evalue  i-Evalue  score  bias  from    to  from    to  from    to  acc description of target
#                 ------------------- ---------- ----- -------------------- ---------- ----- --------- ------ ----- --- --- --------- --------- ------ ----- ----- ----- ----- ----- ----- ----- ---- ---------------------
NW_025965188.1_RagTag:427998-428411   -            138 11606at314147        -            533   1.3e-12   43.4   0.1   1   3   6.3e-06    0.0011   13.9   0.0   438   486     1    50     1    51 0.91 -
NW_025965188.1_RagTag:427998-428411   -            138 11606at314147        -            533   1.3e-12   43.4   0.1   2   3   3.4e-10   5.9e-08   28.0   0.2   405   483    48   126    44   129 0.93 -
NW_025965188.1_RagTag:427998-428411   -            138 11606at314147        -            533   1.3e-12   43.4   0.1   3   3   0.00025     0.044    8.6   0.0   436   462   112   138   107   138 0.93 -
NW_025965296.1_RagTag:679183-678884   -            100 11606at314147        -            533   4.4e-07   25.1   0.1   1   2   6.4e-08   1.1e-05   20.5   0.0   425   472    18    65     9    73 0.85 -
NW_025965296.1_RagTag:679183-678884   -            100 11606at314147        -            533   4.4e-07   25.1   0.1   2   2     0.012         2    3.1   0.0    50    74    73    97    68   100 0.60 -
NW_025965344.1_RagTag:40631-35279     -            181 11606at314147        -            533   2.6e-06   22.6   0.0   1   2   6.4e-05     0.011   10.6   0.0   125   194    25    94    11   106 0.77 -
NW_025965344.1_RagTag:40631-35279     -            181 11606at314147        -            533   2.6e-06   22.6   0.0   2   2   9.2e-07   0.00016   16.7   0.0    42   133    42   130    32   172 0.82 -
NW_025965287.1_RagTag:1503606-1508138 -            432 11606at314147        -            533   2.8e-05   19.2   0.1   1   1   2.2e-07   3.9e-05   18.7   0.1    84   145   352   413   321   422 0.83 -
NW_025965182.1_RagTag:1127015-1127179 -             55 11606at314147        -            533   7.7e-05   17.7   0.0   1   1   4.4e-07   7.7e-05   17.7   0.0    82   119    13    50     1    54 0.86 -
NW_025965163.1_RagTag:38535-29734     -            742 11606at314147        -            533   0.00016   16.7   0.0   1   1   1.4e-06   0.00024   16.1   0.0   126   178   474   527   458   544 0.76 -
NW_025965288.1_RagTag:99944-99699     -             82 11606at314147        -            533   0.00049   15.0   0.0   1   1   3.5e-06   0.00061   14.7   0.0   106   150     8    55     4    72 0.79 -
NW_025965352.1_RagTag:102445-103867   -            274 11606at314147        -            533   0.00094   14.1   0.0   1   1   8.7e-06    0.0015   13.4   0.0    60   115     6    60     1    74 0.62 -
#
# Program:         hmmsearch
# Version:         3.1b2 (February 2015)
# Pipeline mode:   SEARCH
# Query file:      /home/bgerda/guppy_SUP/busco_downloads/lineages/glires_odb10/hmms/11606at314147.hmm
# Target file:     /home/bgerda/guppy_SUP/busco_results_racon/run_glires_odb10/metaeuk_output/rerun_results/ragtag.scaffold.fasta.modified.fas
# Option settings: hmmsearch --domtblout /home/bgerda/guppy_SUP/busco_results_racon/run_glires_odb10/hmmer_output/rerun_results/11606at314147.out --cpu 1 /home/bgerda/guppy_SUP/busco_downloads/lineages/glires_odb10/hmms/11606at314147.hmm /home/bgerda/guppy_SUP/busco_results_racon/run_glires_odb10/metaeuk_output/rerun_results/ragtag.scaffold.fasta.modified.fas 
# Current dir:     /home/bgerda/guppy_SUP
# Date:            Sun May 21 17:29:59 2023
# [ok]
