#                                                                                             --- full sequence --- -------------- this domain -------------   hmm coord   ali coord   env coord
# target name                         accession   tlen query name           accession   qlen   E-value  score  bias   #  of  c-Evalue  i-Evalue  score  bias  from    to  from    to  from    to  acc description of target
#                 ------------------- ---------- ----- -------------------- ---------- ----- --------- ------ ----- --- --- --------- --------- ------ ----- ----- ----- ----- ----- ----- ----- ---- ---------------------
NW_025965310.1_RagTag:3809179-3808151 -            343 11762at314147        -            847   2.1e-08   29.5   0.0   1   2    0.0002     0.056    8.2   0.0   286   344     6    64     3    76 0.88 -
NW_025965310.1_RagTag:3809179-3808151 -            343 11762at314147        -            847   2.1e-08   29.5   0.0   2   2   9.5e-08   2.6e-05   19.2   0.1   280   375    91   182    73   194 0.79 -
NW_025965314.1_RagTag:1368682-1369539 -            286 11762at314147        -            847   6.8e-08   27.8   0.0   1   2   1.2e-06   0.00034   15.5   0.0   280   363    92   171    82   184 0.87 -
NW_025965314.1_RagTag:1368682-1369539 -            286 11762at314147        -            847   6.8e-08   27.8   0.0   2   2   4.7e-05     0.013   10.3   0.0   286   361   189   263   181   273 0.89 -
NW_025965364.1_RagTag:5386-4973       -            138 11762at314147        -            847   0.00011   17.2   0.0   1   2   0.00026     0.072    7.9   0.0   286   344     6    64     3    76 0.88 -
NW_025965364.1_RagTag:5386-4973       -            138 11762at314147        -            847   0.00011   17.2   0.0   2   2    0.0003     0.084    7.6   0.0   280   324    91   134    73   137 0.75 -
NW_025965172.1_RagTag:1410585-1410325 -             87 11762at314147        -            847     0.006   11.4   0.0   1   1   2.2e-05    0.0062   11.4   0.0   283   359    10    86     2    87 0.88 -
NW_025965419.1_RagTag:207438-206911   -            176 11762at314147        -            847      0.12    7.1  43.9   1   2    0.0011       0.3    5.8  22.7   539   582    52    97    36   118 0.72 -
NW_025965419.1_RagTag:207438-206911   -            176 11762at314147        -            847      0.12    7.1  43.9   2   2   0.00065      0.18    6.5  14.4   541   582   126   169    97   175 0.66 -
#
# Program:         hmmsearch
# Version:         3.1b2 (February 2015)
# Pipeline mode:   SEARCH
# Query file:      /home/bgerda/guppy_SUP/busco_downloads/lineages/glires_odb10/hmms/11762at314147.hmm
# Target file:     /home/bgerda/guppy_SUP/busco_results_racon/run_glires_odb10/metaeuk_output/rerun_results/ragtag.scaffold.fasta.modified.fas
# Option settings: hmmsearch --domtblout /home/bgerda/guppy_SUP/busco_results_racon/run_glires_odb10/hmmer_output/rerun_results/11762at314147.out --cpu 1 /home/bgerda/guppy_SUP/busco_downloads/lineages/glires_odb10/hmms/11762at314147.hmm /home/bgerda/guppy_SUP/busco_results_racon/run_glires_odb10/metaeuk_output/rerun_results/ragtag.scaffold.fasta.modified.fas 
# Current dir:     /home/bgerda/guppy_SUP
# Date:            Sun May 21 17:30:03 2023
# [ok]
