#                                                                                             --- full sequence --- -------------- this domain -------------   hmm coord   ali coord   env coord
# target name                         accession   tlen query name           accession   qlen   E-value  score  bias   #  of  c-Evalue  i-Evalue  score  bias  from    to  from    to  from    to  acc description of target
#                 ------------------- ---------- ----- -------------------- ---------- ----- --------- ------ ----- --- --- --------- --------- ------ ----- ----- ----- ----- ----- ----- ----- ---- ---------------------
NW_025965308.1_RagTag:923962-834363   -             70 11944at314147        -            516   5.1e-08   28.2   2.5   1   1     4e-10   5.5e-08   28.1   2.5   190   243     6    61     1    64 0.84 -
NW_025965314.1_RagTag:573146-572487   -            220 11944at314147        -            516   4.6e-07   25.0   3.7   1   1     5e-09     7e-07   24.4   3.7   188   234    16    62     8    73 0.89 -
NW_025965317.1_RagTag:2732946-2735087 -            714 11944at314147        -            516     2e-06   22.9   0.7   1   1   3.2e-08   4.4e-06   21.8   0.7   191   239     4    52     2    90 0.83 -
contig_83093_pilon:417-680            -             88 11944at314147        -            516   7.2e-06   21.1   0.7   1   1   5.6e-08   7.8e-06   21.0   0.7   175   233    23    83     9    86 0.81 -
NW_025965314.1_RagTag:614962-614699   -             88 11944at314147        -            516   3.1e-05   19.0   0.7   1   1   2.5e-07   3.5e-05   18.8   0.7   176   233    24    83    13    86 0.79 -
contig_5411_pilon:437-201             -             79 11944at314147        -            516   0.00012   17.1   0.7   1   1   8.9e-07   0.00012   17.0   0.7   187   233    26    74     6    77 0.78 -
NW_025965075.1_RagTag:18127-23307     -            380 11944at314147        -            516   0.00017   16.6   0.4   1   1   1.8e-06   0.00025   16.0   0.4   200   233   338   371   291   378 0.75 -
NW_025965309.1_RagTag:3290555-3290193 -            121 11944at314147        -            516   0.00023   16.2   1.5   1   1   1.6e-06   0.00023   16.1   1.5   187   233    59   111    20   117 0.85 -
NW_025965322.1_RagTag:1227246-1228055 -            270 11944at314147        -            516   0.00064   14.7   1.2   1   1   6.3e-06   0.00088   14.2   1.2   185   222     4    40     1   105 0.60 -
NW_025965075.1_RagTag:65339-58346     -            349 11944at314147        -            516   0.00075   14.4   5.7   1   1   7.1e-06   0.00099   14.0   5.7   184   272    44   134     3   160 0.78 -
#
# Program:         hmmsearch
# Version:         3.1b2 (February 2015)
# Pipeline mode:   SEARCH
# Query file:      /home/bgerda/guppy_SUP/busco_downloads/lineages/glires_odb10/hmms/11944at314147.hmm
# Target file:     /home/bgerda/guppy_SUP/busco_results_racon/run_glires_odb10/metaeuk_output/rerun_results/ragtag.scaffold.fasta.modified.fas
# Option settings: hmmsearch --domtblout /home/bgerda/guppy_SUP/busco_results_racon/run_glires_odb10/hmmer_output/rerun_results/11944at314147.out --cpu 1 /home/bgerda/guppy_SUP/busco_downloads/lineages/glires_odb10/hmms/11944at314147.hmm /home/bgerda/guppy_SUP/busco_results_racon/run_glires_odb10/metaeuk_output/rerun_results/ragtag.scaffold.fasta.modified.fas 
# Current dir:     /home/bgerda/guppy_SUP
# Date:            Sun May 21 17:29:47 2023
# [ok]
