#                                                                                             --- full sequence --- -------------- this domain -------------   hmm coord   ali coord   env coord
# target name                         accession   tlen query name           accession   qlen   E-value  score  bias   #  of  c-Evalue  i-Evalue  score  bias  from    to  from    to  from    to  acc description of target
#                 ------------------- ---------- ----- -------------------- ---------- ----- --------- ------ ----- --- --- --------- --------- ------ ----- ----- ----- ----- ----- ----- ----- ---- ---------------------
NW_025965227.1_RagTag:1166932-1167426 -            165 1223at314147         -           2102   1.5e-07   25.4   0.9   1   2   0.00026     0.059    6.8   0.2   911   966    12    69     4    84 0.84 -
NW_025965227.1_RagTag:1166932-1167426 -            165 1223at314147         -           2102   1.5e-07   25.4   0.9   2   2   1.2e-07   2.7e-05   17.8   0.0   909   972    96   159    74   165 0.88 -
NW_025965291.1_RagTag:412845-412510   -            112 1223at314147         -           2102   3.4e-07   24.1   0.5   1   1   1.5e-09   3.4e-07   24.1   0.5   900   972    34   106    11   112 0.89 -
contig_2414_pilon:39-507              -            153 1223at314147         -           2102   1.8e-06   21.8   2.1   1   2    0.0057       1.3    2.3   0.9   937   967    31    61     3    80 0.69 -
contig_2414_pilon:39-507              -            153 1223at314147         -           2102   1.8e-06   21.8   2.1   2   2   4.8e-08   1.1e-05   19.1   0.1   909   972    84   147    65   153 0.88 -
NW_025965008.1_RagTag:43569-43099     -            157 1223at314147         -           2102   1.8e-05   18.4   0.2   1   2    0.0064       1.5    2.1   0.2   913   977    12    78     3    93 0.75 -
NW_025965008.1_RagTag:43569-43099     -            157 1223at314147         -           2102   1.8e-05   18.4   0.2   2   2   3.4e-07     8e-05   16.3   0.1   903   970    86   153    31   156 0.83 -
contig_67574_pilon:1299-1111          -             63 1223at314147         -           2102    0.0007   13.2   0.0   1   1   3.3e-06   0.00076   13.1   0.0   916   972     2    58     1    62 0.95 -
NW_025965076.1_RagTag:4134-4397       -             88 1223at314147         -           2102    0.0087    9.5   0.3   1   1   3.7e-05    0.0085    9.6   0.3   911   968    10    69     2    87 0.82 -
#
# Program:         hmmsearch
# Version:         3.1b2 (February 2015)
# Pipeline mode:   SEARCH
# Query file:      /home/bgerda/guppy_SUP/busco_downloads/lineages/glires_odb10/hmms/1223at314147.hmm
# Target file:     /home/bgerda/guppy_SUP/busco_results_racon/run_glires_odb10/metaeuk_output/rerun_results/ragtag.scaffold.fasta.modified.fas
# Option settings: hmmsearch --domtblout /home/bgerda/guppy_SUP/busco_results_racon/run_glires_odb10/hmmer_output/rerun_results/1223at314147.out --cpu 1 /home/bgerda/guppy_SUP/busco_downloads/lineages/glires_odb10/hmms/1223at314147.hmm /home/bgerda/guppy_SUP/busco_results_racon/run_glires_odb10/metaeuk_output/rerun_results/ragtag.scaffold.fasta.modified.fas 
# Current dir:     /home/bgerda/guppy_SUP
# Date:            Sun May 21 17:30:00 2023
# [ok]
