#                                                                                             --- full sequence --- -------------- this domain -------------   hmm coord   ali coord   env coord
# target name                         accession   tlen query name           accession   qlen   E-value  score  bias   #  of  c-Evalue  i-Evalue  score  bias  from    to  from    to  from    to  acc description of target
#                 ------------------- ---------- ----- -------------------- ---------- ----- --------- ------ ----- --- --- --------- --------- ------ ----- ----- ----- ----- ----- ----- ----- ---- ---------------------
NW_025965287.1_RagTag:1503606-1508138 -            432 12608at314147        -            484  1.2e-123  409.8  27.9   1   3   1.2e-24   3.3e-22   75.3   9.3    96   160    95   167    89   181 0.86 -
NW_025965287.1_RagTag:1503606-1508138 -            432 12608at314147        -            484  1.2e-123  409.8  27.9   2   3    0.0052       1.4    3.9   4.6   139   175   187   227   165   254 0.73 -
NW_025965287.1_RagTag:1503606-1508138 -            432 12608at314147        -            484  1.2e-123  409.8  27.9   3   3  3.7e-104    1e-101  337.5   4.4   164   318   277   432   243   432 0.95 -
NW_025965188.1_RagTag:427998-428411   -            138 12608at314147        -            484   1.2e-08   30.6   0.3   1   2   6.4e-05     0.018   10.2   0.0   363   412     3    52     1    65 0.85 -
NW_025965188.1_RagTag:427998-428411   -            138 12608at314147        -            484   1.2e-08   30.6   0.3   2   2   1.4e-07   3.8e-05   19.0   0.2   264   325    83   138    56   138 0.88 -
NW_025965296.1_RagTag:679183-678884   -            100 12608at314147        -            484   2.8e-05   19.4   0.4   1   2   0.00013     0.036    9.2   0.1   262   289    31    58    25    68 0.79 -
NW_025965296.1_RagTag:679183-678884   -            100 12608at314147        -            484   2.8e-05   19.4   0.4   2   2   2.5e-06    0.0007   14.8   0.2   242   294    44    96    41    99 0.86 -
NW_025965352.1_RagTag:102445-103867   -            274 12608at314147        -            484   0.00047   15.4   0.0   1   1   2.3e-06   0.00064   15.0   0.0   249   309     7    68     1    75 0.83 -
NW_025965276.1_RagTag:371243-371716   -            158 12608at314147        -            484    0.0059   11.8   0.3   1   2    0.0073         2    3.4   0.0   376   446    11    83     3    89 0.69 -
NW_025965276.1_RagTag:371243-371716   -            158 12608at314147        -            484    0.0059   11.8   0.3   2   2   0.00077      0.21    6.7   0.1   250   274    90   114    87   120 0.91 -
#
# Program:         hmmsearch
# Version:         3.1b2 (February 2015)
# Pipeline mode:   SEARCH
# Query file:      /home/bgerda/guppy_SUP/busco_downloads/lineages/glires_odb10/hmms/12608at314147.hmm
# Target file:     /home/bgerda/guppy_SUP/busco_results_racon/run_glires_odb10/metaeuk_output/rerun_results/ragtag.scaffold.fasta.modified.fas
# Option settings: hmmsearch --domtblout /home/bgerda/guppy_SUP/busco_results_racon/run_glires_odb10/hmmer_output/rerun_results/12608at314147.out --cpu 1 /home/bgerda/guppy_SUP/busco_downloads/lineages/glires_odb10/hmms/12608at314147.hmm /home/bgerda/guppy_SUP/busco_results_racon/run_glires_odb10/metaeuk_output/rerun_results/ragtag.scaffold.fasta.modified.fas 
# Current dir:     /home/bgerda/guppy_SUP
# Date:            Sun May 21 17:29:56 2023
# [ok]
