#                                                                                             --- full sequence --- -------------- this domain -------------   hmm coord   ali coord   env coord
# target name                         accession   tlen query name           accession   qlen   E-value  score  bias   #  of  c-Evalue  i-Evalue  score  bias  from    to  from    to  from    to  acc description of target
#                 ------------------- ---------- ----- -------------------- ---------- ----- --------- ------ ----- --- --- --------- --------- ------ ----- ----- ----- ----- ----- ----- ----- ---- ---------------------
NW_025965188.1_RagTag:427998-428411   -            138 12785at314147        -            542   3.1e-09   32.1   0.2   1   1   8.7e-11   1.3e-08   30.0   0.2    24   141     4   138     1   138 0.80 -
NW_025965287.1_RagTag:1503606-1508138 -            432 12785at314147        -            542   6.5e-06   21.2   0.1   1   1   7.5e-08   1.2e-05   20.3   0.1    96   176   319   402   294   417 0.82 -
NW_025965276.1_RagTag:371243-371716   -            158 12785at314147        -            542   8.8e-06   20.7   0.4   1   1   6.8e-08   1.1e-05   20.5   0.4    69   157    54   145     7   153 0.72 -
NW_025965296.1_RagTag:679183-678884   -            100 12785at314147        -            542   9.7e-06   20.6   0.2   1   1   6.3e-08   9.7e-06   20.6   0.2    52   117    29    97     3   100 0.64 -
NW_025965163.1_RagTag:38535-29734     -            742 12785at314147        -            542   0.00025   15.9   0.0   1   1   2.8e-06   0.00044   15.1   0.0     4    67   472   535   456   543 0.77 -
NW_025965352.1_RagTag:102445-103867   -            274 12785at314147        -            542    0.0003   15.6   0.0   1   1   2.7e-06   0.00041   15.2   0.0    71   121     4    57     1    61 0.77 -
NW_025965288.1_RagTag:99944-99699     -             82 12785at314147        -            542   0.00037   15.4   0.0   1   1   2.4e-06   0.00037   15.4   0.0    14    79     3    71     1    82 0.81 -
NW_025965182.1_RagTag:1127015-1127179 -             55 12785at314147        -            542    0.0021   12.9   0.0   1   1   1.3e-05    0.0021   12.9   0.0    49    85     1    37     1    53 0.61 -
NW_025965344.1_RagTag:40631-35279     -            181 12785at314147        -            542     0.018    9.8   0.0   1   1   0.00014     0.021    9.6   0.0   100   173    57   128    26   170 0.83 -
#
# Program:         hmmsearch
# Version:         3.1b2 (February 2015)
# Pipeline mode:   SEARCH
# Query file:      /home/bgerda/guppy_SUP/busco_downloads/lineages/glires_odb10/hmms/12785at314147.hmm
# Target file:     /home/bgerda/guppy_SUP/busco_results_racon/run_glires_odb10/metaeuk_output/rerun_results/ragtag.scaffold.fasta.modified.fas
# Option settings: hmmsearch --domtblout /home/bgerda/guppy_SUP/busco_results_racon/run_glires_odb10/hmmer_output/rerun_results/12785at314147.out --cpu 1 /home/bgerda/guppy_SUP/busco_downloads/lineages/glires_odb10/hmms/12785at314147.hmm /home/bgerda/guppy_SUP/busco_results_racon/run_glires_odb10/metaeuk_output/rerun_results/ragtag.scaffold.fasta.modified.fas 
# Current dir:     /home/bgerda/guppy_SUP
# Date:            Sun May 21 17:29:51 2023
# [ok]
