#                                                                                             --- full sequence --- -------------- this domain -------------   hmm coord   ali coord   env coord
# target name                         accession   tlen query name           accession   qlen   E-value  score  bias   #  of  c-Evalue  i-Evalue  score  bias  from    to  from    to  from    to  acc description of target
#                 ------------------- ---------- ----- -------------------- ---------- ----- --------- ------ ----- --- --- --------- --------- ------ ----- ----- ----- ----- ----- ----- ----- ---- ---------------------
NW_025965287.1_RagTag:1440279-1439407 -            289 12810at314147        -            513   1.3e-36  123.1   9.0   1   3   6.4e-18   1.8e-15   53.4   0.7   340   450    13   124     6   131 0.89 -
NW_025965287.1_RagTag:1440279-1439407 -            289 12810at314147        -            513   1.3e-36  123.1   9.0   2   3   7.8e-17   2.2e-14   49.9   0.1   300   418    95   216    91   235 0.88 -
NW_025965287.1_RagTag:1440279-1439407 -            289 12810at314147        -            513   1.3e-36  123.1   9.0   3   3   2.2e-13   6.2e-11   38.5   0.2   293   411   130   253   121   280 0.81 -
contig_13085_pilon:864-71             -            219 12810at314147        -            513   1.2e-13   47.4   0.6   1   2     6e-14   1.7e-11   40.3   0.4   340   444    37   143    31   148 0.83 -
contig_13085_pilon:864-71             -            219 12810at314147        -            513   1.2e-13   47.4   0.6   2   2    0.0024      0.67    5.3   0.0   301   340   153   192   144   216 0.59 -
NW_025965155.1_RagTag:64307-63339     -            323 12810at314147        -            513     1e-06   24.6   0.3   1   2    0.0004      0.11    7.9   0.0   300   357    20    81    15   109 0.73 -
NW_025965155.1_RagTag:64307-63339     -            323 12810at314147        -            513     1e-06   24.6   0.3   2   2   1.9e-06   0.00052   15.6   0.3   309   481    74   260    67   289 0.67 -
NW_025965321.1_RagTag:2930434-2928056 -            522 12810at314147        -            513   0.00036   16.1   0.1   1   1   2.9e-06    0.0008   15.0   0.1   297   409   184   303   174   307 0.75 -
NW_025965114.1_RagTag:27851-27678     -             58 12810at314147        -            513    0.0035   12.9   0.0   1   1   1.3e-05    0.0037   12.8   0.0   371   411     5    45     2    57 0.80 -
#
# Program:         hmmsearch
# Version:         3.1b2 (February 2015)
# Pipeline mode:   SEARCH
# Query file:      /home/bgerda/guppy_SUP/busco_downloads/lineages/glires_odb10/hmms/12810at314147.hmm
# Target file:     /home/bgerda/guppy_SUP/busco_results_racon/run_glires_odb10/metaeuk_output/rerun_results/ragtag.scaffold.fasta.modified.fas
# Option settings: hmmsearch --domtblout /home/bgerda/guppy_SUP/busco_results_racon/run_glires_odb10/hmmer_output/rerun_results/12810at314147.out --cpu 1 /home/bgerda/guppy_SUP/busco_downloads/lineages/glires_odb10/hmms/12810at314147.hmm /home/bgerda/guppy_SUP/busco_results_racon/run_glires_odb10/metaeuk_output/rerun_results/ragtag.scaffold.fasta.modified.fas 
# Current dir:     /home/bgerda/guppy_SUP
# Date:            Sun May 21 17:29:52 2023
# [ok]
