#                                                                                             --- full sequence --- -------------- this domain -------------   hmm coord   ali coord   env coord
# target name                         accession   tlen query name           accession   qlen   E-value  score  bias   #  of  c-Evalue  i-Evalue  score  bias  from    to  from    to  from    to  acc description of target
#                 ------------------- ---------- ----- -------------------- ---------- ----- --------- ------ ----- --- --- --------- --------- ------ ----- ----- ----- ----- ----- ----- ----- ---- ---------------------
NW_025965188.1_RagTag:427998-428411   -            138 1308at314147         -           1497   1.1e-09   32.3   0.5   1   2   4.6e-05     0.008    9.6   0.0  1282  1329     2    50     1    62 0.84 -
NW_025965188.1_RagTag:427998-428411   -            138 1308at314147         -           1497   1.1e-09   32.3   0.5   2   2   1.2e-08     2e-06   21.5   0.3  1271  1334    71   134    60   138 0.90 -
NW_025965288.1_RagTag:99944-99699     -             82 1308at314147         -           1497     5e-07   23.5   0.0   1   1   3.3e-09   5.8e-07   23.3   0.0  1279  1329     8    61     6    70 0.88 -
NW_025965163.1_RagTag:38535-29734     -            742 1308at314147         -           1497   1.3e-05   18.8   0.0   1   1   1.2e-07     2e-05   18.2   0.0  1267  1321   475   529   459   536 0.91 -
NW_025965296.1_RagTag:679183-678884   -            100 1308at314147         -           1497   0.00012   15.6   0.1   1   1   7.8e-07   0.00013   15.5   0.1  1251  1317    34   100    25   100 0.92 -
NW_025965352.1_RagTag:102445-103867   -            274 1308at314147         -           1497   0.00074   13.0   0.0   1   1   5.5e-06   0.00095   12.7   0.0  1262  1320     1    59     1    66 0.94 -
NW_025965344.1_RagTag:40631-35279     -            181 1308at314147         -           1497    0.0043   10.5   0.0   1   2      0.04         7   -0.2   0.0  1268  1326    28    84    18    89 0.86 -
NW_025965344.1_RagTag:40631-35279     -            181 1308at314147         -           1497    0.0043   10.5   0.0   2   2    0.0001     0.018    8.5   0.0  1267  1337    91   158    54   162 0.87 -
NW_025965182.1_RagTag:1127015-1127179 -             55 1308at314147         -           1497    0.0044   10.5   0.0   1   1   2.6e-05    0.0045   10.4   0.0  1278  1322     3    47     1    53 0.64 -
NW_025965276.1_RagTag:371243-371716   -            158 1308at314147         -           1497    0.0049   10.3   0.4   1   2     0.018       3.1    1.0   0.1  1299  1327    57    85    18    92 0.82 -
NW_025965276.1_RagTag:371243-371716   -            158 1308at314147         -           1497    0.0049   10.3   0.4   2   2   7.1e-05     0.012    9.0   0.3  1267  1323    58   111    48   122 0.79 -
#
# Program:         hmmsearch
# Version:         3.1b2 (February 2015)
# Pipeline mode:   SEARCH
# Query file:      /home/bgerda/guppy_SUP/busco_downloads/lineages/glires_odb10/hmms/1308at314147.hmm
# Target file:     /home/bgerda/guppy_SUP/busco_results_racon/run_glires_odb10/metaeuk_output/rerun_results/ragtag.scaffold.fasta.modified.fas
# Option settings: hmmsearch --domtblout /home/bgerda/guppy_SUP/busco_results_racon/run_glires_odb10/hmmer_output/rerun_results/1308at314147.out --cpu 1 /home/bgerda/guppy_SUP/busco_downloads/lineages/glires_odb10/hmms/1308at314147.hmm /home/bgerda/guppy_SUP/busco_results_racon/run_glires_odb10/metaeuk_output/rerun_results/ragtag.scaffold.fasta.modified.fas 
# Current dir:     /home/bgerda/guppy_SUP
# Date:            Sun May 21 17:30:02 2023
# [ok]
