#                                                                                             --- full sequence --- -------------- this domain -------------   hmm coord   ali coord   env coord
# target name                         accession   tlen query name           accession   qlen   E-value  score  bias   #  of  c-Evalue  i-Evalue  score  bias  from    to  from    to  from    to  acc description of target
#                 ------------------- ---------- ----- -------------------- ---------- ----- --------- ------ ----- --- --- --------- --------- ------ ----- ----- ----- ----- ----- ----- ----- ---- ---------------------
NW_025965405.1_RagTag:14081-13569     -            171 13172at314147        -            704     4e-09   31.6   1.1   1   1   2.7e-11   4.7e-09   31.4   1.1    14    77    28    87    10   156 0.75 -
NW_025965276.1_RagTag:371243-371716   -            158 13172at314147        -            704   3.3e-06   22.0   0.1   1   1   2.2e-08   3.9e-06   21.8   0.1   445   548    13   122     9   147 0.80 -
NW_025965188.1_RagTag:427998-428411   -            138 13172at314147        -            704   4.3e-05   18.3   0.0   1   2    0.0011      0.19    6.3   0.0   464   522     3    62     1    77 0.82 -
NW_025965188.1_RagTag:427998-428411   -            138 13172at314147        -            704   4.3e-05   18.3   0.0   2   2   5.3e-05    0.0091   10.6   0.0   495   542    81   128    68   138 0.85 -
NW_025965182.1_RagTag:1127015-1127179 -             55 13172at314147        -            704   4.6e-05   18.2   0.0   1   1   2.9e-07   5.1e-05   18.1   0.0   500   540    11    51     2    54 0.53 -
NW_025965296.1_RagTag:679183-678884   -            100 13172at314147        -            704   5.6e-05   17.9   0.1   1   1   3.7e-07   6.4e-05   17.8   0.1   462   527    31    96    26   100 0.86 -
NW_025965344.1_RagTag:40631-35279     -            181 13172at314147        -            704   0.00011   17.0   0.0   1   1   8.1e-07   0.00014   16.6   0.0   454   553    33   130    25   148 0.82 -
NW_025965287.1_RagTag:1503606-1508138 -            432 13172at314147        -            704    0.0043   11.7   0.3   1   1   3.5e-05    0.0061   11.2   0.3   442   533   320   413   306   423 0.83 -
NW_025965163.1_RagTag:38535-29734     -            742 13172at314147        -            704     0.013   10.1   0.0   1   2         8   1.4e+03   -7.5  16.1   171   241    89   154    78   173 0.59 -
NW_025965163.1_RagTag:38535-29734     -            742 13172at314147        -            704     0.013   10.1   0.0   2   2   7.7e-05     0.013   10.1   0.0   476   536   470   530   463   548 0.81 -
#
# Program:         hmmsearch
# Version:         3.1b2 (February 2015)
# Pipeline mode:   SEARCH
# Query file:      /home/bgerda/guppy_SUP/busco_downloads/lineages/glires_odb10/hmms/13172at314147.hmm
# Target file:     /home/bgerda/guppy_SUP/busco_results_racon/run_glires_odb10/metaeuk_output/rerun_results/ragtag.scaffold.fasta.modified.fas
# Option settings: hmmsearch --domtblout /home/bgerda/guppy_SUP/busco_results_racon/run_glires_odb10/hmmer_output/rerun_results/13172at314147.out --cpu 1 /home/bgerda/guppy_SUP/busco_downloads/lineages/glires_odb10/hmms/13172at314147.hmm /home/bgerda/guppy_SUP/busco_results_racon/run_glires_odb10/metaeuk_output/rerun_results/ragtag.scaffold.fasta.modified.fas 
# Current dir:     /home/bgerda/guppy_SUP
# Date:            Sun May 21 17:29:52 2023
# [ok]
