#                                                                                             --- full sequence --- -------------- this domain -------------   hmm coord   ali coord   env coord
# target name                         accession   tlen query name           accession   qlen   E-value  score  bias   #  of  c-Evalue  i-Evalue  score  bias  from    to  from    to  from    to  acc description of target
#                 ------------------- ---------- ----- -------------------- ---------- ----- --------- ------ ----- --- --- --------- --------- ------ ----- ----- ----- ----- ----- ----- ----- ---- ---------------------
NW_025965188.1_RagTag:427998-428411   -            138 13698at314147        -            667   1.9e-07   25.8   0.1   1   1   2.1e-09   3.7e-07   24.9   0.1   483   595    19   138     9   138 0.80 -
NW_025965182.1_RagTag:1127015-1127179 -             55 13698at314147        -            667   6.9e-07   24.0   0.0   1   1     4e-09   6.9e-07   24.0   0.0   568   609     3    44     1    54 0.86 -
NW_025965344.1_RagTag:40631-35279     -            181 13698at314147        -            667   5.5e-06   21.0   0.0   1   1   5.7e-08   9.9e-06   20.2   0.0   527   630    30   130     9   137 0.83 -
NW_025965296.1_RagTag:679183-678884   -            100 13698at314147        -            667   0.00022   15.7   0.1   1   1   1.4e-06   0.00024   15.6   0.1   544   606    38    99    23   100 0.61 -
NW_025965163.1_RagTag:38535-29734     -            742 13698at314147        -            667    0.0016   12.8   0.1   1   1   1.5e-05    0.0027   12.1   0.1   552   616   470   534   456   543 0.90 -
NW_025965276.1_RagTag:371243-371716   -            158 13698at314147        -            667    0.0053   11.1   0.1   1   1   3.7e-05    0.0065   10.9   0.1   555   660    24   125    11   131 0.72 -
NW_025965352.1_RagTag:102445-103867   -            274 13698at314147        -            667    0.0069   10.8   0.0   1   1   5.4e-05    0.0094   10.3   0.0   558   607     7    56     2    67 0.90 -
NW_025965287.1_RagTag:1503606-1508138 -            432 13698at314147        -            667    0.0091   10.4   0.6   1   2      0.28        49   -1.9   0.0   618   646   320   348   309   354 0.79 -
NW_025965287.1_RagTag:1503606-1508138 -            432 13698at314147        -            667    0.0091   10.4   0.6   2   2   0.00015     0.026    8.9   0.3   553   603   358   408   350   420 0.92 -
#
# Program:         hmmsearch
# Version:         3.1b2 (February 2015)
# Pipeline mode:   SEARCH
# Query file:      /home/bgerda/guppy_SUP/busco_downloads/lineages/glires_odb10/hmms/13698at314147.hmm
# Target file:     /home/bgerda/guppy_SUP/busco_results_racon/run_glires_odb10/metaeuk_output/rerun_results/ragtag.scaffold.fasta.modified.fas
# Option settings: hmmsearch --domtblout /home/bgerda/guppy_SUP/busco_results_racon/run_glires_odb10/hmmer_output/rerun_results/13698at314147.out --cpu 1 /home/bgerda/guppy_SUP/busco_downloads/lineages/glires_odb10/hmms/13698at314147.hmm /home/bgerda/guppy_SUP/busco_results_racon/run_glires_odb10/metaeuk_output/rerun_results/ragtag.scaffold.fasta.modified.fas 
# Current dir:     /home/bgerda/guppy_SUP
# Date:            Sun May 21 17:30:02 2023
# [ok]
