#                                                                                             --- full sequence --- -------------- this domain -------------   hmm coord   ali coord   env coord
# target name                         accession   tlen query name           accession   qlen   E-value  score  bias   #  of  c-Evalue  i-Evalue  score  bias  from    to  from    to  from    to  acc description of target
#                 ------------------- ---------- ----- -------------------- ---------- ----- --------- ------ ----- --- --- --------- --------- ------ ----- ----- ----- ----- ----- ----- ----- ---- ---------------------
NW_025965301.1_RagTag:529721-528217   -            499 13958at314147        -            383   5.9e-06   21.6   3.6   1   1     4e-08   9.2e-06   21.0   3.6    63   207    37   187    12   202 0.81 -
NW_025965319.1_RagTag:936680-934538   -            651 13958at314147        -            383   1.3e-05   20.5   0.3   1   1     8e-08   1.9e-05   20.0   0.3    75   208   151   288   120   331 0.72 -
NW_025965287.1_RagTag:800819-799737   -            361 13958at314147        -            383   5.8e-05   18.3   1.6   1   3    0.0039       0.9    4.5   2.1    82   137   147   206    98   214 0.74 -
NW_025965287.1_RagTag:800819-799737   -            361 13958at314147        -            383   5.8e-05   18.3   1.6   2   3   0.00017     0.039    9.0   6.4    82   207   147   276   124   277 0.82 -
NW_025965287.1_RagTag:800819-799737   -            361 13958at314147        -            383   5.8e-05   18.3   1.6   3   3   2.5e-07   5.8e-05   18.3   1.6    81   198   218   342   210   353 0.78 -
NW_025965323.1_RagTag:2422612-2422334 -             93 13958at314147        -            383   0.00018   16.7   0.1   1   1   8.5e-07    0.0002   16.6   0.1   152   209    11    66     2    82 0.79 -
NW_025965028.1_RagTag:53393-54202     -            270 13958at314147        -            383   0.00088   14.4  16.1   1   2   0.00036     0.083    7.9   5.5   121   185    62   125    41   131 0.81 -
NW_025965028.1_RagTag:53393-54202     -            270 13958at314147        -            383   0.00088   14.4  16.1   2   2   1.9e-05    0.0045   12.1   2.7   122   206   132   213   128   233 0.75 -
NW_025965304.1_RagTag:298541-234380   -            569 13958at314147        -            383    0.0071   11.5  12.3   1   3   0.00011     0.026    9.6   0.9   104   173    66   118    17   191 0.68 -
NW_025965304.1_RagTag:298541-234380   -            569 13958at314147        -            383    0.0071   11.5  12.3   2   3     0.002      0.45    5.5   2.0    82   206   314   443   292   446 0.66 -
NW_025965304.1_RagTag:298541-234380   -            569 13958at314147        -            383    0.0071   11.5  12.3   3   3    0.0098       2.3    3.2   0.5   148   207   435   492   427   507 0.75 -
#
# Program:         hmmsearch
# Version:         3.1b2 (February 2015)
# Pipeline mode:   SEARCH
# Query file:      /home/bgerda/guppy_SUP/busco_downloads/lineages/glires_odb10/hmms/13958at314147.hmm
# Target file:     /home/bgerda/guppy_SUP/busco_results_racon/run_glires_odb10/metaeuk_output/rerun_results/ragtag.scaffold.fasta.modified.fas
# Option settings: hmmsearch --domtblout /home/bgerda/guppy_SUP/busco_results_racon/run_glires_odb10/hmmer_output/rerun_results/13958at314147.out --cpu 1 /home/bgerda/guppy_SUP/busco_downloads/lineages/glires_odb10/hmms/13958at314147.hmm /home/bgerda/guppy_SUP/busco_results_racon/run_glires_odb10/metaeuk_output/rerun_results/ragtag.scaffold.fasta.modified.fas 
# Current dir:     /home/bgerda/guppy_SUP
# Date:            Sun May 21 17:29:52 2023
# [ok]
