#                                                                                             --- full sequence --- -------------- this domain -------------   hmm coord   ali coord   env coord
# target name                         accession   tlen query name           accession   qlen   E-value  score  bias   #  of  c-Evalue  i-Evalue  score  bias  from    to  from    to  from    to  acc description of target
#                 ------------------- ---------- ----- -------------------- ---------- ----- --------- ------ ----- --- --- --------- --------- ------ ----- ----- ----- ----- ----- ----- ----- ---- ---------------------
NW_025965287.1_RagTag:1440279-1439407 -            289 14274at314147        -            448   1.9e-28   95.8   0.9   1   2   1.7e-20   4.8e-18   61.5   0.1   210   366    16   161     6   161 0.91 -
NW_025965287.1_RagTag:1440279-1439407 -            289 14274at314147        -            448   1.9e-28   95.8   0.9   2   2   4.6e-14   1.3e-11   40.3   0.1   268   367   148   250   143   283 0.84 -
contig_13085_pilon:864-71             -            219 14274at314147        -            448   5.6e-14   48.1   0.2   1   2   8.3e-14   2.3e-11   39.5   0.0   260   365    40   143    30   150 0.90 -
contig_13085_pilon:864-71             -            219 14274at314147        -            448   5.6e-14   48.1   0.2   2   2   0.00091      0.25    6.4   0.0   211   237   156   182   150   208 0.82 -
NW_025965155.1_RagTag:64307-63339     -            323 14274at314147        -            448   1.9e-07   26.6   0.1   1   3    0.0018      0.51    5.4   0.0   209   316    22   126    16   148 0.72 -
NW_025965155.1_RagTag:64307-63339     -            323 14274at314147        -            448   1.9e-07   26.6   0.1   2   3   6.3e-07   0.00018   16.8   0.2   251   325   145   219   110   224 0.75 -
NW_025965155.1_RagTag:64307-63339     -            323 14274at314147        -            448   1.9e-07   26.6   0.1   3   3    0.0023      0.64    5.1   0.0   213   279   200   264   189   297 0.76 -
NW_025965310.1_RagTag:472250-484579   -            307 14274at314147        -            448   1.8e-05   20.1   0.2   1   2   2.9e-06   0.00081   14.6   0.0   318   366    99   147    82   158 0.87 -
NW_025965310.1_RagTag:472250-484579   -            307 14274at314147        -            448   1.8e-05   20.1   0.2   2   2    0.0071         2    3.5   0.1   211   376   226   256   212   297 0.53 -
NW_025965114.1_RagTag:27851-27678     -             58 14274at314147        -            448     0.015   10.4   0.0   1   1   5.6e-05     0.016   10.4   0.0   416   448    11    43     4    54 0.54 -
#
# Program:         hmmsearch
# Version:         3.1b2 (February 2015)
# Pipeline mode:   SEARCH
# Query file:      /home/bgerda/guppy_SUP/busco_downloads/lineages/glires_odb10/hmms/14274at314147.hmm
# Target file:     /home/bgerda/guppy_SUP/busco_results_racon/run_glires_odb10/metaeuk_output/rerun_results/ragtag.scaffold.fasta.modified.fas
# Option settings: hmmsearch --domtblout /home/bgerda/guppy_SUP/busco_results_racon/run_glires_odb10/hmmer_output/rerun_results/14274at314147.out --cpu 1 /home/bgerda/guppy_SUP/busco_downloads/lineages/glires_odb10/hmms/14274at314147.hmm /home/bgerda/guppy_SUP/busco_results_racon/run_glires_odb10/metaeuk_output/rerun_results/ragtag.scaffold.fasta.modified.fas 
# Current dir:     /home/bgerda/guppy_SUP
# Date:            Sun May 21 17:29:52 2023
# [ok]
