#                                                                                             --- full sequence --- -------------- this domain -------------   hmm coord   ali coord   env coord
# target name                         accession   tlen query name           accession   qlen   E-value  score  bias   #  of  c-Evalue  i-Evalue  score  bias  from    to  from    to  from    to  acc description of target
#                 ------------------- ---------- ----- -------------------- ---------- ----- --------- ------ ----- --- --- --------- --------- ------ ----- ----- ----- ----- ----- ----- ----- ---- ---------------------
NW_025965225.1_RagTag:584155-583874   -             94 14374at314147        -            461   4.5e-09   32.0   6.6   1   1     3e-11   5.1e-09   31.8   6.6    53   136     4    88     1    92 0.88 -
NW_025965075.1_RagTag:65339-58346     -            349 14374at314147        -            461   1.7e-06   23.5   6.3   1   1   1.4e-08   2.4e-06   23.0   6.3    47   162    44   156    27   169 0.77 -
contig_4568_pilon:1304-1546           -             81 14374at314147        -            461   4.2e-06   22.2   0.5   1   1   2.4e-08   4.2e-06   22.2   0.5    53   113     2    63     1    79 0.75 -
NW_025965314.1_RagTag:573146-572487   -            220 14374at314147        -            461   5.4e-05   18.5   1.1   1   1   4.4e-07   7.6e-05   18.0   1.1    52   100    17    65     9   105 0.78 -
NW_025965319.1_RagTag:4123940-4123488 -            151 14374at314147        -            461    0.0001   17.6   0.4   1   1     7e-07   0.00012   17.3   0.4    52    94    43    86    27   107 0.82 -
NW_025965309.1_RagTag:3290555-3290193 -            121 14374at314147        -            461   0.00028   16.2   1.2   1   1   2.3e-06   0.00039   15.7   1.2    53    91    62   106    56   118 0.77 -
NW_025965322.1_RagTag:1227246-1228055 -            270 14374at314147        -            461    0.0011   14.2   0.9   1   1   1.1e-05    0.0019   13.4   0.3    49    86     5    42     2    46 0.87 -
NW_025965245.1_RagTag:400173-400936   -            124 14374at314147        -            461    0.0013   13.9   1.5   1   2   7.6e-06    0.0013   13.9   1.5    47    80     3    36     1    51 0.86 -
NW_025965245.1_RagTag:400173-400936   -            124 14374at314147        -            461    0.0013   13.9   1.5   2   2     0.058        10    1.1   5.2   123   191    33   105    32   121 0.61 -
#
# Program:         hmmsearch
# Version:         3.1b2 (February 2015)
# Pipeline mode:   SEARCH
# Query file:      /home/bgerda/guppy_SUP/busco_downloads/lineages/glires_odb10/hmms/14374at314147.hmm
# Target file:     /home/bgerda/guppy_SUP/busco_results_racon/run_glires_odb10/metaeuk_output/rerun_results/ragtag.scaffold.fasta.modified.fas
# Option settings: hmmsearch --domtblout /home/bgerda/guppy_SUP/busco_results_racon/run_glires_odb10/hmmer_output/rerun_results/14374at314147.out --cpu 1 /home/bgerda/guppy_SUP/busco_downloads/lineages/glires_odb10/hmms/14374at314147.hmm /home/bgerda/guppy_SUP/busco_results_racon/run_glires_odb10/metaeuk_output/rerun_results/ragtag.scaffold.fasta.modified.fas 
# Current dir:     /home/bgerda/guppy_SUP
# Date:            Sun May 21 17:29:56 2023
# [ok]
