#                                                                                             --- full sequence --- -------------- this domain -------------   hmm coord   ali coord   env coord
# target name                         accession   tlen query name           accession   qlen   E-value  score  bias   #  of  c-Evalue  i-Evalue  score  bias  from    to  from    to  from    to  acc description of target
#                 ------------------- ---------- ----- -------------------- ---------- ----- --------- ------ ----- --- --- --------- --------- ------ ----- ----- ----- ----- ----- ----- ----- ---- ---------------------
NW_025965324.1_RagTag:3129234-3106873 -            664 14511at314147        -            701   1.6e-10   36.2   1.2   1   5      0.03        10    0.5   0.0   287   353    14    88     9    97 0.68 -
NW_025965324.1_RagTag:3129234-3106873 -            664 14511at314147        -            701   1.6e-10   36.2   1.2   2   5    0.0016      0.56    4.7   0.0   200   260   164   224   145   233 0.80 -
NW_025965324.1_RagTag:3129234-3106873 -            664 14511at314147        -            701   1.6e-10   36.2   1.2   3   5   1.1e-07   3.9e-05   18.4   0.0   188   266   296   372   268   388 0.86 -
NW_025965324.1_RagTag:3129234-3106873 -            664 14511at314147        -            701   1.6e-10   36.2   1.2   4   5      0.01       3.6    2.0   0.0   203   262   394   453   376   470 0.70 -
NW_025965324.1_RagTag:3129234-3106873 -            664 14511at314147        -            701   1.6e-10   36.2   1.2   5   5     0.003       1.1    3.8   0.0   204   272   482   550   468   567 0.79 -
NW_025965324.1_RagTag:3109520-3108461 -            208 14511at314147        -            701    0.0006   14.5   0.0   1   1   2.1e-06   0.00074   14.2   0.0   463   581    19   145     5   152 0.72 -
NW_025965321.1_RagTag:2887611-2888586 -            324 14511at314147        -            701   0.00095   13.8   0.9   1   2   2.9e-06     0.001   13.8   0.1   290   359   143   221   120   232 0.77 -
NW_025965321.1_RagTag:2887611-2888586 -            324 14511at314147        -            701   0.00095   13.8   0.9   2   2      0.67   2.3e+02   -4.0   0.1   242   274   270   304   263   308 0.55 -
contig_60519_pilon:1109-2219          -            175 14511at314147        -            701    0.0052   11.4   0.0   1   1   1.9e-05    0.0067   11.0   0.0   185   248   105   171    89   173 0.67 -
#
# Program:         hmmsearch
# Version:         3.1b2 (February 2015)
# Pipeline mode:   SEARCH
# Query file:      /home/bgerda/guppy_SUP/busco_downloads/lineages/glires_odb10/hmms/14511at314147.hmm
# Target file:     /home/bgerda/guppy_SUP/busco_results_racon/run_glires_odb10/metaeuk_output/rerun_results/ragtag.scaffold.fasta.modified.fas
# Option settings: hmmsearch --domtblout /home/bgerda/guppy_SUP/busco_results_racon/run_glires_odb10/hmmer_output/rerun_results/14511at314147.out --cpu 1 /home/bgerda/guppy_SUP/busco_downloads/lineages/glires_odb10/hmms/14511at314147.hmm /home/bgerda/guppy_SUP/busco_results_racon/run_glires_odb10/metaeuk_output/rerun_results/ragtag.scaffold.fasta.modified.fas 
# Current dir:     /home/bgerda/guppy_SUP
# Date:            Sun May 21 17:29:47 2023
# [ok]
