#                                                                                             --- full sequence --- -------------- this domain -------------   hmm coord   ali coord   env coord
# target name                         accession   tlen query name           accession   qlen   E-value  score  bias   #  of  c-Evalue  i-Evalue  score  bias  from    to  from    to  from    to  acc description of target
#                 ------------------- ---------- ----- -------------------- ---------- ----- --------- ------ ----- --- --- --------- --------- ------ ----- ----- ----- ----- ----- ----- ----- ---- ---------------------
NW_025965307.1_RagTag:2154358-2153394 -            111 14914at314147        -            443   1.4e-09   33.6   0.0   1   2   3.7e-07   6.5e-05   18.3   0.0   126   192     7    70     3    73 0.83 -
NW_025965307.1_RagTag:2154358-2153394 -            111 14914at314147        -            443   1.4e-09   33.6   0.0   2   2   6.4e-06    0.0011   14.2   0.0    75   109    73   107    68   110 0.93 -
NW_025965307.1_RagTag:2156341-2156120 -             74 14914at314147        -            443   4.2e-09   32.1   0.0   1   1   2.6e-11   4.5e-09   32.0   0.0    52   111     2    61     1    70 0.89 -
NW_025965084.1_RagTag:72900-76101     -            117 14914at314147        -            443   5.3e-07   25.2   0.3   1   1     4e-09     7e-07   24.8   0.3    54   109    61   116    21   117 0.77 -
NW_025965289.1_RagTag:384764-385030   -             89 14914at314147        -            443     1e-06   24.3   0.1   1   1   6.1e-09   1.1e-06   24.2   0.1    57   117     1    60     1    77 0.89 -
NW_025965306.1_RagTag:228991-228791   -             67 14914at314147        -            443   0.00065   15.0   0.0   1   1     4e-06   0.00069   14.9   0.0    51   111     3    62     1    65 0.88 -
NW_025965057.1_RagTag:24013-25424     -            122 14914at314147        -            443    0.0084   11.3   0.0   1   1   5.9e-05      0.01   11.0   0.0   248   295    47    95    40   103 0.82 -
NW_025965324.1_RagTag:2504338-2484670 -            376 14914at314147        -            443      0.01   11.0   6.2   1   2     0.011       1.9    3.6   0.9   246   281     1    36     1    41 0.89 -
NW_025965324.1_RagTag:2504338-2484670 -            376 14914at314147        -            443      0.01   11.0   6.2   2   2   0.00014     0.024    9.8   1.6   245   280    38    73    35   100 0.93 -
NW_025965259.1_RagTag:104497-103485   -            229 14914at314147        -            443      0.23    6.6   9.0   1   3    0.0033      0.57    5.3   0.0    49   103     5    58     2    72 0.74 -
NW_025965259.1_RagTag:104497-103485   -            229 14914at314147        -            443      0.23    6.6   9.0   2   3     0.021       3.7    2.6   1.5   240   281    74   115    59   118 0.86 -
NW_025965259.1_RagTag:104497-103485   -            229 14914at314147        -            443      0.23    6.6   9.0   3   3     0.019       3.3    2.8   0.2   245   281   122   164   116   174 0.82 -
#
# Program:         hmmsearch
# Version:         3.1b2 (February 2015)
# Pipeline mode:   SEARCH
# Query file:      /home/bgerda/guppy_SUP/busco_downloads/lineages/glires_odb10/hmms/14914at314147.hmm
# Target file:     /home/bgerda/guppy_SUP/busco_results_racon/run_glires_odb10/metaeuk_output/rerun_results/ragtag.scaffold.fasta.modified.fas
# Option settings: hmmsearch --domtblout /home/bgerda/guppy_SUP/busco_results_racon/run_glires_odb10/hmmer_output/rerun_results/14914at314147.out --cpu 1 /home/bgerda/guppy_SUP/busco_downloads/lineages/glires_odb10/hmms/14914at314147.hmm /home/bgerda/guppy_SUP/busco_results_racon/run_glires_odb10/metaeuk_output/rerun_results/ragtag.scaffold.fasta.modified.fas 
# Current dir:     /home/bgerda/guppy_SUP
# Date:            Sun May 21 17:29:56 2023
# [ok]
