#                                                                                             --- full sequence --- -------------- this domain -------------   hmm coord   ali coord   env coord
# target name                         accession   tlen query name           accession   qlen   E-value  score  bias   #  of  c-Evalue  i-Evalue  score  bias  from    to  from    to  from    to  acc description of target
#                 ------------------- ---------- ----- -------------------- ---------- ----- --------- ------ ----- --- --- --------- --------- ------ ----- ----- ----- ----- ----- ----- ----- ---- ---------------------
NW_025965287.1_RagTag:1440279-1439407 -            289 15416at314147        -            429   2.7e-11   39.3   6.4   1   3   3.2e-08   8.8e-06   21.1   0.6   268   348    46   126    23   130 0.76 -
NW_025965287.1_RagTag:1440279-1439407 -            289 15416at314147        -            429   2.7e-11   39.3   6.4   2   3   2.9e-07     8e-05   18.0   0.0   225   340   127   248   122   250 0.81 -
NW_025965287.1_RagTag:1440279-1439407 -            289 15416at314147        -            429   2.7e-11   39.3   6.4   3   3     8e-05     0.022    9.9   0.3   229   292   219   281   210   287 0.84 -
contig_13085_pilon:864-71             -            219 15416at314147        -            429     1e-06   24.2   0.1   1   2   3.6e-08   9.9e-06   21.0   0.0   234   301    78   144    68   174 0.83 -
contig_13085_pilon:864-71             -            219 15416at314147        -            429     1e-06   24.2   0.1   2   2     0.051        14    0.7   0.0   160   189   156   185   147   195 0.80 -
NW_025965310.1_RagTag:472250-484579   -            307 15416at314147        -            429   0.00055   15.2   0.7   1   2   3.3e-05    0.0092   11.2   0.1   255   346   101   201    90   211 0.71 -
NW_025965310.1_RagTag:472250-484579   -            307 15416at314147        -            429   0.00055   15.2   0.7   2   2     0.019       5.3    2.1   0.1   157   205   223   272   210   289 0.58 -
NW_025965114.1_RagTag:27851-27678     -             58 15416at314147        -            429    0.0038   12.4   0.1   1   1   1.5e-05    0.0042   12.3   0.1   265   308     4    47     2    56 0.84 -
NW_025965321.1_RagTag:2930434-2928056 -            522 15416at314147        -            429     0.014   10.6   0.1   1   1   0.00013     0.035    9.3   0.1   228   344   180   303   170   314 0.78 -
#
# Program:         hmmsearch
# Version:         3.1b2 (February 2015)
# Pipeline mode:   SEARCH
# Query file:      /home/bgerda/guppy_SUP/busco_downloads/lineages/glires_odb10/hmms/15416at314147.hmm
# Target file:     /home/bgerda/guppy_SUP/busco_results_racon/run_glires_odb10/metaeuk_output/rerun_results/ragtag.scaffold.fasta.modified.fas
# Option settings: hmmsearch --domtblout /home/bgerda/guppy_SUP/busco_results_racon/run_glires_odb10/hmmer_output/rerun_results/15416at314147.out --cpu 1 /home/bgerda/guppy_SUP/busco_downloads/lineages/glires_odb10/hmms/15416at314147.hmm /home/bgerda/guppy_SUP/busco_results_racon/run_glires_odb10/metaeuk_output/rerun_results/ragtag.scaffold.fasta.modified.fas 
# Current dir:     /home/bgerda/guppy_SUP
# Date:            Sun May 21 17:29:56 2023
# [ok]
