#                                                                                             --- full sequence --- -------------- this domain -------------   hmm coord   ali coord   env coord
# target name                         accession   tlen query name           accession   qlen   E-value  score  bias   #  of  c-Evalue  i-Evalue  score  bias  from    to  from    to  from    to  acc description of target
#                 ------------------- ---------- ----- -------------------- ---------- ----- --------- ------ ----- --- --- --------- --------- ------ ----- ----- ----- ----- ----- ----- ----- ---- ---------------------
NW_025965287.1_RagTag:1440279-1439407 -            289 16165at314147        -            400   4.7e-11   38.3   4.9   1   2   5.3e-09   1.9e-06   23.2   0.3   210   328    15   127    11   136 0.89 -
NW_025965287.1_RagTag:1440279-1439407 -            289 16165at314147        -            400   4.7e-11   38.3   4.9   2   2     4e-07   0.00014   17.0   0.7   206   356   135   282   128   285 0.84 -
NW_025965310.1_RagTag:472250-484579   -            307 16165at314147        -            400   3.9e-06   22.1   0.3   1   2   1.5e-05    0.0051   11.9   0.0   222   329    95   205    83   234 0.77 -
NW_025965310.1_RagTag:472250-484579   -            307 16165at314147        -            400   3.9e-06   22.1   0.3   2   2   3.4e-05     0.012   10.7   0.1   270   332   191   259   188   271 0.66 -
NW_025965155.1_RagTag:64307-63339     -            323 16165at314147        -            400    0.0001   17.4   0.1   1   3    0.0074       2.6    3.0   0.0   208   316    20   130     7   148 0.69 -
NW_025965155.1_RagTag:64307-63339     -            323 16165at314147        -            400    0.0001   17.4   0.1   2   3     0.063        22   -0.1   0.0   308   327   163   182   132   189 0.70 -
NW_025965155.1_RagTag:64307-63339     -            323 16165at314147        -            400    0.0001   17.4   0.1   3   3   2.6e-05    0.0092   11.0   0.1   211   318   197   312   156   320 0.65 -
contig_13085_pilon:864-71             -            219 16165at314147        -            400   0.00033   15.8   0.3   1   2   2.3e-05     0.008   11.2   0.1   211   313    40   137    21   145 0.50 -
contig_13085_pilon:864-71             -            219 16165at314147        -            400   0.00033   15.8   0.3   2   2     0.029        10    1.0   0.0    69   115   157   199   147   219 0.60 -
#
# Program:         hmmsearch
# Version:         3.1b2 (February 2015)
# Pipeline mode:   SEARCH
# Query file:      /home/bgerda/guppy_SUP/busco_downloads/lineages/glires_odb10/hmms/16165at314147.hmm
# Target file:     /home/bgerda/guppy_SUP/busco_results_racon/run_glires_odb10/metaeuk_output/rerun_results/ragtag.scaffold.fasta.modified.fas
# Option settings: hmmsearch --domtblout /home/bgerda/guppy_SUP/busco_results_racon/run_glires_odb10/hmmer_output/rerun_results/16165at314147.out --cpu 1 /home/bgerda/guppy_SUP/busco_downloads/lineages/glires_odb10/hmms/16165at314147.hmm /home/bgerda/guppy_SUP/busco_results_racon/run_glires_odb10/metaeuk_output/rerun_results/ragtag.scaffold.fasta.modified.fas 
# Current dir:     /home/bgerda/guppy_SUP
# Date:            Sun May 21 17:29:51 2023
# [ok]
