#                                                                                             --- full sequence --- -------------- this domain -------------   hmm coord   ali coord   env coord
# target name                         accession   tlen query name           accession   qlen   E-value  score  bias   #  of  c-Evalue  i-Evalue  score  bias  from    to  from    to  from    to  acc description of target
#                 ------------------- ---------- ----- -------------------- ---------- ----- --------- ------ ----- --- --- --------- --------- ------ ----- ----- ----- ----- ----- ----- ----- ---- ---------------------
NW_025965287.1_RagTag:1440279-1439407 -            289 16446at314147        -            461     5e-19   64.6   3.4   1   5   2.8e-05    0.0097   10.9   0.0    66    92    16    42     6    46 0.86 -
NW_025965287.1_RagTag:1440279-1439407 -            289 16446at314147        -            461     5e-19   64.6   3.4   2   5   2.2e-09   7.7e-07   24.4   0.3   117   192    46   119    40   126 0.78 -
NW_025965287.1_RagTag:1440279-1439407 -            289 16446at314147        -            461     5e-19   64.6   3.4   3   5   1.3e-06   0.00044   15.4   0.0   126   194    95   163    86   166 0.86 -
NW_025965287.1_RagTag:1440279-1439407 -            289 16446at314147        -            461     5e-19   64.6   3.4   4   5   3.8e-09   1.3e-06   23.7   0.0   116   197   127   209   123   215 0.89 -
NW_025965287.1_RagTag:1440279-1439407 -            289 16446at314147        -            461     5e-19   64.6   3.4   5   5   3.2e-05     0.011   10.7   0.0   130   168   184   222   171   262 0.75 -
contig_13085_pilon:864-71             -            219 16446at314147        -            461   2.5e-11   39.2   0.6   1   3   0.00019     0.066    8.2   0.0    66    94    40    68    28    71 0.89 -
contig_13085_pilon:864-71             -            219 16446at314147        -            461   2.5e-11   39.2   0.6   2   3   7.7e-10   2.7e-07   25.9   0.0   118   192    71   144    68   150 0.90 -
contig_13085_pilon:864-71             -            219 16446at314147        -            461   2.5e-11   39.2   0.6   3   3    0.0089       3.1    2.7   0.0   132   162   158   188   152   213 0.78 -
NW_025965155.1_RagTag:64307-63339     -            323 16446at314147        -            461   0.00067   14.8   0.4   1   3    0.0089       3.1    2.7   0.0    61    97    18    54    10    64 0.79 -
NW_025965155.1_RagTag:64307-63339     -            323 16446at314147        -            461   0.00067   14.8   0.4   2   3   0.00014     0.049    8.6   0.1   132   195   157   221   140   229 0.86 -
NW_025965155.1_RagTag:64307-63339     -            323 16446at314147        -            461   0.00067   14.8   0.4   3   3      0.15        51   -1.4   0.0    62    90   289   317   239   320 0.67 -
NW_025965114.1_RagTag:27851-27678     -             58 16446at314147        -            461     0.005   11.9   0.0   1   1   1.5e-05    0.0052   11.8   0.0   119   154     9    44     4    53 0.68 -
#
# Program:         hmmsearch
# Version:         3.1b2 (February 2015)
# Pipeline mode:   SEARCH
# Query file:      /home/bgerda/guppy_SUP/busco_downloads/lineages/glires_odb10/hmms/16446at314147.hmm
# Target file:     /home/bgerda/guppy_SUP/busco_results_racon/run_glires_odb10/metaeuk_output/rerun_results/ragtag.scaffold.fasta.modified.fas
# Option settings: hmmsearch --domtblout /home/bgerda/guppy_SUP/busco_results_racon/run_glires_odb10/hmmer_output/rerun_results/16446at314147.out --cpu 1 /home/bgerda/guppy_SUP/busco_downloads/lineages/glires_odb10/hmms/16446at314147.hmm /home/bgerda/guppy_SUP/busco_results_racon/run_glires_odb10/metaeuk_output/rerun_results/ragtag.scaffold.fasta.modified.fas 
# Current dir:     /home/bgerda/guppy_SUP
# Date:            Sun May 21 17:29:57 2023
# [ok]
