#                                                                                             --- full sequence --- -------------- this domain -------------   hmm coord   ali coord   env coord
# target name                         accession   tlen query name           accession   qlen   E-value  score  bias   #  of  c-Evalue  i-Evalue  score  bias  from    to  from    to  from    to  acc description of target
#                 ------------------- ---------- ----- -------------------- ---------- ----- --------- ------ ----- --- --- --------- --------- ------ ----- ----- ----- ----- ----- ----- ----- ---- ---------------------
NW_025965008.1_RagTag:43569-43099     -            157 16741at314147        -            409   8.4e-09   31.2   0.9   1   2      0.15        31   -0.3   0.3   324   366    19    60     3    76 0.61 -
NW_025965008.1_RagTag:43569-43099     -            157 16741at314147        -            409   8.4e-09   31.2   0.9   2   2   8.4e-11   1.7e-08   30.2   0.1   295   375    74   151    60   157 0.83 -
NW_025965291.1_RagTag:412845-412510   -            112 16741at314147        -            409   1.8e-06   23.5   0.7   1   1     1e-08   2.1e-06   23.3   0.7   291   374    20   101     4   108 0.81 -
NW_025965227.1_RagTag:1166932-1167426 -            165 16741at314147        -            409   5.1e-05   18.8   1.7   1   2      0.38        76   -1.6   0.1   346   363    42    59     8    66 0.60 -
NW_025965227.1_RagTag:1166932-1167426 -            165 16741at314147        -            409   5.1e-05   18.8   1.7   2   2     3e-07   5.9e-05   18.6   0.3   295   374    76   154    64   161 0.81 -
contig_67574_pilon:1299-1111          -             63 16741at314147        -            409   5.7e-05   18.6   0.0   1   1     3e-07     6e-05   18.5   0.0   324   374     3    53     1    60 0.91 -
contig_2414_pilon:39-507              -            153 16741at314147        -            409   0.00015   17.2   5.0   1   1   2.1e-06   0.00042   15.7   5.0   294   374    67   142    14   149 0.70 -
NW_025965240.1_RagTag:115165-114845   -            107 16741at314147        -            409   0.00045   15.6   0.0   1   1   2.8e-06   0.00057   15.3   0.0    17    50    42    73    33    78 0.78 -
NW_025965209.1_RagTag:258206-258526   -            107 16741at314147        -            409     0.027    9.8   1.9   1   2      0.22        45   -0.8   0.1   251   290    16    55     7    68 0.49 -
NW_025965209.1_RagTag:258206-258526   -            107 16741at314147        -            409     0.027    9.8   1.9   2   2   0.00014     0.027    9.8   0.3    13    50    72   107    66   107 0.83 -
#
# Program:         hmmsearch
# Version:         3.1b2 (February 2015)
# Pipeline mode:   SEARCH
# Query file:      /home/bgerda/guppy_SUP/busco_downloads/lineages/glires_odb10/hmms/16741at314147.hmm
# Target file:     /home/bgerda/guppy_SUP/busco_results_racon/run_glires_odb10/metaeuk_output/rerun_results/ragtag.scaffold.fasta.modified.fas
# Option settings: hmmsearch --domtblout /home/bgerda/guppy_SUP/busco_results_racon/run_glires_odb10/hmmer_output/rerun_results/16741at314147.out --cpu 1 /home/bgerda/guppy_SUP/busco_downloads/lineages/glires_odb10/hmms/16741at314147.hmm /home/bgerda/guppy_SUP/busco_results_racon/run_glires_odb10/metaeuk_output/rerun_results/ragtag.scaffold.fasta.modified.fas 
# Current dir:     /home/bgerda/guppy_SUP
# Date:            Sun May 21 17:30:00 2023
# [ok]
