#                                                                                             --- full sequence --- -------------- this domain -------------   hmm coord   ali coord   env coord
# target name                         accession   tlen query name           accession   qlen   E-value  score  bias   #  of  c-Evalue  i-Evalue  score  bias  from    to  from    to  from    to  acc description of target
#                 ------------------- ---------- ----- -------------------- ---------- ----- --------- ------ ----- --- --- --------- --------- ------ ----- ----- ----- ----- ----- ----- ----- ---- ---------------------
NW_025965188.1_RagTag:427998-428411   -            138 17503at314147        -            425   8.3e-12   41.1   0.0   1   1     6e-14   9.3e-12   40.9   0.0    54   160    21   136     3   138 0.86 -
NW_025965344.1_RagTag:40631-35279     -            181 17503at314147        -            425   8.7e-09   31.1   0.0   1   1   6.5e-11     1e-08   30.9   0.0    50   170    56   167    27   180 0.84 -
NW_025965352.1_RagTag:102445-103867   -            274 17503at314147        -            425   6.2e-07   25.0   0.0   1   1   5.6e-09   8.6e-07   24.6   0.0   124   178     6    60     3    82 0.92 -
NW_025965276.1_RagTag:371243-371716   -            158 17503at314147        -            425   5.7e-06   21.9   0.2   1   1   7.1e-08   1.1e-05   20.9   0.2    50   151    12   115     4   146 0.73 -
NW_025965296.1_RagTag:679183-678884   -            100 17503at314147        -            425   7.2e-06   21.5   0.3   1   1   7.5e-08   1.2e-05   20.8   0.3   103   171    29    97    24   100 0.83 -
NW_025965182.1_RagTag:1127015-1127179 -             55 17503at314147        -            425   9.1e-06   21.2   0.0   1   1     6e-08   9.3e-06   21.2   0.0   133   180     1    48     1    54 0.91 -
NW_025965163.1_RagTag:38535-29734     -            742 17503at314147        -            425   0.00044   15.6   0.1   1   1   4.1e-06   0.00064   15.1   0.1   111   179   460   530   445   544 0.86 -
NW_025965288.1_RagTag:99944-99699     -             82 17503at314147        -            425    0.0007   15.0   0.0   1   1   8.1e-06    0.0012   14.2   0.0   136   199     8    74     5    82 0.62 -
NW_025965287.1_RagTag:1503606-1508138 -            432 17503at314147        -            425     0.011   11.1   0.2   1   1    0.0001     0.016   10.5   0.2   134   181   372   418   319   428 0.85 -
#
# Program:         hmmsearch
# Version:         3.1b2 (February 2015)
# Pipeline mode:   SEARCH
# Query file:      /home/bgerda/guppy_SUP/busco_downloads/lineages/glires_odb10/hmms/17503at314147.hmm
# Target file:     /home/bgerda/guppy_SUP/busco_results_racon/run_glires_odb10/metaeuk_output/rerun_results/ragtag.scaffold.fasta.modified.fas
# Option settings: hmmsearch --domtblout /home/bgerda/guppy_SUP/busco_results_racon/run_glires_odb10/hmmer_output/rerun_results/17503at314147.out --cpu 1 /home/bgerda/guppy_SUP/busco_downloads/lineages/glires_odb10/hmms/17503at314147.hmm /home/bgerda/guppy_SUP/busco_results_racon/run_glires_odb10/metaeuk_output/rerun_results/ragtag.scaffold.fasta.modified.fas 
# Current dir:     /home/bgerda/guppy_SUP
# Date:            Sun May 21 17:29:51 2023
# [ok]
