#                                                                                             --- full sequence --- -------------- this domain -------------   hmm coord   ali coord   env coord
# target name                         accession   tlen query name           accession   qlen   E-value  score  bias   #  of  c-Evalue  i-Evalue  score  bias  from    to  from    to  from    to  acc description of target
#                 ------------------- ---------- ----- -------------------- ---------- ----- --------- ------ ----- --- --- --------- --------- ------ ----- ----- ----- ----- ----- ----- ----- ---- ---------------------
contig_4568_pilon:1304-1546           -             81 17591at314147        -            398   8.4e-12   40.9   1.5   1   1   5.6e-14   8.6e-12   40.9   1.5     9    66     2    61     1    75 0.83 -
NW_025965319.1_RagTag:4123940-4123488 -            151 17591at314147        -            398   5.1e-10   35.1   1.4   1   1   4.2e-12   6.5e-10   34.7   1.4     6    71    41   107    36   115 0.86 -
NW_025965322.1_RagTag:1227246-1228055 -            270 17591at314147        -            398   2.6e-05   19.6   1.4   1   1   2.3e-07   3.6e-05   19.1   1.0     6    69     6    85     4    97 0.63 -
NW_025965314.1_RagTag:573146-572487   -            220 17591at314147        -            398   8.7e-05   17.8   1.4   1   1   7.5e-07   0.00012   17.4   1.4     8    63    17    72    11    90 0.80 -
NW_025965075.1_RagTag:65339-58346     -            349 17591at314147        -            398   0.00014   17.1   3.3   1   1   1.4e-06   0.00022   16.5   3.3     7    71    48   112    44   133 0.82 -
NW_025965225.1_RagTag:584155-583874   -             94 17591at314147        -            398   0.00021   16.6   3.9   1   1   1.4e-06   0.00022   16.5   3.9     8    50     3    44     1    68 0.89 -
NW_025965309.1_RagTag:3290555-3290193 -            121 17591at314147        -            398    0.0043   12.3   1.5   1   1   3.3e-05    0.0051   12.0   1.5     9    54    62   112    57   119 0.64 -
NW_025965245.1_RagTag:400173-400936   -            124 17591at314147        -            398    0.0072   11.5   2.8   1   1   5.1e-05    0.0079   11.4   2.8     6    47     6    47     2    94 0.84 -
contig_83093_pilon:417-680            -             88 17591at314147        -            398      0.03    9.5   2.3   1   1   0.00024     0.036    9.2   2.3    21    51    53    81    34    85 0.73 -
#
# Program:         hmmsearch
# Version:         3.1b2 (February 2015)
# Pipeline mode:   SEARCH
# Query file:      /home/bgerda/guppy_SUP/busco_downloads/lineages/glires_odb10/hmms/17591at314147.hmm
# Target file:     /home/bgerda/guppy_SUP/busco_results_racon/run_glires_odb10/metaeuk_output/rerun_results/ragtag.scaffold.fasta.modified.fas
# Option settings: hmmsearch --domtblout /home/bgerda/guppy_SUP/busco_results_racon/run_glires_odb10/hmmer_output/rerun_results/17591at314147.out --cpu 1 /home/bgerda/guppy_SUP/busco_downloads/lineages/glires_odb10/hmms/17591at314147.hmm /home/bgerda/guppy_SUP/busco_results_racon/run_glires_odb10/metaeuk_output/rerun_results/ragtag.scaffold.fasta.modified.fas 
# Current dir:     /home/bgerda/guppy_SUP
# Date:            Sun May 21 17:30:05 2023
# [ok]
