#                                                                                             --- full sequence --- -------------- this domain -------------   hmm coord   ali coord   env coord
# target name                         accession   tlen query name           accession   qlen   E-value  score  bias   #  of  c-Evalue  i-Evalue  score  bias  from    to  from    to  from    to  acc description of target
#                 ------------------- ---------- ----- -------------------- ---------- ----- --------- ------ ----- --- --- --------- --------- ------ ----- ----- ----- ----- ----- ----- ----- ---- ---------------------
NW_025965188.1_RagTag:427998-428411   -            138 1789at314147         -           1363   2.4e-10   34.9   1.6   1   1   6.7e-12     1e-09   32.8   1.6   605   713    11   138     2   138 0.71 -
NW_025965344.1_RagTag:40631-35279     -            181 1789at314147         -           1363   6.9e-10   33.3   0.0   1   2   0.00026      0.04    7.6   0.0   627   666    40    79    26    86 0.73 -
NW_025965344.1_RagTag:40631-35279     -            181 1789at314147         -           1363   6.9e-10   33.3   0.0   2   2   3.3e-09   5.1e-07   23.8   0.0   610   687    87   166    79   178 0.83 -
NW_025965296.1_RagTag:679183-678884   -            100 1789at314147         -           1363   3.6e-08   27.7   0.1   1   1   2.6e-10   4.1e-08   27.5   0.1   626   689    29    97    26   100 0.87 -
NW_025965276.1_RagTag:371243-371716   -            158 1789at314147         -           1363   5.5e-05   17.1   0.0   1   1   4.5e-07     7e-05   16.8   0.0   703   770    11    79     2   115 0.83 -
NW_025965163.1_RagTag:38535-29734     -            742 1789at314147         -           1363   0.00011   16.1   0.0   1   1   1.1e-06   0.00017   15.5   0.0   601   664   460   525   409   531 0.83 -
NW_025965287.1_RagTag:1503606-1508138 -            432 1789at314147         -           1363   0.00025   14.9   0.6   1   1   2.3e-06   0.00035   14.4   0.6   579   663   325   411   320   421 0.80 -
NW_025965182.1_RagTag:1127015-1127179 -             55 1789at314147         -           1363   0.00028   14.8   0.0   1   1   1.8e-06   0.00028   14.8   0.0   624   665     2    43     1    55 0.58 -
NW_025965352.1_RagTag:102445-103867   -            274 1789at314147         -           1363   0.00039   14.3   0.0   1   1   3.2e-06   0.00049   14.0   0.0   673   726     4    57     1    74 0.59 -
NW_025965288.1_RagTag:99944-99699     -             82 1789at314147         -           1363    0.0018   12.1   0.0   1   1   1.3e-05     0.002   11.9   0.0   626   670     8    55     4    68 0.82 -
#
# Program:         hmmsearch
# Version:         3.1b2 (February 2015)
# Pipeline mode:   SEARCH
# Query file:      /home/bgerda/guppy_SUP/busco_downloads/lineages/glires_odb10/hmms/1789at314147.hmm
# Target file:     /home/bgerda/guppy_SUP/busco_results_racon/run_glires_odb10/metaeuk_output/rerun_results/ragtag.scaffold.fasta.modified.fas
# Option settings: hmmsearch --domtblout /home/bgerda/guppy_SUP/busco_results_racon/run_glires_odb10/hmmer_output/rerun_results/1789at314147.out --cpu 1 /home/bgerda/guppy_SUP/busco_downloads/lineages/glires_odb10/hmms/1789at314147.hmm /home/bgerda/guppy_SUP/busco_results_racon/run_glires_odb10/metaeuk_output/rerun_results/ragtag.scaffold.fasta.modified.fas 
# Current dir:     /home/bgerda/guppy_SUP
# Date:            Sun May 21 17:29:55 2023
# [ok]
