#                                                                                             --- full sequence --- -------------- this domain -------------   hmm coord   ali coord   env coord
# target name                         accession   tlen query name           accession   qlen   E-value  score  bias   #  of  c-Evalue  i-Evalue  score  bias  from    to  from    to  from    to  acc description of target
#                 ------------------- ---------- ----- -------------------- ---------- ----- --------- ------ ----- --- --- --------- --------- ------ ----- ----- ----- ----- ----- ----- ----- ---- ---------------------
NW_025965352.1_RagTag:102445-103867   -            274 1831at314147         -           1692   5.3e-12   40.2   0.1   1   1   3.7e-14   6.5e-12   40.0   0.1   216   273     3    60     1    72 0.92 -
NW_025965188.1_RagTag:427998-428411   -            138 1831at314147         -           1692   6.8e-11   36.6   0.0   1   1   1.1e-12   1.9e-10   35.1   0.0   180   286    14   134     6   138 0.80 -
NW_025965296.1_RagTag:679183-678884   -            100 1831at314147         -           1692   1.9e-07   25.2   0.1   1   1   1.2e-09   2.1e-07   25.0   0.1   175   235    39    99    31   100 0.92 -
NW_025965163.1_RagTag:38535-29734     -            742 1831at314147         -           1692   3.6e-05   17.6   0.0   1   2         8   1.4e+03  -14.8  16.1   781   837    86   140    57   176 0.42 -
NW_025965163.1_RagTag:38535-29734     -            742 1831at314147         -           1692   3.6e-05   17.6   0.0   2   2   2.1e-07   3.6e-05   17.6   0.0   184   243   473   532   456   543 0.72 -
NW_025965288.1_RagTag:99944-99699     -             82 1831at314147         -           1692   6.6e-05   16.7   0.0   1   1   3.8e-07   6.6e-05   16.7   0.0   213   244    26    57     8    79 0.72 -
NW_025965344.1_RagTag:40631-35279     -            181 1831at314147         -           1692   0.00016   15.5   0.0   1   1   1.4e-06   0.00025   14.8   0.0   172   254    46   126    13   162 0.79 -
NW_025965287.1_RagTag:1503606-1508138 -            432 1831at314147         -           1692   0.00099   12.8   0.1   1   1   7.2e-06    0.0012   12.5   0.1   180   234   356   410   300   431 0.57 -
NW_025965182.1_RagTag:1127015-1127179 -             55 1831at314147         -           1692    0.0075    9.9   0.0   1   1   4.4e-05    0.0076    9.9   0.0   198   245     4    51     1    54 0.85 -
#
# Program:         hmmsearch
# Version:         3.1b2 (February 2015)
# Pipeline mode:   SEARCH
# Query file:      /home/bgerda/guppy_SUP/busco_downloads/lineages/glires_odb10/hmms/1831at314147.hmm
# Target file:     /home/bgerda/guppy_SUP/busco_results_racon/run_glires_odb10/metaeuk_output/rerun_results/ragtag.scaffold.fasta.modified.fas
# Option settings: hmmsearch --domtblout /home/bgerda/guppy_SUP/busco_results_racon/run_glires_odb10/hmmer_output/rerun_results/1831at314147.out --cpu 1 /home/bgerda/guppy_SUP/busco_downloads/lineages/glires_odb10/hmms/1831at314147.hmm /home/bgerda/guppy_SUP/busco_results_racon/run_glires_odb10/metaeuk_output/rerun_results/ragtag.scaffold.fasta.modified.fas 
# Current dir:     /home/bgerda/guppy_SUP
# Date:            Sun May 21 17:29:51 2023
# [ok]
