#                                                                                             --- full sequence --- -------------- this domain -------------   hmm coord   ali coord   env coord
# target name                         accession   tlen query name           accession   qlen   E-value  score  bias   #  of  c-Evalue  i-Evalue  score  bias  from    to  from    to  from    to  acc description of target
#                 ------------------- ---------- ----- -------------------- ---------- ----- --------- ------ ----- --- --- --------- --------- ------ ----- ----- ----- ----- ----- ----- ----- ---- ---------------------
NW_025965075.1_RagTag:18127-23307     -            380 18785at314147        -            518   7.9e-13   44.3   0.6   1   1   1.3e-14   1.9e-12   43.0   0.6   446   511   303   368   285   372 0.84 -
contig_83093_pilon:417-680            -             88 18785at314147        -            518   2.1e-12   42.9   0.7   1   1   1.6e-14   2.4e-12   42.7   0.7   469   511    38    80    25    85 0.94 -
contig_5411_pilon:437-201             -             79 18785at314147        -            518   4.2e-12   41.9   0.5   1   1   2.9e-14   4.4e-12   41.8   0.5   468   511    28    71     4    76 0.81 -
NW_025965314.1_RagTag:614962-614699   -             88 18785at314147        -            518   5.7e-12   41.5   0.4   1   1   4.1e-14   6.4e-12   41.3   0.4   468   511    37    80    13    85 0.81 -
NW_025965308.1_RagTag:923962-834363   -             70 18785at314147        -            518   1.5e-08   30.2   2.5   1   1   1.1e-10   1.7e-08   30.0   2.5   470   510     7    47     3    53 0.94 -
NW_025965309.1_RagTag:3290555-3290193 -            121 18785at314147        -            518   0.00018   16.8   3.4   1   1   1.2e-06   0.00019   16.7   2.9   458   511    47   108    41   113 0.79 -
NW_025965322.1_RagTag:1227246-1228055 -            270 18785at314147        -            518    0.0041   12.2   0.6   1   1   3.9e-05     0.006   11.7   0.6   466   511     6    48     2    55 0.85 -
NW_025965319.1_RagTag:4123940-4123488 -            151 18785at314147        -            518     0.046    8.8   5.0   1   1   0.00042     0.065    8.3   5.0   467   511    42    85    36    91 0.79 -
NW_025965314.1_RagTag:573146-572487   -            220 18785at314147        -            518      0.17    6.9   7.2   1   1    0.0015      0.24    6.4   7.2   469   513    18    60    12    64 0.81 -
#
# Program:         hmmsearch
# Version:         3.1b2 (February 2015)
# Pipeline mode:   SEARCH
# Query file:      /home/bgerda/guppy_SUP/busco_downloads/lineages/glires_odb10/hmms/18785at314147.hmm
# Target file:     /home/bgerda/guppy_SUP/busco_results_racon/run_glires_odb10/metaeuk_output/rerun_results/ragtag.scaffold.fasta.modified.fas
# Option settings: hmmsearch --domtblout /home/bgerda/guppy_SUP/busco_results_racon/run_glires_odb10/hmmer_output/rerun_results/18785at314147.out --cpu 1 /home/bgerda/guppy_SUP/busco_downloads/lineages/glires_odb10/hmms/18785at314147.hmm /home/bgerda/guppy_SUP/busco_results_racon/run_glires_odb10/metaeuk_output/rerun_results/ragtag.scaffold.fasta.modified.fas 
# Current dir:     /home/bgerda/guppy_SUP
# Date:            Sun May 21 17:29:47 2023
# [ok]
