#                                                                                             --- full sequence --- -------------- this domain -------------   hmm coord   ali coord   env coord
# target name                         accession   tlen query name           accession   qlen   E-value  score  bias   #  of  c-Evalue  i-Evalue  score  bias  from    to  from    to  from    to  acc description of target
#                 ------------------- ---------- ----- -------------------- ---------- ----- --------- ------ ----- --- --- --------- --------- ------ ----- ----- ----- ----- ----- ----- ----- ---- ---------------------
NW_025965287.1_RagTag:1440279-1439407 -            289 19012at314147        -            386   2.1e-14   49.5   3.1   1   2   7.2e-09     2e-06   23.3   0.8   210   287    16    85     7   100 0.81 -
NW_025965287.1_RagTag:1440279-1439407 -            289 19012at314147        -            386   2.1e-14   49.5   3.1   2   2   8.4e-10   2.3e-07   26.3   0.1   220   329   107   209    93   218 0.84 -
NW_025965310.1_RagTag:472250-484579   -            307 19012at314147        -            386   7.3e-08   28.0   1.2   1   2   4.9e-05     0.014   10.6   0.0   221   314    94   183    83   200 0.76 -
NW_025965310.1_RagTag:472250-484579   -            307 19012at314147        -            386   7.3e-08   28.0   1.2   2   2     1e-06   0.00029   16.2   0.6   227   328   191   297   184   306 0.74 -
NW_025965114.1_RagTag:27851-27678     -             58 19012at314147        -            386   1.9e-05   20.1   0.1   1   1   7.2e-08     2e-05   20.0   0.1   201   243    10    52     4    57 0.78 -
contig_13085_pilon:864-71             -            219 19012at314147        -            386     2e-05   19.9   0.1   1   1   1.1e-07   2.9e-05   19.4   0.1   212   298    42   120    26   147 0.78 -
NW_025965321.1_RagTag:2930434-2928056 -            522 19012at314147        -            386   0.00012   17.4   0.7   1   3   7.4e-06    0.0021   13.3   0.8   176   327   151   303   139   306 0.72 -
NW_025965321.1_RagTag:2930434-2928056 -            522 19012at314147        -            386   0.00012   17.4   0.7   2   3    0.0089       2.5    3.2   0.0   250   281   271   303   261   319 0.80 -
NW_025965321.1_RagTag:2930434-2928056 -            522 19012at314147        -            386   0.00012   17.4   0.7   3   3      0.88   2.4e+02   -3.4   0.0   251   288   410   450   403   471 0.70 -
#
# Program:         hmmsearch
# Version:         3.1b2 (February 2015)
# Pipeline mode:   SEARCH
# Query file:      /home/bgerda/guppy_SUP/busco_downloads/lineages/glires_odb10/hmms/19012at314147.hmm
# Target file:     /home/bgerda/guppy_SUP/busco_results_racon/run_glires_odb10/metaeuk_output/rerun_results/ragtag.scaffold.fasta.modified.fas
# Option settings: hmmsearch --domtblout /home/bgerda/guppy_SUP/busco_results_racon/run_glires_odb10/hmmer_output/rerun_results/19012at314147.out --cpu 1 /home/bgerda/guppy_SUP/busco_downloads/lineages/glires_odb10/hmms/19012at314147.hmm /home/bgerda/guppy_SUP/busco_results_racon/run_glires_odb10/metaeuk_output/rerun_results/ragtag.scaffold.fasta.modified.fas 
# Current dir:     /home/bgerda/guppy_SUP
# Date:            Sun May 21 17:29:51 2023
# [ok]
