#                                                                                             --- full sequence --- -------------- this domain -------------   hmm coord   ali coord   env coord
# target name                         accession   tlen query name           accession   qlen   E-value  score  bias   #  of  c-Evalue  i-Evalue  score  bias  from    to  from    to  from    to  acc description of target
#                 ------------------- ---------- ----- -------------------- ---------- ----- --------- ------ ----- --- --- --------- --------- ------ ----- ----- ----- ----- ----- ----- ----- ---- ---------------------
NW_025965314.1_RagTag:1826658-1829597 -            259 19357at314147        -            377   1.7e-08   30.4   3.4   1   2   5.2e-08     1e-05   21.1   0.2    45   108    18    82     7    91 0.79 -
NW_025965314.1_RagTag:1826658-1829597 -            259 19357at314147        -            377   1.7e-08   30.4   3.4   2   2   0.00012     0.023   10.1   0.3    35    99   149   215   134   225 0.76 -
NW_025965163.1_RagTag:48257-52317     -            412 19357at314147        -            377   4.5e-08   28.9   0.4   1   2       0.2        40   -0.5   0.1    67   104    83   124    69   135 0.73 -
NW_025965163.1_RagTag:48257-52317     -            412 19357at314147        -            377   4.5e-08   28.9   0.4   2   2   5.9e-10   1.2e-07   27.6   0.1    16   100   116   200   109   206 0.87 -
NW_025965283.1_RagTag:55529-55365     -             55 19357at314147        -            377   5.7e-08   28.6   5.5   1   1   3.1e-10   6.1e-08   28.5   5.5    91   134    11    55     3    55 0.85 -
NW_025965324.1_RagTag:2504338-2484670 -            376 19357at314147        -            377   5.4e-07   25.4  30.1   1   2   9.8e-06    0.0019   13.7  21.2    98   218     8   125     3   127 0.76 -
NW_025965324.1_RagTag:2504338-2484670 -            376 19357at314147        -            377   5.4e-07   25.4  30.1   2   2   7.4e-08   1.5e-05   20.6  25.2    91   213    39   161    33   167 0.81 -
NW_025965318.1_RagTag:869052-873613   -            268 19357at314147        -            377   3.2e-06   22.8  15.2   1   2   0.00017     0.033    9.6  10.4    96   147   115   167    98   183 0.81 -
NW_025965318.1_RagTag:869052-873613   -            268 19357at314147        -            377   3.2e-06   22.8  15.2   2   2   1.5e-06    0.0003   16.3   1.0    44   107   165   232   159   238 0.77 -
NW_025965163.1_RagTag:42502-46770     -            571 19357at314147        -            377    0.0041   12.6   0.1   1   1   3.7e-05    0.0074   11.8   0.1    45   101     8    65     2    80 0.85 -
NW_025965321.1_RagTag:2938989-2940752 -            588 19357at314147        -            377     0.012   11.0   0.0   1   2    0.0005     0.099    8.1   0.0   290   342    31    80    13    88 0.79 -
NW_025965321.1_RagTag:2938989-2940752 -            588 19357at314147        -            377     0.012   11.0   0.0   2   2      0.13        27    0.1   0.1   300   327   250   277   240   289 0.83 -
#
# Program:         hmmsearch
# Version:         3.1b2 (February 2015)
# Pipeline mode:   SEARCH
# Query file:      /home/bgerda/guppy_SUP/busco_downloads/lineages/glires_odb10/hmms/19357at314147.hmm
# Target file:     /home/bgerda/guppy_SUP/busco_results_racon/run_glires_odb10/metaeuk_output/rerun_results/ragtag.scaffold.fasta.modified.fas
# Option settings: hmmsearch --domtblout /home/bgerda/guppy_SUP/busco_results_racon/run_glires_odb10/hmmer_output/rerun_results/19357at314147.out --cpu 1 /home/bgerda/guppy_SUP/busco_downloads/lineages/glires_odb10/hmms/19357at314147.hmm /home/bgerda/guppy_SUP/busco_results_racon/run_glires_odb10/metaeuk_output/rerun_results/ragtag.scaffold.fasta.modified.fas 
# Current dir:     /home/bgerda/guppy_SUP
# Date:            Sun May 21 17:29:56 2023
# [ok]
