#                                                                                             --- full sequence --- -------------- this domain -------------   hmm coord   ali coord   env coord
# target name                         accession   tlen query name           accession   qlen   E-value  score  bias   #  of  c-Evalue  i-Evalue  score  bias  from    to  from    to  from    to  acc description of target
#                 ------------------- ---------- ----- -------------------- ---------- ----- --------- ------ ----- --- --- --------- --------- ------ ----- ----- ----- ----- ----- ----- ----- ---- ---------------------
NW_025965163.1_RagTag:38535-29734     -            742 1948at314147         -           1533   4.3e-06   20.5   0.0   1   1   4.1e-08   7.2e-06   19.8   0.0  1299  1354   472   527   460   532 0.88 -
NW_025965296.1_RagTag:679183-678884   -            100 1948at314147         -           1533   1.6e-05   18.7   0.1   1   1   9.9e-08   1.7e-05   18.5   0.1  1284  1351    32    99    24   100 0.93 -
NW_025965188.1_RagTag:427998-428411   -            138 1948at314147         -           1533   3.5e-05   17.5   0.1   1   2    0.0025      0.43    4.0   0.0  1317  1374     2    59     1    70 0.82 -
NW_025965188.1_RagTag:427998-428411   -            138 1948at314147         -           1533   3.5e-05   17.5   0.1   2   2   9.5e-06    0.0017   12.0   0.1  1311  1371    76   136    67   138 0.83 -
NW_025965288.1_RagTag:99944-99699     -             82 1948at314147         -           1533   0.00013   15.7   0.0   1   1   7.9e-07   0.00014   15.5   0.0  1314  1369     8    66     6    79 0.83 -
NW_025965344.1_RagTag:40631-35279     -            181 1948at314147         -           1533   0.00054   13.6   0.0   1   1   3.1e-06   0.00054   13.6   0.0  1302  1375    91   161    30   179 0.86 -
NW_025965182.1_RagTag:1127015-1127179 -             55 1948at314147         -           1533    0.0044   10.6   0.0   1   1   2.6e-05    0.0045   10.5   0.0  1278  1328     2    51     1    54 0.85 -
NW_025965276.1_RagTag:371243-371716   -            158 1948at314147         -           1533     0.034    7.6   0.9   1   2   0.00073      0.13    5.7   0.3  1299  1381    13   104     6   109 0.72 -
NW_025965276.1_RagTag:371243-371716   -            158 1948at314147         -           1533     0.034    7.6   0.9   2   2    0.0081       1.4    2.2   0.0  1313  1330    99   116    88   147 0.70 -
NW_025965118.1_RagTag:217764-219956   -            731 1948at314147         -           1533       8.6   -0.4  25.4   1   1     0.087        15   -1.2  25.4   249   354    81   190    75   221 0.77 -
#
# Program:         hmmsearch
# Version:         3.1b2 (February 2015)
# Pipeline mode:   SEARCH
# Query file:      /home/bgerda/guppy_SUP/busco_downloads/lineages/glires_odb10/hmms/1948at314147.hmm
# Target file:     /home/bgerda/guppy_SUP/busco_results_racon/run_glires_odb10/metaeuk_output/rerun_results/ragtag.scaffold.fasta.modified.fas
# Option settings: hmmsearch --domtblout /home/bgerda/guppy_SUP/busco_results_racon/run_glires_odb10/hmmer_output/rerun_results/1948at314147.out --cpu 1 /home/bgerda/guppy_SUP/busco_downloads/lineages/glires_odb10/hmms/1948at314147.hmm /home/bgerda/guppy_SUP/busco_results_racon/run_glires_odb10/metaeuk_output/rerun_results/ragtag.scaffold.fasta.modified.fas 
# Current dir:     /home/bgerda/guppy_SUP
# Date:            Sun May 21 17:29:52 2023
# [ok]
