#                                                                                             --- full sequence --- -------------- this domain -------------   hmm coord   ali coord   env coord
# target name                         accession   tlen query name           accession   qlen   E-value  score  bias   #  of  c-Evalue  i-Evalue  score  bias  from    to  from    to  from    to  acc description of target
#                 ------------------- ---------- ----- -------------------- ---------- ----- --------- ------ ----- --- --- --------- --------- ------ ----- ----- ----- ----- ----- ----- ----- ---- ---------------------
NW_025965227.1_RagTag:1166932-1167426 -            165 19548at314147        -            416     3e-20   68.8  11.1   1   2   5.6e-07   0.00013   17.3   1.0   172   245     5    80     2    82 0.92 -
NW_025965227.1_RagTag:1166932-1167426 -            165 19548at314147        -            416     3e-20   68.8  11.1   2   2   5.6e-19   1.3e-16   56.8   3.3   164   246    83   165    79   165 0.98 -
NW_025965008.1_RagTag:43569-43099     -            157 19548at314147        -            416   1.3e-17   60.1   8.1   1   2   1.4e-07   3.2e-05   19.2   1.5   172   245     3    78     1    81 0.91 -
NW_025965008.1_RagTag:43569-43099     -            157 19548at314147        -            416   1.3e-17   60.1   8.1   2   2   1.4e-15   3.2e-13   45.6   0.9   169   241    84   156    72   157 0.91 -
contig_2414_pilon:39-507              -            153 19548at314147        -            416   5.4e-17   58.0   9.7   1   2   0.00021      0.05    8.7   1.0   178   245     2    71     1    75 0.87 -
contig_2414_pilon:39-507              -            153 19548at314147        -            416   5.4e-17   58.0   9.7   2   2   3.3e-18   7.6e-16   54.2   3.1   168   246    75   153    66   153 0.94 -
NW_025965291.1_RagTag:412845-412510   -            112 19548at314147        -            416   8.6e-15   50.8   6.0   1   1   3.9e-17     9e-15   50.7   6.0   163   246    29   112     5   112 0.94 -
contig_67574_pilon:1299-1111          -             63 19548at314147        -            416   6.6e-08   28.1   0.1   1   1   3.1e-10   7.1e-08   28.0   0.1   183   245     1    63     1    63 0.98 -
NW_025965076.1_RagTag:4134-4397       -             88 19548at314147        -            416   6.2e-06   21.6   1.2   1   1     3e-08     7e-06   21.4   1.2   172   245     3    78     1    82 0.94 -
#
# Program:         hmmsearch
# Version:         3.1b2 (February 2015)
# Pipeline mode:   SEARCH
# Query file:      /home/bgerda/guppy_SUP/busco_downloads/lineages/glires_odb10/hmms/19548at314147.hmm
# Target file:     /home/bgerda/guppy_SUP/busco_results_racon/run_glires_odb10/metaeuk_output/rerun_results/ragtag.scaffold.fasta.modified.fas
# Option settings: hmmsearch --domtblout /home/bgerda/guppy_SUP/busco_results_racon/run_glires_odb10/hmmer_output/rerun_results/19548at314147.out --cpu 1 /home/bgerda/guppy_SUP/busco_downloads/lineages/glires_odb10/hmms/19548at314147.hmm /home/bgerda/guppy_SUP/busco_results_racon/run_glires_odb10/metaeuk_output/rerun_results/ragtag.scaffold.fasta.modified.fas 
# Current dir:     /home/bgerda/guppy_SUP
# Date:            Sun May 21 17:30:00 2023
# [ok]
