#                                                                                             --- full sequence --- -------------- this domain -------------   hmm coord   ali coord   env coord
# target name                         accession   tlen query name           accession   qlen   E-value  score  bias   #  of  c-Evalue  i-Evalue  score  bias  from    to  from    to  from    to  acc description of target
#                 ------------------- ---------- ----- -------------------- ---------- ----- --------- ------ ----- --- --- --------- --------- ------ ----- ----- ----- ----- ----- ----- ----- ---- ---------------------
NW_025965188.1_RagTag:427998-428411   -            138 19562at314147        -            354   1.3e-15   53.5   0.0   1   1   9.6e-18   1.7e-15   53.2   0.0   147   271     7   132     2   137 0.87 -
NW_025965296.1_RagTag:679183-678884   -            100 19562at314147        -            354   1.6e-08   30.2   0.1   1   1   1.1e-10   1.9e-08   30.0   0.1    63   133    18    89    11    97 0.90 -
NW_025965276.1_RagTag:371243-371716   -            158 19562at314147        -            354   1.9e-07   26.7   0.6   1   2   1.8e-07   3.1e-05   19.4   0.1    88   154    10    85     2    90 0.83 -
NW_025965276.1_RagTag:371243-371716   -            158 19562at314147        -            354   1.9e-07   26.7   0.6   2   2     0.003      0.52    5.5   0.1    98   124    92   118    86   150 0.67 -
NW_025965344.1_RagTag:40631-35279     -            181 19562at314147        -            354   0.00039   15.8   0.0   1   1     3e-06   0.00051   15.4   0.0    67   172    65   164    44   174 0.76 -
NW_025965163.1_RagTag:38535-29734     -            742 19562at314147        -            354   0.00059   15.2   0.6   1   2       1.1   1.9e+02   -2.9   0.2    88   119   281   312   273   318 0.85 -
NW_025965163.1_RagTag:38535-29734     -            742 19562at314147        -            354   0.00059   15.2   0.6   2   2   7.2e-06    0.0012   14.1   0.0   152   201   465   514   455   535 0.88 -
NW_025965287.1_RagTag:1503606-1508138 -            432 19562at314147        -            354    0.0011   14.4   0.0   1   1   8.6e-06    0.0015   13.9   0.0    35   142   302   412   296   431 0.60 -
NW_025965352.1_RagTag:102445-103867   -            274 19562at314147        -            354    0.0013   14.1   0.0   1   1   1.2e-05     0.002   13.4   0.0    92   147     4    59     2    71 0.68 -
NW_025965288.1_RagTag:99944-99699     -             82 19562at314147        -            354    0.0025   13.1   0.0   1   1   1.5e-05    0.0026   13.1   0.0    74   119     8    57     1    71 0.78 -
#
# Program:         hmmsearch
# Version:         3.1b2 (February 2015)
# Pipeline mode:   SEARCH
# Query file:      /home/bgerda/guppy_SUP/busco_downloads/lineages/glires_odb10/hmms/19562at314147.hmm
# Target file:     /home/bgerda/guppy_SUP/busco_results_racon/run_glires_odb10/metaeuk_output/rerun_results/ragtag.scaffold.fasta.modified.fas
# Option settings: hmmsearch --domtblout /home/bgerda/guppy_SUP/busco_results_racon/run_glires_odb10/hmmer_output/rerun_results/19562at314147.out --cpu 1 /home/bgerda/guppy_SUP/busco_downloads/lineages/glires_odb10/hmms/19562at314147.hmm /home/bgerda/guppy_SUP/busco_results_racon/run_glires_odb10/metaeuk_output/rerun_results/ragtag.scaffold.fasta.modified.fas 
# Current dir:     /home/bgerda/guppy_SUP
# Date:            Sun May 21 17:29:55 2023
# [ok]
