#                                                                                             --- full sequence --- -------------- this domain -------------   hmm coord   ali coord   env coord
# target name                         accession   tlen query name           accession   qlen   E-value  score  bias   #  of  c-Evalue  i-Evalue  score  bias  from    to  from    to  from    to  acc description of target
#                 ------------------- ---------- ----- -------------------- ---------- ----- --------- ------ ----- --- --- --------- --------- ------ ----- ----- ----- ----- ----- ----- ----- ---- ---------------------
NW_025965344.1_RagTag:40631-35279     -            181 19617at314147        -            355   7.9e-06   21.3   0.0   1   2   2.9e-05    0.0057   11.9   0.0    15    79    48   109    35   111 0.82 -
NW_025965344.1_RagTag:40631-35279     -            181 19617at314147        -            355   7.9e-06   21.3   0.0   2   2   8.7e-05     0.017   10.3   0.0     7    78   104   171    98   174 0.81 -
NW_025965163.1_RagTag:38535-29734     -            742 19617at314147        -            355   0.00011   17.6   0.0   1   1   9.2e-07   0.00018   16.8   0.0    22    82   470   529   448   544 0.76 -
NW_025965276.1_RagTag:371243-371716   -            158 19617at314147        -            355   0.00022   16.6   0.2   1   2   0.00023     0.045    9.0   0.0    21    85    10    82     4    90 0.72 -
NW_025965276.1_RagTag:371243-371716   -            158 19617at314147        -            355   0.00022   16.6   0.2   2   2    0.0014      0.29    6.3   0.0    28    57    89   118    83   150 0.79 -
NW_025965188.1_RagTag:427998-428411   -            138 19617at314147        -            355   0.00032   16.0   0.2   1   2   0.00017     0.033    9.4   0.0    23    66    17    59     2    66 0.70 -
NW_025965188.1_RagTag:427998-428411   -            138 19617at314147        -            355   0.00032   16.0   0.2   2   2    0.0038      0.75    4.9   0.1    37    94    77   133    65   138 0.71 -
NW_025965182.1_RagTag:1127015-1127179 -             55 19617at314147        -            355   0.00045   15.5   0.0   1   1   2.3e-06   0.00045   15.5   0.0    12    53    10    51     1    55 0.84 -
NW_025965296.1_RagTag:679183-678884   -            100 19617at314147        -            355    0.0006   15.1   0.1   1   1   3.7e-06   0.00074   14.8   0.1     4    75    27    97    25   100 0.80 -
NW_025965352.1_RagTag:102445-103867   -            274 19617at314147        -            355     0.011   11.0   0.0   1   2   0.00011     0.022   10.0   0.0    22    82     1    60     1    75 0.81 -
NW_025965352.1_RagTag:102445-103867   -            274 19617at314147        -            355     0.011   11.0   0.0   2   2       1.1   2.2e+02   -3.2   0.0   274   299   188   213   184   216 0.85 -
#
# Program:         hmmsearch
# Version:         3.1b2 (February 2015)
# Pipeline mode:   SEARCH
# Query file:      /home/bgerda/guppy_SUP/busco_downloads/lineages/glires_odb10/hmms/19617at314147.hmm
# Target file:     /home/bgerda/guppy_SUP/busco_results_racon/run_glires_odb10/metaeuk_output/rerun_results/ragtag.scaffold.fasta.modified.fas
# Option settings: hmmsearch --domtblout /home/bgerda/guppy_SUP/busco_results_racon/run_glires_odb10/hmmer_output/rerun_results/19617at314147.out --cpu 1 /home/bgerda/guppy_SUP/busco_downloads/lineages/glires_odb10/hmms/19617at314147.hmm /home/bgerda/guppy_SUP/busco_results_racon/run_glires_odb10/metaeuk_output/rerun_results/ragtag.scaffold.fasta.modified.fas 
# Current dir:     /home/bgerda/guppy_SUP
# Date:            Sun May 21 17:29:56 2023
# [ok]
