#                                                                                             --- full sequence --- -------------- this domain -------------   hmm coord   ali coord   env coord
# target name                         accession   tlen query name           accession   qlen   E-value  score  bias   #  of  c-Evalue  i-Evalue  score  bias  from    to  from    to  from    to  acc description of target
#                 ------------------- ---------- ----- -------------------- ---------- ----- --------- ------ ----- --- --- --------- --------- ------ ----- ----- ----- ----- ----- ----- ----- ---- ---------------------
NW_025965373.1_RagTag:210827-211892   -            132 20598at314147        -            353   1.1e-81  270.8   1.6   1   1   4.5e-84   1.2e-81  270.7   1.6    41   172     1   132     1   132 1.00 -
contig_74271_pilon:72-1170            -            357 20598at314147        -            353   2.8e-05   19.5   0.1   1   2   1.2e-05    0.0033   12.7   0.0   277   352   175   251   171   252 0.92 -
contig_74271_pilon:72-1170            -            357 20598at314147        -            353   2.8e-05   19.5   0.1   2   2    0.0028      0.79    4.9   0.0   279   304   294   319   284   354 0.78 -
NW_025965314.1_RagTag:1368682-1369539 -            286 20598at314147        -            353    0.0001   17.7   0.1   1   2    0.0005      0.14    7.4   0.0   283   345    98   163    92   171 0.84 -
NW_025965314.1_RagTag:1368682-1369539 -            286 20598at314147        -            353    0.0001   17.7   0.1   2   2   0.00026     0.074    8.3   0.0   283   349   191   261   186   265 0.86 -
NW_025965298.1_RagTag:434296-430361   -            273 20598at314147        -            353   0.00045   15.6   0.3   1   3     0.011         3    3.0   0.0   276   307    41    72    36   107 0.70 -
NW_025965298.1_RagTag:434296-430361   -            273 20598at314147        -            353   0.00045   15.6   0.3   2   3     0.019       5.4    2.1   0.1   330   352   129   151   106   152 0.82 -
NW_025965298.1_RagTag:434296-430361   -            273 20598at314147        -            353   0.00045   15.6   0.3   3   3   0.00058      0.16    7.2   0.0   279   342   194   258   181   270 0.74 -
NW_025965223.1_RagTag:154601-152436   -            722 20598at314147        -            353     0.003   12.8   0.0   1   1   1.8e-05     0.005   12.1   0.0   267   348   310   390   305   395 0.88 -
#
# Program:         hmmsearch
# Version:         3.1b2 (February 2015)
# Pipeline mode:   SEARCH
# Query file:      /home/bgerda/guppy_SUP/busco_downloads/lineages/glires_odb10/hmms/20598at314147.hmm
# Target file:     /home/bgerda/guppy_SUP/busco_results_racon/run_glires_odb10/metaeuk_output/rerun_results/ragtag.scaffold.fasta.modified.fas
# Option settings: hmmsearch --domtblout /home/bgerda/guppy_SUP/busco_results_racon/run_glires_odb10/hmmer_output/rerun_results/20598at314147.out --cpu 1 /home/bgerda/guppy_SUP/busco_downloads/lineages/glires_odb10/hmms/20598at314147.hmm /home/bgerda/guppy_SUP/busco_results_racon/run_glires_odb10/metaeuk_output/rerun_results/ragtag.scaffold.fasta.modified.fas 
# Current dir:     /home/bgerda/guppy_SUP
# Date:            Sun May 21 17:30:02 2023
# [ok]
