#                                                                                             --- full sequence --- -------------- this domain -------------   hmm coord   ali coord   env coord
# target name                         accession   tlen query name           accession   qlen   E-value  score  bias   #  of  c-Evalue  i-Evalue  score  bias  from    to  from    to  from    to  acc description of target
#                 ------------------- ---------- ----- -------------------- ---------- ----- --------- ------ ----- --- --- --------- --------- ------ ----- ----- ----- ----- ----- ----- ----- ---- ---------------------
NW_025965287.1_RagTag:1440279-1439407 -            289 2086at314147         -           1146   2.3e-20   68.2   9.7   1   3     5e-10   1.4e-07   25.9   1.0   502   578    17    92    10   105 0.82 -
NW_025965287.1_RagTag:1440279-1439407 -            289 2086at314147         -           1146   2.3e-20   68.2   9.7   2   3     3e-13   8.3e-11   36.6   0.3   510   580   106   176    91   183 0.86 -
NW_025965287.1_RagTag:1440279-1439407 -            289 2086at314147         -           1146   2.3e-20   68.2   9.7   3   3   1.3e-05    0.0037   11.3   0.1   343   409   185   253   180   282 0.62 -
NW_025965321.1_RagTag:2930434-2928056 -            522 2086at314147         -           1146   3.7e-10   34.4   0.4   1   2   9.2e-10   2.6e-07   25.1   0.3   466   613   150   305   123   320 0.79 -
NW_025965321.1_RagTag:2930434-2928056 -            522 2086at314147         -           1146   3.7e-10   34.4   0.4   2   2   0.00019     0.052    7.5   0.0   318   391   341   423   313   438 0.76 -
contig_13085_pilon:864-71             -            219 2086at314147         -           1146   7.5e-09   30.1   1.8   1   2   1.3e-09   3.5e-07   24.6   0.3   501   593    40   131    32   146 0.82 -
contig_13085_pilon:864-71             -            219 2086at314147         -           1146   7.5e-09   30.1   1.8   2   2   0.00092      0.25    5.2   0.1   342   404   156   218   151   219 0.82 -
NW_025965310.1_RagTag:472250-484579   -            307 2086at314147         -           1146   1.8e-07   25.5   0.8   1   3   0.00017     0.046    7.6   0.0   440   525    63   149    48   152 0.79 -
NW_025965310.1_RagTag:472250-484579   -            307 2086at314147         -           1146   1.8e-07   25.5   0.8   2   3     0.042        12   -0.3   0.0   484   526   153   199   150   209 0.80 -
NW_025965310.1_RagTag:472250-484579   -            307 2086at314147         -           1146   1.8e-07   25.5   0.8   3   3   2.1e-06   0.00058   14.0   0.3   328   406   212   293   204   303 0.78 -
NW_025965114.1_RagTag:27851-27678     -             58 2086at314147         -           1146   0.00028   15.0   0.1   1   1     1e-06   0.00028   15.0   0.1   577   610    10    42     2    51 0.81 -
#
# Program:         hmmsearch
# Version:         3.1b2 (February 2015)
# Pipeline mode:   SEARCH
# Query file:      /home/bgerda/guppy_SUP/busco_downloads/lineages/glires_odb10/hmms/2086at314147.hmm
# Target file:     /home/bgerda/guppy_SUP/busco_results_racon/run_glires_odb10/metaeuk_output/rerun_results/ragtag.scaffold.fasta.modified.fas
# Option settings: hmmsearch --domtblout /home/bgerda/guppy_SUP/busco_results_racon/run_glires_odb10/hmmer_output/rerun_results/2086at314147.out --cpu 1 /home/bgerda/guppy_SUP/busco_downloads/lineages/glires_odb10/hmms/2086at314147.hmm /home/bgerda/guppy_SUP/busco_results_racon/run_glires_odb10/metaeuk_output/rerun_results/ragtag.scaffold.fasta.modified.fas 
# Current dir:     /home/bgerda/guppy_SUP
# Date:            Sun May 21 17:29:51 2023
# [ok]
