#                                                                                             --- full sequence --- -------------- this domain -------------   hmm coord   ali coord   env coord
# target name                         accession   tlen query name           accession   qlen   E-value  score  bias   #  of  c-Evalue  i-Evalue  score  bias  from    to  from    to  from    to  acc description of target
#                 ------------------- ---------- ----- -------------------- ---------- ----- --------- ------ ----- --- --- --------- --------- ------ ----- ----- ----- ----- ----- ----- ----- ---- ---------------------
NW_025965319.1_RagTag:4123940-4123488 -            151 21520at314147        -            413   4.9e-05   18.5   0.6   1   1   3.8e-07   5.8e-05   18.2   0.6     6    51    44    86    39   112 0.83 -
NW_025965314.1_RagTag:614962-614699   -             88 21520at314147        -            413   9.6e-05   17.5   1.0   1   1   7.8e-07   0.00012   17.2   1.0     6    53    38    83    34    86 0.90 -
NW_025965309.1_RagTag:3290555-3290193 -            121 21520at314147        -            413   0.00014   17.0   1.6   1   1   1.2e-06   0.00019   16.6   1.6    11    56    71   114    60   117 0.79 -
contig_83093_pilon:417-680            -             88 21520at314147        -            413   0.00023   16.3   1.1   1   1   1.8e-06   0.00028   16.0   1.1     6    53    38    83    34    86 0.89 -
contig_5411_pilon:437-201             -             79 21520at314147        -            413   0.00024   16.2   0.9   1   1   1.9e-06    0.0003   15.9   0.9     6    53    29    74    25    77 0.87 -
NW_025965314.1_RagTag:573146-572487   -            220 21520at314147        -            413    0.0008   14.5   0.8   1   1   8.9e-06    0.0014   13.7   0.8     9    60    21    68    16    91 0.78 -
NW_025965308.1_RagTag:923962-834363   -             70 21520at314147        -            413   0.00097   14.2   1.5   1   1   6.6e-06     0.001   14.1   1.5     7    50     7    48     2    58 0.87 -
contig_4568_pilon:1304-1546           -             81 21520at314147        -            413    0.0012   13.9   1.1   1   1   7.6e-06    0.0012   13.9   1.1     9    54     5    48     1    75 0.73 -
NW_025965075.1_RagTag:18127-23307     -            380 21520at314147        -            413    0.0067   11.5   1.6   1   1   6.7e-05      0.01   10.8   1.6     6    51   326   369   322   376 0.83 -
#
# Program:         hmmsearch
# Version:         3.1b2 (February 2015)
# Pipeline mode:   SEARCH
# Query file:      /home/bgerda/guppy_SUP/busco_downloads/lineages/glires_odb10/hmms/21520at314147.hmm
# Target file:     /home/bgerda/guppy_SUP/busco_results_racon/run_glires_odb10/metaeuk_output/rerun_results/ragtag.scaffold.fasta.modified.fas
# Option settings: hmmsearch --domtblout /home/bgerda/guppy_SUP/busco_results_racon/run_glires_odb10/hmmer_output/rerun_results/21520at314147.out --cpu 1 /home/bgerda/guppy_SUP/busco_downloads/lineages/glires_odb10/hmms/21520at314147.hmm /home/bgerda/guppy_SUP/busco_results_racon/run_glires_odb10/metaeuk_output/rerun_results/ragtag.scaffold.fasta.modified.fas 
# Current dir:     /home/bgerda/guppy_SUP
# Date:            Sun May 21 17:30:01 2023
# [ok]
