#                                                                                             --- full sequence --- -------------- this domain -------------   hmm coord   ali coord   env coord
# target name                         accession   tlen query name           accession   qlen   E-value  score  bias   #  of  c-Evalue  i-Evalue  score  bias  from    to  from    to  from    to  acc description of target
#                 ------------------- ---------- ----- -------------------- ---------- ----- --------- ------ ----- --- --- --------- --------- ------ ----- ----- ----- ----- ----- ----- ----- ---- ---------------------
NW_025965324.1_RagTag:3129234-3106873 -            664 2173at314147         -           1498   5.6e-20   66.5   3.1   1   5   1.1e-06   0.00021   14.9   0.0   739   823    13    92     7   104 0.67 -
NW_025965324.1_RagTag:3129234-3106873 -            664 2173at314147         -           1498   5.6e-20   66.5   3.1   2   5   5.5e-08   1.1e-05   19.2   0.1  1389  1470   145   226   133   231 0.89 -
NW_025965324.1_RagTag:3129234-3106873 -            664 2173at314147         -           1498   5.6e-20   66.5   3.1   3   5   1.1e-06   0.00023   14.8   0.1   254   296   331   374   283   384 0.79 -
NW_025965324.1_RagTag:3129234-3106873 -            664 2173at314147         -           1498   5.6e-20   66.5   3.1   4   5     2e-05    0.0039   10.7   0.0   777   823   409   455   400   465 0.78 -
NW_025965324.1_RagTag:3129234-3106873 -            664 2173at314147         -           1498   5.6e-20   66.5   3.1   5   5     0.021       4.1    0.7   0.0   427   817   495   536   470   545 0.52 -
NW_025965242.1_RagTag:103466-107783   -            190 2173at314147         -           1498   0.00038   14.1   0.0   1   1   1.9e-06   0.00038   14.1   0.0   408   464     3    62     1   119 0.82 -
NW_025965324.1_RagTag:3109520-3108461 -            208 2173at314147         -           1498    0.0013   12.4   0.0   1   1   8.2e-06    0.0016   12.0   0.0  1386  1466     9    89     4    95 0.90 -
NW_025965060.1_RagTag:51624-47830     -            167 2173at314147         -           1498     0.003   11.1   0.0   1   1   1.8e-05    0.0036   10.8   0.0   483   537    12    69     2    89 0.76 -
NW_025965315.1_RagTag:2684245-2683970 -             92 2173at314147         -           1498    0.0035   10.9   0.0   1   1   1.8e-05    0.0035   10.9   0.0   264   636    64    87     6    92 0.58 -
NW_025965291.1_RagTag:200847-200194   -            218 2173at314147         -           1498    0.0059   10.1   0.0   1   1   3.9e-05    0.0077    9.7   0.0   789   820    17    48     7    70 0.67 -
NW_025965548.1_RagTag:8433-2018       -            436 2173at314147         -           1498     0.011    9.2   0.0   1   1   7.7e-05     0.015    8.8   0.0   258   818   148   178    74   186 0.65 -
#
# Program:         hmmsearch
# Version:         3.1b2 (February 2015)
# Pipeline mode:   SEARCH
# Query file:      /home/bgerda/guppy_SUP/busco_downloads/lineages/glires_odb10/hmms/2173at314147.hmm
# Target file:     /home/bgerda/guppy_SUP/busco_results_racon/run_glires_odb10/metaeuk_output/rerun_results/ragtag.scaffold.fasta.modified.fas
# Option settings: hmmsearch --domtblout /home/bgerda/guppy_SUP/busco_results_racon/run_glires_odb10/hmmer_output/rerun_results/2173at314147.out --cpu 1 /home/bgerda/guppy_SUP/busco_downloads/lineages/glires_odb10/hmms/2173at314147.hmm /home/bgerda/guppy_SUP/busco_results_racon/run_glires_odb10/metaeuk_output/rerun_results/ragtag.scaffold.fasta.modified.fas 
# Current dir:     /home/bgerda/guppy_SUP
# Date:            Sun May 21 17:29:51 2023
# [ok]
