#                                                                                             --- full sequence --- -------------- this domain -------------   hmm coord   ali coord   env coord
# target name                         accession   tlen query name           accession   qlen   E-value  score  bias   #  of  c-Evalue  i-Evalue  score  bias  from    to  from    to  from    to  acc description of target
#                 ------------------- ---------- ----- -------------------- ---------- ----- --------- ------ ----- --- --- --------- --------- ------ ----- ----- ----- ----- ----- ----- ----- ---- ---------------------
NW_025965084.1_RagTag:72900-76101     -            117 21818at314147        -            339   7.4e-22   74.2   0.0   1   1   4.3e-24   8.5e-22   74.0   0.0   112   226     8   116     2   117 0.93 -
NW_025965307.1_RagTag:2154358-2153394 -            111 21818at314147        -            339   9.1e-17   57.5   0.1   1   1   5.4e-19   1.1e-16   57.3   0.1     3   111     5   109     3   111 0.94 -
NW_025965307.1_RagTag:2156341-2156120 -             74 21818at314147        -            339   4.6e-10   35.5   0.2   1   1   2.5e-12     5e-10   35.3   0.2    52   118     1    68     1    73 0.90 -
NW_025965306.1_RagTag:228991-228791   -             67 21818at314147        -            339   9.6e-08   27.8   0.1   1   1   4.9e-10   9.7e-08   27.8   0.1    52   114     3    65     1    67 0.80 -
NW_025965289.1_RagTag:384764-385030   -             89 21818at314147        -            339   2.6e-05   19.8   0.0   1   1   1.5e-07     3e-05   19.6   0.0    58   114     1    57     1    69 0.89 -
NW_025965149.1_RagTag:1561424-1562604 -            158 21818at314147        -            339   6.7e-05   18.5   0.1   1   2      0.14        28    0.0   0.1   244   269    40    65    14    69 0.75 -
NW_025965149.1_RagTag:1561424-1562604 -            158 21818at314147        -            339   6.7e-05   18.5   0.1   2   2   1.6e-06   0.00032   16.2   0.0     3    54    86   136    84   151 0.84 -
NW_025965259.1_RagTag:104497-103485   -            229 21818at314147        -            339   0.00015   17.4   0.0   1   2   3.1e-05    0.0061   12.0   0.0   162   226     2    66     1    87 0.61 -
NW_025965259.1_RagTag:104497-103485   -            229 21818at314147        -            339   0.00015   17.4   0.0   2   2     0.012       2.4    3.5   0.0   111   162   160   212   123   227 0.67 -
#
# Program:         hmmsearch
# Version:         3.1b2 (February 2015)
# Pipeline mode:   SEARCH
# Query file:      /home/bgerda/guppy_SUP/busco_downloads/lineages/glires_odb10/hmms/21818at314147.hmm
# Target file:     /home/bgerda/guppy_SUP/busco_results_racon/run_glires_odb10/metaeuk_output/rerun_results/ragtag.scaffold.fasta.modified.fas
# Option settings: hmmsearch --domtblout /home/bgerda/guppy_SUP/busco_results_racon/run_glires_odb10/hmmer_output/rerun_results/21818at314147.out --cpu 1 /home/bgerda/guppy_SUP/busco_downloads/lineages/glires_odb10/hmms/21818at314147.hmm /home/bgerda/guppy_SUP/busco_results_racon/run_glires_odb10/metaeuk_output/rerun_results/ragtag.scaffold.fasta.modified.fas 
# Current dir:     /home/bgerda/guppy_SUP
# Date:            Sun May 21 17:30:01 2023
# [ok]
