#                                                                                             --- full sequence --- -------------- this domain -------------   hmm coord   ali coord   env coord
# target name                         accession   tlen query name           accession   qlen   E-value  score  bias   #  of  c-Evalue  i-Evalue  score  bias  from    to  from    to  from    to  acc description of target
#                 ------------------- ---------- ----- -------------------- ---------- ----- --------- ------ ----- --- --- --------- --------- ------ ----- ----- ----- ----- ----- ----- ----- ---- ---------------------
NW_025965314.1_RagTag:1368682-1369539 -            286 22638at314147        -            377   1.7e-29   99.3   0.0   1   2   6.6e-16   1.1e-13   47.2   0.0    35   179     6   158     2   162 0.87 -
NW_025965314.1_RagTag:1368682-1369539 -            286 22638at314147        -            377   1.7e-29   99.3   0.0   2   2   5.6e-19   9.7e-17   57.4   0.0    37   182    96   255    87   259 0.80 -
NW_025965310.1_RagTag:3809179-3808151 -            343 22638at314147        -            377   8.7e-09   31.2   0.0   1   2   3.1e-05    0.0054   12.1   0.0    38    95     7    64     3    77 0.87 -
NW_025965310.1_RagTag:3809179-3808151 -            343 22638at314147        -            377   8.7e-09   31.2   0.0   2   2   9.8e-07   0.00017   17.1   0.0    33    96    93   156    79   181 0.84 -
NW_025965053.1_RagTag:15221-14436     -            262 22638at314147        -            377   2.2e-08   29.9   0.0   1   1   2.1e-10   3.7e-08   29.1   0.0    37   164    25   147    18   163 0.82 -
NW_025965172.1_RagTag:1410585-1410325 -             87 22638at314147        -            377   3.2e-07   26.0   0.0   1   1     2e-09   3.5e-07   25.9   0.0    37   102    13    78     6    86 0.91 -
NW_025965321.1_RagTag:4140287-4140072 -             72 22638at314147        -            377   1.3e-06   24.0   0.0   1   1   7.9e-09   1.4e-06   24.0   0.0    41    97     2    58     1    70 0.86 -
NW_025965175.1_RagTag:882915-884201   -            429 22638at314147        -            377   4.7e-05   18.9   0.0   1   1   4.1e-07   7.1e-05   18.3   0.0    38    98    17    77     5    92 0.88 -
NW_025965364.1_RagTag:5386-4973       -            138 22638at314147        -            377   0.00084   14.8   0.0   1   1   4.9e-06   0.00084   14.8   0.0    38    97     7    66     3   129 0.87 -
NW_025965319.1_RagTag:1105504-1105313 -             64 22638at314147        -            377    0.0018   13.7   0.0   1   1   1.1e-05    0.0019   13.6   0.0    53   109     2    62     1    63 0.70 -
#
# Program:         hmmsearch
# Version:         3.1b2 (February 2015)
# Pipeline mode:   SEARCH
# Query file:      /home/bgerda/guppy_SUP/busco_downloads/lineages/glires_odb10/hmms/22638at314147.hmm
# Target file:     /home/bgerda/guppy_SUP/busco_results_racon/run_glires_odb10/metaeuk_output/rerun_results/ragtag.scaffold.fasta.modified.fas
# Option settings: hmmsearch --domtblout /home/bgerda/guppy_SUP/busco_results_racon/run_glires_odb10/hmmer_output/rerun_results/22638at314147.out --cpu 1 /home/bgerda/guppy_SUP/busco_downloads/lineages/glires_odb10/hmms/22638at314147.hmm /home/bgerda/guppy_SUP/busco_results_racon/run_glires_odb10/metaeuk_output/rerun_results/ragtag.scaffold.fasta.modified.fas 
# Current dir:     /home/bgerda/guppy_SUP
# Date:            Sun May 21 17:29:47 2023
# [ok]
