#                                                                                             --- full sequence --- -------------- this domain -------------   hmm coord   ali coord   env coord
# target name                         accession   tlen query name           accession   qlen   E-value  score  bias   #  of  c-Evalue  i-Evalue  score  bias  from    to  from    to  from    to  acc description of target
#                 ------------------- ---------- ----- -------------------- ---------- ----- --------- ------ ----- --- --- --------- --------- ------ ----- ----- ----- ----- ----- ----- ----- ---- ---------------------
NW_025965251.1_RagTag:807004-807644   -            208 22652at314147        -            477     3e-11   39.1   0.1   1   1   2.1e-13   3.6e-11   38.9   0.1   118   202     8    98     2   133 0.81 -
NW_025965272.1_RagTag:152561-153592   -            205 22652at314147        -            477   1.4e-08   30.3   0.1   1   2      0.25        43   -1.0   0.8   325   352    63    90    37    98 0.72 -
NW_025965272.1_RagTag:152561-153592   -            205 22652at314147        -            477   1.4e-08   30.3   0.1   2   2   8.3e-11   1.4e-08   30.3   0.1   131   172   159   204    96   205 0.76 -
NW_025965324.1_RagTag:2915185-2915394 -             70 22652at314147        -            477   5.6e-06   21.7   0.9   1   1   3.6e-08   6.3e-06   21.6   0.9   234   297     3    65     1    68 0.89 -
NW_025965324.1_RagTag:2927304-2928146 -            184 22652at314147        -            477   5.9e-05   18.4   0.1   1   1   4.6e-07     8e-05   17.9   0.1   242   296    89   143    80   178 0.88 -
NW_025965275.1_RagTag:420401-420210   -             64 22652at314147        -            477   8.4e-05   17.9   2.0   1   1   4.8e-07   8.4e-05   17.9   2.0   239   297     5    63     1    64 0.83 -
NW_025965177.1_RagTag:229533-229225   -            103 22652at314147        -            477   0.00021   16.6   0.5   1   1   1.2e-06   0.00021   16.6   0.5   235   292    46   103    36   103 0.93 -
NW_025965218.1_RagTag:1315724-1313338 -            219 22652at314147        -            477    0.0038   12.4   0.1   1   1   2.7e-05    0.0047   12.1   0.1   248   295    95   142    72   174 0.80 -
NW_025965228.1_RagTag:17095-16619     -             74 22652at314147        -            477    0.0069   11.6   1.2   1   1   4.6e-05     0.008   11.3   1.2   237   294    12    69     5    73 0.76 -
#
# Program:         hmmsearch
# Version:         3.1b2 (February 2015)
# Pipeline mode:   SEARCH
# Query file:      /home/bgerda/guppy_SUP/busco_downloads/lineages/glires_odb10/hmms/22652at314147.hmm
# Target file:     /home/bgerda/guppy_SUP/busco_results_racon/run_glires_odb10/metaeuk_output/rerun_results/ragtag.scaffold.fasta.modified.fas
# Option settings: hmmsearch --domtblout /home/bgerda/guppy_SUP/busco_results_racon/run_glires_odb10/hmmer_output/rerun_results/22652at314147.out --cpu 1 /home/bgerda/guppy_SUP/busco_downloads/lineages/glires_odb10/hmms/22652at314147.hmm /home/bgerda/guppy_SUP/busco_results_racon/run_glires_odb10/metaeuk_output/rerun_results/ragtag.scaffold.fasta.modified.fas 
# Current dir:     /home/bgerda/guppy_SUP
# Date:            Sun May 21 17:29:51 2023
# [ok]
