#                                                                                             --- full sequence --- -------------- this domain -------------   hmm coord   ali coord   env coord
# target name                         accession   tlen query name           accession   qlen   E-value  score  bias   #  of  c-Evalue  i-Evalue  score  bias  from    to  from    to  from    to  acc description of target
#                 ------------------- ---------- ----- -------------------- ---------- ----- --------- ------ ----- --- --- --------- --------- ------ ----- ----- ----- ----- ----- ----- ----- ---- ---------------------
NW_025965314.1_RagTag:573146-572487   -            220 22761at314147        -            382   1.8e-09   33.3   1.4   1   1   1.9e-11   2.9e-09   32.6   1.4     9    83     7    81     2    92 0.90 -
NW_025965319.1_RagTag:4123940-4123488 -            151 22761at314147        -            382   1.3e-07   27.1   0.1   1   1   1.1e-09   1.6e-07   26.8   0.1    12    81    36   106    27   115 0.88 -
contig_83093_pilon:417-680            -             88 22761at314147        -            382     3e-07   26.0   0.4   1   1     2e-09   3.2e-07   25.9   0.4    12    63    30    83    19    87 0.79 -
contig_4568_pilon:1304-1546           -             81 22761at314147        -            382   5.7e-06   21.7   1.6   1   1   3.9e-08   6.1e-06   21.6   1.6    19    84     1    65     1    78 0.76 -
contig_5411_pilon:437-201             -             79 22761at314147        -            382   9.6e-06   21.0   0.3   1   1   6.5e-08     1e-05   20.9   0.3    15    63    24    74    10    78 0.77 -
NW_025965314.1_RagTag:614962-614699   -             88 22761at314147        -            382   1.2e-05   20.7   0.4   1   1   8.4e-08   1.3e-05   20.6   0.4    13    63    31    83    19    87 0.77 -
NW_025965309.1_RagTag:3290555-3290193 -            121 22761at314147        -            382   0.00028   16.2   3.2   1   1   1.8e-06   0.00028   16.2   3.2    20    61    62   109    58   116 0.75 -
NW_025965075.1_RagTag:65339-58346     -            349 22761at314147        -            382   0.00071   14.8   2.9   1   1   6.9e-06    0.0011   14.3   2.9    13    57    43    86    34   121 0.87 -
NW_025965245.1_RagTag:400173-400936   -            124 22761at314147        -            382     0.013   10.7   5.5   1   1   8.4e-05     0.013   10.7   4.4    12    62     1    62     1    79 0.72 -
#
# Program:         hmmsearch
# Version:         3.1b2 (February 2015)
# Pipeline mode:   SEARCH
# Query file:      /home/bgerda/guppy_SUP/busco_downloads/lineages/glires_odb10/hmms/22761at314147.hmm
# Target file:     /home/bgerda/guppy_SUP/busco_results_racon/run_glires_odb10/metaeuk_output/rerun_results/ragtag.scaffold.fasta.modified.fas
# Option settings: hmmsearch --domtblout /home/bgerda/guppy_SUP/busco_results_racon/run_glires_odb10/hmmer_output/rerun_results/22761at314147.out --cpu 1 /home/bgerda/guppy_SUP/busco_downloads/lineages/glires_odb10/hmms/22761at314147.hmm /home/bgerda/guppy_SUP/busco_results_racon/run_glires_odb10/metaeuk_output/rerun_results/ragtag.scaffold.fasta.modified.fas 
# Current dir:     /home/bgerda/guppy_SUP
# Date:            Sun May 21 17:30:01 2023
# [ok]
