#                                                                                             --- full sequence --- -------------- this domain -------------   hmm coord   ali coord   env coord
# target name                         accession   tlen query name           accession   qlen   E-value  score  bias   #  of  c-Evalue  i-Evalue  score  bias  from    to  from    to  from    to  acc description of target
#                 ------------------- ---------- ----- -------------------- ---------- ----- --------- ------ ----- --- --- --------- --------- ------ ----- ----- ----- ----- ----- ----- ----- ---- ---------------------
NW_025965218.1_RagTag:1315724-1313338 -            219 23799at314147        -            215   7.4e-12   41.8  13.9   1   2   0.00074      0.15    8.1   3.0     8    44    29    65    24    76 0.88 -
NW_025965218.1_RagTag:1315724-1313338 -            219 23799at314147        -            215   7.4e-12   41.8  13.9   2   2   1.7e-13   3.4e-11   39.6   3.1    84   161    80   163    69   172 0.75 -
NW_025965228.1_RagTag:17095-16619     -             74 23799at314147        -            215   1.2e-10   37.8   3.7   1   1   6.8e-13   1.3e-10   37.6   3.7    83   147     9    73     5    74 0.95 -
contig_7816_pilon:162-2071            -            190 23799at314147        -            215   1.5e-07   27.7   7.5   1   3   9.9e-08     2e-05   20.8   3.3     2    49    17    63    16    70 0.87 -
contig_7816_pilon:162-2071            -            190 23799at314147        -            215   1.5e-07   27.7   7.5   2   3   3.4e-06   0.00068   15.7   0.1     2    45    78   121    77   140 0.84 -
contig_7816_pilon:162-2071            -            190 23799at314147        -            215   1.5e-07   27.7   7.5   3   3      0.56   1.1e+02   -1.3   1.4     6    23   149   166   144   187 0.64 -
NW_025965300.1_RagTag:1697831-1699783 -            651 23799at314147        -            215   2.5e-05   20.4   1.9   1   3      0.12        23    0.9   0.0    97   144   339   386   330   400 0.86 -
NW_025965300.1_RagTag:1697831-1699783 -            651 23799at314147        -            215   2.5e-05   20.4   1.9   2   3   0.00018     0.035   10.1   0.1    65   140   394   472   390   485 0.73 -
NW_025965300.1_RagTag:1697831-1699783 -            651 23799at314147        -            215   2.5e-05   20.4   1.9   3   3    0.0024      0.47    6.4   0.0    96   146   527   577   515   604 0.78 -
NW_025965275.1_RagTag:420401-420210   -             64 23799at314147        -            215   3.2e-05   20.0   0.7   1   1   1.7e-07   3.3e-05   20.0   0.7    87   144     4    61     1    64 0.92 -
NW_025965324.1_RagTag:2915185-2915394 -             70 23799at314147        -            215   9.7e-05   18.5   0.4   1   1   4.9e-07   9.7e-05   18.5   0.4   100   149    19    68     3    70 0.77 -
NW_025965324.1_RagTag:2927304-2928146 -            184 23799at314147        -            215    0.0012   14.9   0.5   1   1   7.9e-06    0.0016   14.5   0.5    90   147    88   145    62   152 0.87 -
#
# Program:         hmmsearch
# Version:         3.1b2 (February 2015)
# Pipeline mode:   SEARCH
# Query file:      /home/bgerda/guppy_SUP/busco_downloads/lineages/glires_odb10/hmms/23799at314147.hmm
# Target file:     /home/bgerda/guppy_SUP/busco_results_racon/run_glires_odb10/metaeuk_output/rerun_results/ragtag.scaffold.fasta.modified.fas
# Option settings: hmmsearch --domtblout /home/bgerda/guppy_SUP/busco_results_racon/run_glires_odb10/hmmer_output/rerun_results/23799at314147.out --cpu 1 /home/bgerda/guppy_SUP/busco_downloads/lineages/glires_odb10/hmms/23799at314147.hmm /home/bgerda/guppy_SUP/busco_results_racon/run_glires_odb10/metaeuk_output/rerun_results/ragtag.scaffold.fasta.modified.fas 
# Current dir:     /home/bgerda/guppy_SUP
# Date:            Sun May 21 17:29:59 2023
# [ok]
