#                                                                                             --- full sequence --- -------------- this domain -------------   hmm coord   ali coord   env coord
# target name                         accession   tlen query name           accession   qlen   E-value  score  bias   #  of  c-Evalue  i-Evalue  score  bias  from    to  from    to  from    to  acc description of target
#                 ------------------- ---------- ----- -------------------- ---------- ----- --------- ------ ----- --- --- --------- --------- ------ ----- ----- ----- ----- ----- ----- ----- ---- ---------------------
NW_025965287.1_RagTag:1440279-1439407 -            289 2385at314147         -           1154   5.3e-14   47.0   1.2   1   3   1.5e-05    0.0042   10.9   0.1   143   230    11    92     4    98 0.82 -
NW_025965287.1_RagTag:1440279-1439407 -            289 2385at314147         -           1154   5.3e-14   47.0   1.2   2   3   1.2e-09   3.3e-07   24.5   0.0   149   232    95   176    90   179 0.90 -
NW_025965287.1_RagTag:1440279-1439407 -            289 2385at314147         -           1154   5.3e-14   47.0   1.2   3   3   1.9e-05    0.0054   10.6   0.0     9   220   177   252   170   288 0.43 -
contig_13085_pilon:864-71             -            219 2385at314147         -           1154   4.9e-07   23.9   0.0   1   2   9.9e-09   2.8e-06   21.5   0.0   129   217    59   144    51   150 0.90 -
contig_13085_pilon:864-71             -            219 2385at314147         -           1154   4.9e-07   23.9   0.0   2   2     0.037        10   -0.3   0.0    83   108   156   181   146   193 0.80 -
NW_025965114.1_RagTag:27851-27678     -             58 2385at314147         -           1154    0.0001   16.2   0.0   1   1     4e-07   0.00011   16.1   0.0   137   177     4    44     2    53 0.84 -
NW_025965310.1_RagTag:472250-484579   -            307 2385at314147         -           1154     0.001   13.0   0.2   1   2    0.0042       1.2    2.8   0.0    83   106   127   150   109   160 0.86 -
NW_025965310.1_RagTag:472250-484579   -            307 2385at314147         -           1154     0.001   13.0   0.2   2   2   0.00011      0.03    8.1   0.2   145   219   218   295   203   301 0.52 -
NW_025965321.1_RagTag:2930434-2928056 -            522 2385at314147         -           1154    0.0082    9.9   0.1   1   1    0.0019      0.52    4.0   0.0     4    39   268   303   265   308 0.81 -
#
# Program:         hmmsearch
# Version:         3.1b2 (February 2015)
# Pipeline mode:   SEARCH
# Query file:      /home/bgerda/guppy_SUP/busco_downloads/lineages/glires_odb10/hmms/2385at314147.hmm
# Target file:     /home/bgerda/guppy_SUP/busco_results_racon/run_glires_odb10/metaeuk_output/rerun_results/ragtag.scaffold.fasta.modified.fas
# Option settings: hmmsearch --domtblout /home/bgerda/guppy_SUP/busco_results_racon/run_glires_odb10/hmmer_output/rerun_results/2385at314147.out --cpu 1 /home/bgerda/guppy_SUP/busco_downloads/lineages/glires_odb10/hmms/2385at314147.hmm /home/bgerda/guppy_SUP/busco_results_racon/run_glires_odb10/metaeuk_output/rerun_results/ragtag.scaffold.fasta.modified.fas 
# Current dir:     /home/bgerda/guppy_SUP
# Date:            Sun May 21 17:30:00 2023
# [ok]
