#                                                                                             --- full sequence --- -------------- this domain -------------   hmm coord   ali coord   env coord
# target name                         accession   tlen query name           accession   qlen   E-value  score  bias   #  of  c-Evalue  i-Evalue  score  bias  from    to  from    to  from    to  acc description of target
#                 ------------------- ---------- ----- -------------------- ---------- ----- --------- ------ ----- --- --- --------- --------- ------ ----- ----- ----- ----- ----- ----- ----- ---- ---------------------
NW_025965314.1_RagTag:1368682-1369539 -            286 23963at314147        -            323   7.2e-24   80.8   0.0   1   2   3.4e-16   5.9e-14   48.2   0.0    41   184     6   158     1   164 0.87 -
NW_025965314.1_RagTag:1368682-1369539 -            286 23963at314147        -            323   7.2e-24   80.8   0.0   2   2   6.9e-11   1.2e-08   30.7   0.0    34   110   180   255   157   266 0.80 -
NW_025965310.1_RagTag:3809179-3808151 -            343 23963at314147        -            323   2.3e-09   33.1   0.0   1   2   1.5e-05    0.0027   13.2   0.0    44   102     7    65     2    77 0.88 -
NW_025965310.1_RagTag:3809179-3808151 -            343 23963at314147        -            323   2.3e-09   33.1   0.0   2   2   5.8e-07    0.0001   17.9   0.0    40   103    94   157    85   182 0.85 -
NW_025965053.1_RagTag:15221-14436     -            262 23963at314147        -            323   3.7e-07   25.9   0.0   1   1   3.5e-09   6.1e-07   25.1   0.0    45   169    27   147    17   163 0.78 -
NW_025965172.1_RagTag:1410585-1410325 -             87 23963at314147        -            323   5.2e-07   25.4   0.0   1   1   3.4e-09   5.9e-07   25.2   0.0    43   107    13    77     4    85 0.90 -
NW_025965321.1_RagTag:4140287-4140072 -             72 23963at314147        -            323   1.1e-05   21.1   0.0   1   1   6.2e-08   1.1e-05   21.1   0.0    48   104     3    59     1    70 0.85 -
NW_025965175.1_RagTag:882915-884201   -            429 23963at314147        -            323   0.00018   17.0   0.0   1   1   1.6e-06   0.00028   16.4   0.0    51   104    24    77     9    90 0.64 -
NW_025965364.1_RagTag:5386-4973       -            138 23963at314147        -            323   0.00046   15.7   0.0   1   1   3.7e-06   0.00064   15.2   0.0    44   103     7    66     2    87 0.87 -
NW_025965319.1_RagTag:1105504-1105313 -             64 23963at314147        -            323    0.0018   13.7   0.0   1   1   1.1e-05     0.002   13.6   0.0    58   115     1    62     1    63 0.69 -
#
# Program:         hmmsearch
# Version:         3.1b2 (February 2015)
# Pipeline mode:   SEARCH
# Query file:      /home/bgerda/guppy_SUP/busco_downloads/lineages/glires_odb10/hmms/23963at314147.hmm
# Target file:     /home/bgerda/guppy_SUP/busco_results_racon/run_glires_odb10/metaeuk_output/rerun_results/ragtag.scaffold.fasta.modified.fas
# Option settings: hmmsearch --domtblout /home/bgerda/guppy_SUP/busco_results_racon/run_glires_odb10/hmmer_output/rerun_results/23963at314147.out --cpu 1 /home/bgerda/guppy_SUP/busco_downloads/lineages/glires_odb10/hmms/23963at314147.hmm /home/bgerda/guppy_SUP/busco_results_racon/run_glires_odb10/metaeuk_output/rerun_results/ragtag.scaffold.fasta.modified.fas 
# Current dir:     /home/bgerda/guppy_SUP
# Date:            Sun May 21 17:30:05 2023
# [ok]
