#                                                                                             --- full sequence --- -------------- this domain -------------   hmm coord   ali coord   env coord
# target name                         accession   tlen query name           accession   qlen   E-value  score  bias   #  of  c-Evalue  i-Evalue  score  bias  from    to  from    to  from    to  acc description of target
#                 ------------------- ---------- ----- -------------------- ---------- ----- --------- ------ ----- --- --- --------- --------- ------ ----- ----- ----- ----- ----- ----- ----- ---- ---------------------
NW_025965227.1_RagTag:1166932-1167426 -            165 24024at314147        -            387   2.5e-20   69.0  10.1   1   2     7e-07   0.00016   16.9   1.1   207   280     5    80     2    83 0.90 -
NW_025965227.1_RagTag:1166932-1167426 -            165 24024at314147        -            387   2.5e-20   69.0  10.1   2   2   3.8e-19   8.7e-17   57.3   2.1   201   281    85   165    81   165 0.97 -
NW_025965008.1_RagTag:43569-43099     -            157 24024at314147        -            387     1e-18   63.7   7.6   1   2   1.6e-07   3.8e-05   19.0   1.3   207   280     3    78     1    81 0.90 -
NW_025965008.1_RagTag:43569-43099     -            157 24024at314147        -            387     1e-18   63.7   7.6   2   2   1.2e-16   2.7e-14   49.1   0.8   204   275    84   155    72   157 0.91 -
contig_2414_pilon:39-507              -            153 24024at314147        -            387   1.6e-17   59.7   9.5   1   2   0.00021     0.048    8.8   1.0   213   280     2    71     1    74 0.86 -
contig_2414_pilon:39-507              -            153 24024at314147        -            387   1.6e-17   59.7   9.5   2   2   1.2e-18   2.7e-16   55.7   2.5   203   281    75   153    69   153 0.96 -
NW_025965291.1_RagTag:412845-412510   -            112 24024at314147        -            387   3.3e-15   52.1   4.9   1   1   1.5e-17   3.5e-15   52.0   4.9   200   281    31   112     8   112 0.95 -
contig_67574_pilon:1299-1111          -             63 24024at314147        -            387     9e-09   30.9   0.1   1   1   4.1e-11   9.6e-09   30.8   0.1   218   280     1    63     1    63 0.97 -
NW_025965076.1_RagTag:4134-4397       -             88 24024at314147        -            387   6.5e-06   21.5   0.9   1   1   3.2e-08   7.3e-06   21.4   0.9   207   280     3    78     1    83 0.91 -
#
# Program:         hmmsearch
# Version:         3.1b2 (February 2015)
# Pipeline mode:   SEARCH
# Query file:      /home/bgerda/guppy_SUP/busco_downloads/lineages/glires_odb10/hmms/24024at314147.hmm
# Target file:     /home/bgerda/guppy_SUP/busco_results_racon/run_glires_odb10/metaeuk_output/rerun_results/ragtag.scaffold.fasta.modified.fas
# Option settings: hmmsearch --domtblout /home/bgerda/guppy_SUP/busco_results_racon/run_glires_odb10/hmmer_output/rerun_results/24024at314147.out --cpu 1 /home/bgerda/guppy_SUP/busco_downloads/lineages/glires_odb10/hmms/24024at314147.hmm /home/bgerda/guppy_SUP/busco_results_racon/run_glires_odb10/metaeuk_output/rerun_results/ragtag.scaffold.fasta.modified.fas 
# Current dir:     /home/bgerda/guppy_SUP
# Date:            Sun May 21 17:29:48 2023
# [ok]
