#                                                                                             --- full sequence --- -------------- this domain -------------   hmm coord   ali coord   env coord
# target name                         accession   tlen query name           accession   qlen   E-value  score  bias   #  of  c-Evalue  i-Evalue  score  bias  from    to  from    to  from    to  acc description of target
#                 ------------------- ---------- ----- -------------------- ---------- ----- --------- ------ ----- --- --- --------- --------- ------ ----- ----- ----- ----- ----- ----- ----- ---- ---------------------
NW_025965287.1_RagTag:1440279-1439407 -            289 24099at314147        -            325   4.9e-15   51.9   2.3   1   3   3.2e-06   0.00089   14.9   0.2     8    42    61    95     9   100 0.69 -
NW_025965287.1_RagTag:1440279-1439407 -            289 24099at314147        -            325   4.9e-15   51.9   2.3   2   3   2.3e-09   6.4e-07   25.3   0.1     8   112    61   163    54   164 0.81 -
NW_025965287.1_RagTag:1440279-1439407 -            289 24099at314147        -            325   4.9e-15   51.9   2.3   3   3   4.3e-08   1.2e-05   21.1   0.1   225   323   141   232   133   234 0.84 -
NW_025965155.1_RagTag:64307-63339     -            323 24099at314147        -            325   5.9e-09   31.9   0.0   1   2   1.9e-05    0.0051   12.4   0.0    81   158    15    94     3   130 0.83 -
NW_025965155.1_RagTag:64307-63339     -            323 24099at314147        -            325   5.9e-09   31.9   0.0   2   2   4.4e-07   0.00012   17.7   0.0    69   168   134   232   106   259 0.74 -
NW_025965321.1_RagTag:2930434-2928056 -            522 24099at314147        -            325   6.2e-09   31.9   0.0   1   2   1.7e-06   0.00047   15.8   0.0   189   311   156   273   111   277 0.81 -
NW_025965321.1_RagTag:2930434-2928056 -            522 24099at314147        -            325   6.2e-09   31.9   0.0   2   2   5.8e-06    0.0016   14.1   0.0    87   168   277   364   274   378 0.77 -
contig_13085_pilon:864-71             -            219 24099at314147        -            325   8.9e-07   24.8   0.1   1   3     0.012       3.3    3.2   0.0   275   312    41    78    12    86 0.84 -
contig_13085_pilon:864-71             -            219 24099at314147        -            325   8.9e-07   24.8   0.1   2   3     5e-05     0.014   11.0   0.0   275   317    83   125    77   133 0.90 -
contig_13085_pilon:864-71             -            219 24099at314147        -            325   8.9e-07   24.8   0.1   3   3   0.00046      0.13    7.8   0.0   275   324   156   203   147   204 0.87 -
NW_025965114.1_RagTag:27851-27678     -             58 24099at314147        -            325    0.0007   15.3   0.0   1   1   2.5e-06    0.0007   15.3   0.0   224   251    19    46     5    54 0.84 -
#
# Program:         hmmsearch
# Version:         3.1b2 (February 2015)
# Pipeline mode:   SEARCH
# Query file:      /home/bgerda/guppy_SUP/busco_downloads/lineages/glires_odb10/hmms/24099at314147.hmm
# Target file:     /home/bgerda/guppy_SUP/busco_results_racon/run_glires_odb10/metaeuk_output/rerun_results/ragtag.scaffold.fasta.modified.fas
# Option settings: hmmsearch --domtblout /home/bgerda/guppy_SUP/busco_results_racon/run_glires_odb10/hmmer_output/rerun_results/24099at314147.out --cpu 1 /home/bgerda/guppy_SUP/busco_downloads/lineages/glires_odb10/hmms/24099at314147.hmm /home/bgerda/guppy_SUP/busco_results_racon/run_glires_odb10/metaeuk_output/rerun_results/ragtag.scaffold.fasta.modified.fas 
# Current dir:     /home/bgerda/guppy_SUP
# Date:            Sun May 21 17:30:02 2023
# [ok]
