#                                                                                             --- full sequence --- -------------- this domain -------------   hmm coord   ali coord   env coord
# target name                         accession   tlen query name           accession   qlen   E-value  score  bias   #  of  c-Evalue  i-Evalue  score  bias  from    to  from    to  from    to  acc description of target
#                 ------------------- ---------- ----- -------------------- ---------- ----- --------- ------ ----- --- --- --------- --------- ------ ----- ----- ----- ----- ----- ----- ----- ---- ---------------------
contig_74745_pilon:421-837            -            139 2423at314147         -           1215     1e-06   22.9   1.1   1   2   5.1e-09     1e-06   22.9   1.1   298   359    13    73     8    78 0.90 -
contig_74745_pilon:421-837            -            139 2423at314147         -           1215     1e-06   22.9   1.1   2   2    0.0022      0.43    4.2   1.2   296   356    79   138    73   139 0.72 -
NW_025965028.1_RagTag:53393-54202     -            270 2423at314147         -           1215     3e-06   21.3   7.0   1   2   0.00051       0.1    6.3   0.0   289   335    34    80    19    86 0.86 -
NW_025965028.1_RagTag:53393-54202     -            270 2423at314147         -           1215     3e-06   21.3   7.0   2   2   7.2e-07   0.00014   15.7   4.4   251   382    87   221    82   234 0.86 -
NW_025965140.1_RagTag:194211-195170   -            320 2423at314147         -           1215   4.3e-06   20.8   0.1   1   1   2.8e-08   5.6e-06   20.4   0.1   249   379    87   226    57   273 0.77 -
NW_025965287.1_RagTag:802910-802371   -            180 2423at314147         -           1215   6.2e-05   17.0   0.1   1   1   3.8e-07   7.6e-05   16.7   0.1   252   353    62   169    49   174 0.85 -
NW_025965233.1_RagTag:1527483-1527755 -             91 2423at314147         -           1215   7.1e-05   16.8   0.0   1   1   3.9e-07   7.8e-05   16.6   0.0   270   335    17    85     1    88 0.49 -
NW_025965324.1_RagTag:3746709-3746149 -            187 2423at314147         -           1215   0.00025   14.9   0.1   1   2   0.00013     0.027    8.2   0.1   256   312    35    94    30    98 0.80 -
NW_025965324.1_RagTag:3746709-3746149 -            187 2423at314147         -           1215   0.00025   14.9   0.1   2   2   9.7e-06    0.0019   12.0   0.2   253   330    80   162    74   166 0.72 -
NW_025965301.1_RagTag:529721-528217   -            499 2423at314147         -           1215    0.0061   10.3   2.2   1   1   4.1e-05    0.0081   10.0   2.2   292   381    51   145    24   163 0.81 -
#
# Program:         hmmsearch
# Version:         3.1b2 (February 2015)
# Pipeline mode:   SEARCH
# Query file:      /home/bgerda/guppy_SUP/busco_downloads/lineages/glires_odb10/hmms/2423at314147.hmm
# Target file:     /home/bgerda/guppy_SUP/busco_results_racon/run_glires_odb10/metaeuk_output/rerun_results/ragtag.scaffold.fasta.modified.fas
# Option settings: hmmsearch --domtblout /home/bgerda/guppy_SUP/busco_results_racon/run_glires_odb10/hmmer_output/rerun_results/2423at314147.out --cpu 1 /home/bgerda/guppy_SUP/busco_downloads/lineages/glires_odb10/hmms/2423at314147.hmm /home/bgerda/guppy_SUP/busco_results_racon/run_glires_odb10/metaeuk_output/rerun_results/ragtag.scaffold.fasta.modified.fas 
# Current dir:     /home/bgerda/guppy_SUP
# Date:            Sun May 21 17:29:48 2023
# [ok]
