#                                                                                             --- full sequence --- -------------- this domain -------------   hmm coord   ali coord   env coord
# target name                         accession   tlen query name           accession   qlen   E-value  score  bias   #  of  c-Evalue  i-Evalue  score  bias  from    to  from    to  from    to  acc description of target
#                 ------------------- ---------- ----- -------------------- ---------- ----- --------- ------ ----- --- --- --------- --------- ------ ----- ----- ----- ----- ----- ----- ----- ---- ---------------------
NW_025965291.1_RagTag:412845-412510   -            112 2455at314147         -           1164   2.1e-07   25.4   0.4   1   1   1.2e-09   2.3e-07   25.3   0.4   297   395     5   103     1   109 0.80 -
NW_025965227.1_RagTag:1166932-1167426 -            165 2455at314147         -           1164   2.2e-07   25.3   1.4   1   2   0.00011     0.021    8.8   1.0   333   395     7    72     3    92 0.80 -
NW_025965227.1_RagTag:1166932-1167426 -            165 2455at314147         -           1164   2.2e-07   25.3   1.4   2   2   9.9e-07    0.0002   15.6   0.0   334   394    97   155    69   162 0.82 -
NW_025965297.1_RagTag:521908-522597   -            230 2455at314147         -           1164   3.3e-07   24.8   3.1   1   1   1.7e-09   3.3e-07   24.8   3.1  1039  1110   127   210   111   216 0.67 -
NW_025965008.1_RagTag:43569-43099     -            157 2455at314147         -           1164   9.3e-07   23.3   0.1   1   2     0.015         3    1.7   0.2   333   395     5    70     3    77 0.76 -
NW_025965008.1_RagTag:43569-43099     -            157 2455at314147         -           1164   9.3e-07   23.3   0.1   2   2     8e-09   1.6e-06   22.5   0.1   292   394    52   151    39   156 0.85 -
contig_2414_pilon:39-507              -            153 2455at314147         -           1164   3.1e-06   21.6   1.1   1   1   1.8e-08   3.6e-06   21.3   0.7   290   394    43   143    24   150 0.84 -
contig_67574_pilon:1299-1111          -             63 2455at314147         -           1164   0.00043   14.5   0.0   1   1   2.3e-06   0.00045   14.4   0.0   341   395     1    55     1    61 0.90 -
contig_57997_pilon:1599-169           -            370 2455at314147         -           1164      0.01    9.9   6.7   1   1   4.7e-05    0.0093   10.0   5.8   676   725   134   186   130   214 0.83 -
#
# Program:         hmmsearch
# Version:         3.1b2 (February 2015)
# Pipeline mode:   SEARCH
# Query file:      /home/bgerda/guppy_SUP/busco_downloads/lineages/glires_odb10/hmms/2455at314147.hmm
# Target file:     /home/bgerda/guppy_SUP/busco_results_racon/run_glires_odb10/metaeuk_output/rerun_results/ragtag.scaffold.fasta.modified.fas
# Option settings: hmmsearch --domtblout /home/bgerda/guppy_SUP/busco_results_racon/run_glires_odb10/hmmer_output/rerun_results/2455at314147.out --cpu 1 /home/bgerda/guppy_SUP/busco_downloads/lineages/glires_odb10/hmms/2455at314147.hmm /home/bgerda/guppy_SUP/busco_results_racon/run_glires_odb10/metaeuk_output/rerun_results/ragtag.scaffold.fasta.modified.fas 
# Current dir:     /home/bgerda/guppy_SUP
# Date:            Sun May 21 17:30:00 2023
# [ok]
