#                                                                                             --- full sequence --- -------------- this domain -------------   hmm coord   ali coord   env coord
# target name                         accession   tlen query name           accession   qlen   E-value  score  bias   #  of  c-Evalue  i-Evalue  score  bias  from    to  from    to  from    to  acc description of target
#                 ------------------- ---------- ----- -------------------- ---------- ----- --------- ------ ----- --- --- --------- --------- ------ ----- ----- ----- ----- ----- ----- ----- ---- ---------------------
NW_025965314.1_RagTag:573146-572487   -            220 25296at314147        -            288   1.8e-13   46.6   2.9   1   2   1.2e-11   1.8e-09   33.5   1.9    36   113    16    95     6   103 0.84 -
NW_025965314.1_RagTag:573146-572487   -            220 25296at314147        -            288   1.8e-13   46.6   2.9   2   2   2.9e-05    0.0045   12.5   0.0   194   225   143   174   102   205 0.78 -
NW_025965309.1_RagTag:3290555-3290193 -            121 25296at314147        -            288   4.6e-09   32.1   1.0   1   1   3.9e-11   6.1e-09   31.7   1.0    37    86    61   115    46   118 0.82 -
NW_025965317.1_RagTag:2732946-2735087 -            714 25296at314147        -            288     2e-07   26.8   0.6   1   1   2.9e-09   4.5e-07   25.6   0.6    38    96     3    61     1    88 0.83 -
NW_025965319.1_RagTag:4123940-4123488 -            151 25296at314147        -            288   1.6e-06   23.8   0.4   1   1   1.3e-08   2.1e-06   23.4   0.4    30    98    36   103    30   117 0.80 -
NW_025965225.1_RagTag:584155-583874   -             94 25296at314147        -            288    0.0002   16.9   5.0   1   1   1.4e-06   0.00021   16.8   5.0    37   122     3    87     1    93 0.80 -
NW_025965245.1_RagTag:400173-400936   -            124 25296at314147        -            288   0.00028   16.4   4.0   1   1   2.2e-06   0.00034   16.1   4.0    32    88     3    70     1   114 0.76 -
contig_83093_pilon:417-680            -             88 25296at314147        -            288    0.0004   15.9   0.9   1   1   2.6e-06   0.00041   15.9   0.9    38    84    38    85    18    88 0.85 -
NW_025965314.1_RagTag:614962-614699   -             88 25296at314147        -            288    0.0062   12.0   0.5   1   1     4e-05    0.0061   12.0   0.5    38    84    38    85    12    88 0.79 -
contig_5411_pilon:437-201             -             79 25296at314147        -            288    0.0065   12.0   0.7   1   1   4.1e-05    0.0064   12.0   0.7    38    84    29    76     9    79 0.80 -
#
# Program:         hmmsearch
# Version:         3.1b2 (February 2015)
# Pipeline mode:   SEARCH
# Query file:      /home/bgerda/guppy_SUP/busco_downloads/lineages/glires_odb10/hmms/25296at314147.hmm
# Target file:     /home/bgerda/guppy_SUP/busco_results_racon/run_glires_odb10/metaeuk_output/rerun_results/ragtag.scaffold.fasta.modified.fas
# Option settings: hmmsearch --domtblout /home/bgerda/guppy_SUP/busco_results_racon/run_glires_odb10/hmmer_output/rerun_results/25296at314147.out --cpu 1 /home/bgerda/guppy_SUP/busco_downloads/lineages/glires_odb10/hmms/25296at314147.hmm /home/bgerda/guppy_SUP/busco_results_racon/run_glires_odb10/metaeuk_output/rerun_results/ragtag.scaffold.fasta.modified.fas 
# Current dir:     /home/bgerda/guppy_SUP
# Date:            Sun May 21 17:29:51 2023
# [ok]
