#                                                                                             --- full sequence --- -------------- this domain -------------   hmm coord   ali coord   env coord
# target name                         accession   tlen query name           accession   qlen   E-value  score  bias   #  of  c-Evalue  i-Evalue  score  bias  from    to  from    to  from    to  acc description of target
#                 ------------------- ---------- ----- -------------------- ---------- ----- --------- ------ ----- --- --- --------- --------- ------ ----- ----- ----- ----- ----- ----- ----- ---- ---------------------
NW_025965022.1_RagTag:199283-198408   -            292 25336at314147        -            323   6.7e-13   44.9   1.1   1   2   4.9e-08   1.1e-05   21.2   0.1    35   164    10   147     5   148 0.81 -
NW_025965022.1_RagTag:199283-198408   -            292 25336at314147        -            323   6.7e-13   44.9   1.1   2   2   6.2e-10   1.4e-07   27.4   0.2    41   188   121   274   108   284 0.70 -
NW_025965103.1_RagTag:1074475-1074972 -            166 25336at314147        -            323   2.1e-07   26.9   0.1   1   1   1.1e-09   2.5e-07   26.6   0.1    48   189     2   149     1   158 0.76 -
NW_025965317.1_RagTag:2345417-2346205 -            263 25336at314147        -            323    0.0019   13.9   0.0   1   1   4.9e-05     0.011   11.3   0.0    72   250    37   203    22   227 0.69 -
NW_025965230.1_RagTag:945904-945482   -            141 25336at314147        -            323     0.005   12.5   0.9   1   2     0.048        11    1.5   0.1   289   309    12    32     6    37 0.86 -
NW_025965230.1_RagTag:945904-945482   -            141 25336at314147        -            323     0.005   12.5   0.9   2   2   0.00051      0.12    8.0   0.1   226   304    37   131    32   139 0.52 -
NW_025965256.1_RagTag:611213-608748   -            158 25336at314147        -            323    0.0069   12.0   0.0   1   2      0.11        26    0.3   0.0    37    61    62    82     3    87 0.67 -
NW_025965256.1_RagTag:611213-608748   -            158 25336at314147        -            323    0.0069   12.0   0.0   2   2   0.00015     0.035    9.7   0.0    44    79   118   156   102   158 0.65 -
NW_025965022.1_RagTag:199304-199059   -             82 25336at314147        -            323     0.007   12.0   0.0   1   1   3.3e-05    0.0076   11.9   0.0    34    86    16    76     6    82 0.76 -
#
# Program:         hmmsearch
# Version:         3.1b2 (February 2015)
# Pipeline mode:   SEARCH
# Query file:      /home/bgerda/guppy_SUP/busco_downloads/lineages/glires_odb10/hmms/25336at314147.hmm
# Target file:     /home/bgerda/guppy_SUP/busco_results_racon/run_glires_odb10/metaeuk_output/rerun_results/ragtag.scaffold.fasta.modified.fas
# Option settings: hmmsearch --domtblout /home/bgerda/guppy_SUP/busco_results_racon/run_glires_odb10/hmmer_output/rerun_results/25336at314147.out --cpu 1 /home/bgerda/guppy_SUP/busco_downloads/lineages/glires_odb10/hmms/25336at314147.hmm /home/bgerda/guppy_SUP/busco_results_racon/run_glires_odb10/metaeuk_output/rerun_results/ragtag.scaffold.fasta.modified.fas 
# Current dir:     /home/bgerda/guppy_SUP
# Date:            Sun May 21 17:30:01 2023
# [ok]
