#                                                                                             --- full sequence --- -------------- this domain -------------   hmm coord   ali coord   env coord
# target name                         accession   tlen query name           accession   qlen   E-value  score  bias   #  of  c-Evalue  i-Evalue  score  bias  from    to  from    to  from    to  acc description of target
#                 ------------------- ---------- ----- -------------------- ---------- ----- --------- ------ ----- --- --- --------- --------- ------ ----- ----- ----- ----- ----- ----- ----- ---- ---------------------
NW_025965230.1_RagTag:945904-945482   -            141 25566at314147        -            272   9.7e-25   83.6   0.0   1   2   5.2e-25   1.2e-22   76.7   0.0   175   265     1   104     1   105 0.79 -
NW_025965230.1_RagTag:945904-945482   -            141 25566at314147        -            272   9.7e-25   83.6   0.0   2   2   0.00071      0.16    7.4   0.0    64   110    78   124    71   132 0.74 -
NW_025965022.1_RagTag:199283-198408   -            292 25566at314147        -            272   8.3e-12   41.2   0.5   1   3   7.3e-07   0.00017   17.2   0.1   125   238     8   135     3   142 0.72 -
NW_025965022.1_RagTag:199283-198408   -            292 25566at314147        -            272   8.3e-12   41.2   0.5   2   3     7e-06    0.0016   13.9   0.0    67   148   148   233   140   241 0.77 -
NW_025965022.1_RagTag:199283-198408   -            292 25566at314147        -            272   8.3e-12   41.2   0.5   3   3    0.0023      0.53    5.7   0.0    68    98   246   276   238   292 0.78 -
NW_025965317.1_RagTag:2345417-2346205 -            263 25566at314147        -            272   1.9e-09   33.4   0.0   1   1     1e-11   2.3e-09   33.1   0.0    70   244    31   212     4   243 0.74 -
NW_025965103.1_RagTag:1074475-1074972 -            166 25566at314147        -            272     4e-07   25.8   0.1   1   2   7.7e-07   0.00018   17.1   0.0    67   149    22   108    14   117 0.80 -
NW_025965103.1_RagTag:1074475-1074972 -            166 25566at314147        -            272     4e-07   25.8   0.1   2   2   0.00095      0.22    7.0   0.0    68    99   120   151   113   166 0.77 -
NW_025965256.1_RagTag:611213-608748   -            158 25566at314147        -            272   1.6e-05   20.5   0.0   1   2   2.2e-05     0.005   12.4   0.0     7    42    53    88    48    93 0.86 -
NW_025965256.1_RagTag:611213-608748   -            158 25566at314147        -            272   1.6e-05   20.5   0.0   2   2    0.0016      0.38    6.2   0.0    12    39   112   138   103   151 0.73 -
NW_025965022.1_RagTag:199304-199059   -             82 25566at314147        -            272    0.0024   13.4   0.1   1   2    0.0024      0.55    5.7   0.0     5    36    12    43     8    49 0.83 -
NW_025965022.1_RagTag:199304-199059   -             82 25566at314147        -            272    0.0024   13.4   0.1   2   2    0.0015      0.34    6.4   0.0    67    91    52    76    45    82 0.84 -
#
# Program:         hmmsearch
# Version:         3.1b2 (February 2015)
# Pipeline mode:   SEARCH
# Query file:      /home/bgerda/guppy_SUP/busco_downloads/lineages/glires_odb10/hmms/25566at314147.hmm
# Target file:     /home/bgerda/guppy_SUP/busco_results_racon/run_glires_odb10/metaeuk_output/rerun_results/ragtag.scaffold.fasta.modified.fas
# Option settings: hmmsearch --domtblout /home/bgerda/guppy_SUP/busco_results_racon/run_glires_odb10/hmmer_output/rerun_results/25566at314147.out --cpu 1 /home/bgerda/guppy_SUP/busco_downloads/lineages/glires_odb10/hmms/25566at314147.hmm /home/bgerda/guppy_SUP/busco_results_racon/run_glires_odb10/metaeuk_output/rerun_results/ragtag.scaffold.fasta.modified.fas 
# Current dir:     /home/bgerda/guppy_SUP
# Date:            Sun May 21 17:29:50 2023
# [ok]
