#                                                                                             --- full sequence --- -------------- this domain -------------   hmm coord   ali coord   env coord
# target name                         accession   tlen query name           accession   qlen   E-value  score  bias   #  of  c-Evalue  i-Evalue  score  bias  from    to  from    to  from    to  acc description of target
#                 ------------------- ---------- ----- -------------------- ---------- ----- --------- ------ ----- --- --- --------- --------- ------ ----- ----- ----- ----- ----- ----- ----- ---- ---------------------
NW_025965287.1_RagTag:1440279-1439407 -            289 25799at314147        -            323   1.6e-11   39.9   1.8   1   4   1.6e-07   5.7e-05   18.5   0.1   197   267    16    84     8    95 0.90 -
NW_025965287.1_RagTag:1440279-1439407 -            289 25799at314147        -            323   1.6e-11   39.9   1.8   2   4     0.004       1.4    4.0   0.0   240   267    97   124    86   136 0.78 -
NW_025965287.1_RagTag:1440279-1439407 -            289 25799at314147        -            323   1.6e-11   39.9   1.8   3   4   5.5e-06    0.0019   13.4   0.0   198   269   141   211   125   238 0.81 -
NW_025965287.1_RagTag:1440279-1439407 -            289 25799at314147        -            323   1.6e-11   39.9   1.8   4   4      0.16        57   -1.3   0.0    77   108   251   282   218   283 0.59 -
contig_13085_pilon:864-71             -            219 25799at314147        -            323   3.1e-06   22.6   0.0   1   2   8.3e-07   0.00029   16.1   0.0   183   267    24   108    12   114 0.79 -
contig_13085_pilon:864-71             -            219 25799at314147        -            323   3.1e-06   22.6   0.0   2   2    0.0046       1.6    3.8   0.0     5    42   114   151   110   201 0.68 -
NW_025965155.1_RagTag:64307-63339     -            323 25799at314147        -            323   0.00052   15.3   0.2   1   4    0.0045       1.6    3.9   0.0   234   270    16    52     4    63 0.85 -
NW_025965155.1_RagTag:64307-63339     -            323 25799at314147        -            323   0.00052   15.3   0.2   2   4      0.33   1.2e+02   -2.3   0.0    67    88    94   116    67   122 0.58 -
NW_025965155.1_RagTag:64307-63339     -            323 25799at314147        -            323   0.00052   15.3   0.2   3   4     0.005       1.8    3.7   0.0   239   269   152   182   128   190 0.82 -
NW_025965155.1_RagTag:64307-63339     -            323 25799at314147        -            323   0.00052   15.3   0.2   4   4    0.0064       2.2    3.4   0.1    14    81   196   264   183   276 0.57 -
NW_025965321.1_RagTag:2930434-2928056 -            522 25799at314147        -            323    0.0023   13.2   0.6   1   2    0.0011      0.39    5.9   0.1   196   264   189   260   167   268 0.71 -
NW_025965321.1_RagTag:2930434-2928056 -            522 25799at314147        -            323    0.0023   13.2   0.6   2   2    0.0023      0.81    4.8   0.0   231   265   268   303   262   308 0.84 -
#
# Program:         hmmsearch
# Version:         3.1b2 (February 2015)
# Pipeline mode:   SEARCH
# Query file:      /home/bgerda/guppy_SUP/busco_downloads/lineages/glires_odb10/hmms/25799at314147.hmm
# Target file:     /home/bgerda/guppy_SUP/busco_results_racon/run_glires_odb10/metaeuk_output/rerun_results/ragtag.scaffold.fasta.modified.fas
# Option settings: hmmsearch --domtblout /home/bgerda/guppy_SUP/busco_results_racon/run_glires_odb10/hmmer_output/rerun_results/25799at314147.out --cpu 1 /home/bgerda/guppy_SUP/busco_downloads/lineages/glires_odb10/hmms/25799at314147.hmm /home/bgerda/guppy_SUP/busco_results_racon/run_glires_odb10/metaeuk_output/rerun_results/ragtag.scaffold.fasta.modified.fas 
# Current dir:     /home/bgerda/guppy_SUP
# Date:            Sun May 21 17:29:52 2023
# [ok]
