#                                                                                             --- full sequence --- -------------- this domain -------------   hmm coord   ali coord   env coord
# target name                         accession   tlen query name           accession   qlen   E-value  score  bias   #  of  c-Evalue  i-Evalue  score  bias  from    to  from    to  from    to  acc description of target
#                 ------------------- ---------- ----- -------------------- ---------- ----- --------- ------ ----- --- --- --------- --------- ------ ----- ----- ----- ----- ----- ----- ----- ---- ---------------------
NW_025965363.1_RagTag:44864-40287     -            244 26264at314147        -            290   2.4e-29   98.8   0.0   1   1   1.8e-31     3e-29   98.5   0.0   104   254    39   194    15   212 0.83 -
NW_025965289.1_RagTag:138840-140296   -            232 26264at314147        -            290   2.8e-22   75.6   0.5   1   1   1.9e-24   3.3e-22   75.4   0.5    93   273    16   207    11   229 0.76 -
NW_025965148.1_RagTag:7181-6385       -            265 26264at314147        -            290   2.8e-18   62.5   0.0   1   1     2e-20   3.4e-18   62.2   0.0    96   261    68   237    15   263 0.82 -
contig_4568_pilon:1304-1546           -             81 26264at314147        -            290   7.3e-06   21.7   1.4   1   1   4.5e-08   7.9e-06   21.6   0.8    16    45     6    35     1    40 0.84 -
NW_025965319.1_RagTag:4123940-4123488 -            151 26264at314147        -            290   0.00022   16.9   1.2   1   1   1.9e-06   0.00033   16.3   1.2    14    45    46    77    31   101 0.80 -
NW_025965245.1_RagTag:400173-400936   -            124 26264at314147        -            290   0.00096   14.8   1.2   1   1   5.5e-06   0.00096   14.8   1.2     8    40     2    37     1    51 0.83 -
NW_025965322.1_RagTag:1227246-1228055 -            270 26264at314147        -            290    0.0013   14.4   0.5   1   2   7.5e-06    0.0013   14.4   0.5    11    43     5    40     1    60 0.82 -
NW_025965322.1_RagTag:1227246-1228055 -            270 26264at314147        -            290    0.0013   14.4   0.5   2   2       1.9   3.3e+02   -3.4   0.1    12    37    93   121    88   127 0.70 -
NW_025965225.1_RagTag:584155-583874   -             94 26264at314147        -            290    0.0053   12.4   3.8   1   1   3.8e-05    0.0067   12.0   3.8    15    44     7    36     1    48 0.80 -
#
# Program:         hmmsearch
# Version:         3.1b2 (February 2015)
# Pipeline mode:   SEARCH
# Query file:      /home/bgerda/guppy_SUP/busco_downloads/lineages/glires_odb10/hmms/26264at314147.hmm
# Target file:     /home/bgerda/guppy_SUP/busco_results_racon/run_glires_odb10/metaeuk_output/rerun_results/ragtag.scaffold.fasta.modified.fas
# Option settings: hmmsearch --domtblout /home/bgerda/guppy_SUP/busco_results_racon/run_glires_odb10/hmmer_output/rerun_results/26264at314147.out --cpu 1 /home/bgerda/guppy_SUP/busco_downloads/lineages/glires_odb10/hmms/26264at314147.hmm /home/bgerda/guppy_SUP/busco_results_racon/run_glires_odb10/metaeuk_output/rerun_results/ragtag.scaffold.fasta.modified.fas 
# Current dir:     /home/bgerda/guppy_SUP
# Date:            Sun May 21 17:30:00 2023
# [ok]
