#                                                                                             --- full sequence --- -------------- this domain -------------   hmm coord   ali coord   env coord
# target name                         accession   tlen query name           accession   qlen   E-value  score  bias   #  of  c-Evalue  i-Evalue  score  bias  from    to  from    to  from    to  acc description of target
#                 ------------------- ---------- ----- -------------------- ---------- ----- --------- ------ ----- --- --- --------- --------- ------ ----- ----- ----- ----- ----- ----- ----- ---- ---------------------
NW_025965022.1_RagTag:199283-198408   -            292 26605at314147        -            261   5.5e-24   81.3   2.8   1   2   6.3e-07   0.00015   17.7   0.1   174   251    16    93    10   104 0.75 -
NW_025965022.1_RagTag:199283-198408   -            292 26605at314147        -            261   5.5e-24   81.3   2.8   2   2   3.1e-23   7.3e-21   71.1   0.6    21   249    43   290    36   292 0.79 -
NW_025965103.1_RagTag:1074475-1074972 -            166 26605at314147        -            261   2.7e-16   56.1   0.2   1   1   1.5e-18   3.5e-16   55.7   0.2   108   249    20   164     6   166 0.77 -
NW_025965317.1_RagTag:2345417-2346205 -            263 26605at314147        -            261   3.4e-11   39.4   0.0   1   2     2e-08   4.7e-06   22.6   0.0   184   253    11    77     4    83 0.84 -
NW_025965317.1_RagTag:2345417-2346205 -            263 26605at314147        -            261   3.4e-11   39.4   0.0   2   2   1.5e-05    0.0035   13.1   0.0   101   201   108   210    89   261 0.61 -
NW_025965230.1_RagTag:945904-945482   -            141 26605at314147        -            261   3.5e-07   26.2   0.0   1   1     3e-09   6.9e-07   25.3   0.0   143   257    11   135     4   138 0.74 -
NW_025965256.1_RagTag:611213-608748   -            158 26605at314147        -            261   4.4e-05   19.4   0.1   1   2      0.03         7    2.3   0.0   221   256     2    37     1    42 0.89 -
NW_025965256.1_RagTag:611213-608748   -            158 26605at314147        -            261   4.4e-05   19.4   0.1   2   2   3.9e-06    0.0009   15.1   0.0   187   220   119   156   102   158 0.82 -
NW_025965022.1_RagTag:199304-199059   -             82 26605at314147        -            261   0.00028   16.7   0.0   1   1   1.3e-06    0.0003   16.6   0.0    92   136    33    78     3    82 0.60 -
#
# Program:         hmmsearch
# Version:         3.1b2 (February 2015)
# Pipeline mode:   SEARCH
# Query file:      /home/bgerda/guppy_SUP/busco_downloads/lineages/glires_odb10/hmms/26605at314147.hmm
# Target file:     /home/bgerda/guppy_SUP/busco_results_racon/run_glires_odb10/metaeuk_output/rerun_results/ragtag.scaffold.fasta.modified.fas
# Option settings: hmmsearch --domtblout /home/bgerda/guppy_SUP/busco_results_racon/run_glires_odb10/hmmer_output/rerun_results/26605at314147.out --cpu 1 /home/bgerda/guppy_SUP/busco_downloads/lineages/glires_odb10/hmms/26605at314147.hmm /home/bgerda/guppy_SUP/busco_results_racon/run_glires_odb10/metaeuk_output/rerun_results/ragtag.scaffold.fasta.modified.fas 
# Current dir:     /home/bgerda/guppy_SUP
# Date:            Sun May 21 17:29:53 2023
# [ok]
