#                                                                                             --- full sequence --- -------------- this domain -------------   hmm coord   ali coord   env coord
# target name                         accession   tlen query name           accession   qlen   E-value  score  bias   #  of  c-Evalue  i-Evalue  score  bias  from    to  from    to  from    to  acc description of target
#                 ------------------- ---------- ----- -------------------- ---------- ----- --------- ------ ----- --- --- --------- --------- ------ ----- ----- ----- ----- ----- ----- ----- ---- ---------------------
NW_025965230.1_RagTag:945904-945482   -            141 26670at314147        -            275   9.3e-73  241.2   0.3   1   1   6.2e-75   1.4e-72  240.6   0.3   154   275     1   136     1   136 0.97 -
NW_025965022.1_RagTag:199283-198408   -            292 26670at314147        -            275   9.1e-15   51.0   1.2   1   4    0.0018      0.43    6.2   0.1   105   137     7    39     2    46 0.83 -
NW_025965022.1_RagTag:199283-198408   -            292 26670at314147        -            275   9.1e-15   51.0   1.2   2   4   2.6e-06   0.00059   15.5   0.0    50   131    44   138    38   145 0.76 -
NW_025965022.1_RagTag:199283-198408   -            292 26670at314147        -            275   9.1e-15   51.0   1.2   3   4   8.5e-06     0.002   13.8   0.0    51   100   148   197   142   237 0.79 -
NW_025965022.1_RagTag:199283-198408   -            292 26670at314147        -            275   9.1e-15   51.0   1.2   4   4   6.7e-05     0.016   10.9   0.0    51    98   245   291   237   292 0.82 -
NW_025965103.1_RagTag:1074475-1074972 -            166 26670at314147        -            275     6e-09   31.9   0.1   1   2   1.6e-06   0.00037   16.2   0.0    51   128    22   106    16   111 0.74 -
NW_025965103.1_RagTag:1074475-1074972 -            166 26670at314147        -            275     6e-09   31.9   0.1   2   2   2.7e-05    0.0062   12.2   0.0    51    98   119   165   113   166 0.82 -
NW_025965317.1_RagTag:2345417-2346205 -            263 26670at314147        -            275     1e-07   27.9   0.0   1   1   6.6e-10   1.5e-07   27.3   0.0    55   213    32   213     5   259 0.74 -
NW_025965022.1_RagTag:199304-199059   -             82 26670at314147        -            275   0.00043   16.0   0.2   1   2    0.0001     0.024   10.3   0.1   103   137    12    46     1    52 0.78 -
NW_025965022.1_RagTag:199304-199059   -             82 26670at314147        -            275   0.00043   16.0   0.2   2   2    0.0047       1.1    4.9   0.0    50    78    51    79    45    82 0.86 -
NW_025965256.1_RagTag:611213-608748   -            158 26670at314147        -            275    0.0051   12.5   0.0   1   2    0.0054       1.2    4.6   0.0   101   138    53    86    47    91 0.76 -
NW_025965256.1_RagTag:611213-608748   -            158 26670at314147        -            275    0.0051   12.5   0.0   2   2    0.0023      0.54    5.8   0.0     4    19   119   134   116   151 0.80 -
#
# Program:         hmmsearch
# Version:         3.1b2 (February 2015)
# Pipeline mode:   SEARCH
# Query file:      /home/bgerda/guppy_SUP/busco_downloads/lineages/glires_odb10/hmms/26670at314147.hmm
# Target file:     /home/bgerda/guppy_SUP/busco_results_racon/run_glires_odb10/metaeuk_output/rerun_results/ragtag.scaffold.fasta.modified.fas
# Option settings: hmmsearch --domtblout /home/bgerda/guppy_SUP/busco_results_racon/run_glires_odb10/hmmer_output/rerun_results/26670at314147.out --cpu 1 /home/bgerda/guppy_SUP/busco_downloads/lineages/glires_odb10/hmms/26670at314147.hmm /home/bgerda/guppy_SUP/busco_results_racon/run_glires_odb10/metaeuk_output/rerun_results/ragtag.scaffold.fasta.modified.fas 
# Current dir:     /home/bgerda/guppy_SUP
# Date:            Sun May 21 17:29:54 2023
# [ok]
