#                                                                                             --- full sequence --- -------------- this domain -------------   hmm coord   ali coord   env coord
# target name                         accession   tlen query name           accession   qlen   E-value  score  bias   #  of  c-Evalue  i-Evalue  score  bias  from    to  from    to  from    to  acc description of target
#                 ------------------- ---------- ----- -------------------- ---------- ----- --------- ------ ----- --- --- --------- --------- ------ ----- ----- ----- ----- ----- ----- ----- ---- ---------------------
NW_025965230.1_RagTag:945904-945482   -            141 26693at314147        -            301   1.2e-12   44.2   0.0   1   1   6.3e-15   1.5e-12   43.9   0.0   173   294     8   132     4   138 0.83 -
NW_025965022.1_RagTag:199283-198408   -            292 26693at314147        -            301   4.1e-12   42.4   0.3   1   2   1.1e-06   0.00024   16.9   0.0   203   291     7    93     3   102 0.88 -
NW_025965022.1_RagTag:199283-198408   -            292 26693at314147        -            301   4.1e-12   42.4   0.3   2   2   1.1e-08   2.6e-06   23.3   0.1    20   165   112   268   107   277 0.77 -
NW_025965317.1_RagTag:2345417-2346205 -            263 26693at314147        -            301   6.3e-08   28.7   0.0   1   2   8.8e-07    0.0002   17.1   0.0    27   168     8   146     2   160 0.73 -
NW_025965317.1_RagTag:2345417-2346205 -            263 26693at314147        -            301   6.3e-08   28.7   0.0   2   2   0.00035     0.082    8.6   0.0     8    59   167   222   162   259 0.78 -
NW_025965103.1_RagTag:1074475-1074972 -            166 26693at314147        -            301   1.9e-05   20.6   0.0   1   1   8.9e-08   2.1e-05   20.4   0.0    62   165    33   142     1   156 0.75 -
NW_025965256.1_RagTag:611213-608748   -            158 26693at314147        -            301   9.5e-05   18.2   0.0   1   2    0.0067       1.5    4.4   0.0   113   142    54    83     5    94 0.79 -
NW_025965256.1_RagTag:611213-608748   -            158 26693at314147        -            301   9.5e-05   18.2   0.0   2   2   3.3e-05    0.0076   12.0   0.0   126   159   120   156   103   158 0.85 -
NW_025965022.1_RagTag:199304-199059   -             82 26693at314147        -            301    0.0042   12.8   0.0   1   1   2.4e-05    0.0055   12.4   0.0   203   272    14    81     6    82 0.78 -
#
# Program:         hmmsearch
# Version:         3.1b2 (February 2015)
# Pipeline mode:   SEARCH
# Query file:      /home/bgerda/guppy_SUP/busco_downloads/lineages/glires_odb10/hmms/26693at314147.hmm
# Target file:     /home/bgerda/guppy_SUP/busco_results_racon/run_glires_odb10/metaeuk_output/rerun_results/ragtag.scaffold.fasta.modified.fas
# Option settings: hmmsearch --domtblout /home/bgerda/guppy_SUP/busco_results_racon/run_glires_odb10/hmmer_output/rerun_results/26693at314147.out --cpu 1 /home/bgerda/guppy_SUP/busco_downloads/lineages/glires_odb10/hmms/26693at314147.hmm /home/bgerda/guppy_SUP/busco_results_racon/run_glires_odb10/metaeuk_output/rerun_results/ragtag.scaffold.fasta.modified.fas 
# Current dir:     /home/bgerda/guppy_SUP
# Date:            Sun May 21 17:29:59 2023
# [ok]
