#                                                                                             --- full sequence --- -------------- this domain -------------   hmm coord   ali coord   env coord
# target name                         accession   tlen query name           accession   qlen   E-value  score  bias   #  of  c-Evalue  i-Evalue  score  bias  from    to  from    to  from    to  acc description of target
#                 ------------------- ---------- ----- -------------------- ---------- ----- --------- ------ ----- --- --- --------- --------- ------ ----- ----- ----- ----- ----- ----- ----- ---- ---------------------
NW_025965321.1_RagTag:2550329-2548080 -            750 2690at314147         -           1196  8.4e-264  874.4 120.1   1   1  5.7e-262  8.8e-260  861.0 120.1   344   948    10   750     5   750 0.90 -
NW_025965188.1_RagTag:427998-428411   -            138 2690at314147         -           1196   3.5e-07   24.4   0.5   1   2   0.00021     0.033    7.9   0.0   117   180     2    66     1    72 0.87 -
NW_025965188.1_RagTag:427998-428411   -            138 2690at314147         -           1196   3.5e-07   24.4   0.5   2   2     5e-08   7.7e-06   19.9   0.9   102   201    21   133    20   138 0.77 -
NW_025965163.1_RagTag:38535-29734     -            742 2690at314147         -           1196   8.6e-06   19.8   0.0   1   2         9   1.4e+03  -10.9  11.0   822   857    90   125    75   153 0.61 -
NW_025965163.1_RagTag:38535-29734     -            742 2690at314147         -           1196   8.6e-06   19.8   0.0   2   2   5.6e-08   8.6e-06   19.8   0.0   133   174   473   514   459   532 0.87 -
NW_025965288.1_RagTag:99944-99699     -             82 2690at314147         -           1196   1.4e-05   19.1   0.0   1   1   9.5e-08   1.5e-05   19.0   0.0   113   167     7    64     3    80 0.84 -
NW_025965296.1_RagTag:679183-678884   -            100 2690at314147         -           1196   1.8e-05   18.7   0.0   1   1   1.1e-07   1.8e-05   18.7   0.0   114   175    29    90     2   100 0.82 -
NW_025965352.1_RagTag:102445-103867   -            274 2690at314147         -           1196    0.0007   13.4   0.0   1   1   5.5e-06   0.00086   13.2   0.0   132   186     3    57     1    72 0.89 -
NW_025965182.1_RagTag:1127015-1127179 -             55 2690at314147         -           1196    0.0023   11.7   0.0   1   1   1.5e-05    0.0023   11.7   0.0   120   164    10    54     2    55 0.79 -
NW_025965287.1_RagTag:1503606-1508138 -            432 2690at314147         -           1196     0.004   10.9   0.3   1   1   3.5e-05    0.0054   10.5   0.3    34   151   353   411   321   427 0.57 -
NW_025965344.1_RagTag:40631-35279     -            181 2690at314147         -           1196     0.023    8.4   0.0   1   1   0.00016     0.025    8.3   0.0   101   175    90   161    26   173 0.65 -
#
# Program:         hmmsearch
# Version:         3.1b2 (February 2015)
# Pipeline mode:   SEARCH
# Query file:      /home/bgerda/guppy_SUP/busco_downloads/lineages/glires_odb10/hmms/2690at314147.hmm
# Target file:     /home/bgerda/guppy_SUP/busco_results_racon/run_glires_odb10/metaeuk_output/rerun_results/ragtag.scaffold.fasta.modified.fas
# Option settings: hmmsearch --domtblout /home/bgerda/guppy_SUP/busco_results_racon/run_glires_odb10/hmmer_output/rerun_results/2690at314147.out --cpu 1 /home/bgerda/guppy_SUP/busco_downloads/lineages/glires_odb10/hmms/2690at314147.hmm /home/bgerda/guppy_SUP/busco_results_racon/run_glires_odb10/metaeuk_output/rerun_results/ragtag.scaffold.fasta.modified.fas 
# Current dir:     /home/bgerda/guppy_SUP
# Date:            Sun May 21 17:30:03 2023
# [ok]
