#                                                                                             --- full sequence --- -------------- this domain -------------   hmm coord   ali coord   env coord
# target name                         accession   tlen query name           accession   qlen   E-value  score  bias   #  of  c-Evalue  i-Evalue  score  bias  from    to  from    to  from    to  acc description of target
#                 ------------------- ---------- ----- -------------------- ---------- ----- --------- ------ ----- --- --- --------- --------- ------ ----- ----- ----- ----- ----- ----- ----- ---- ---------------------
NW_025965324.1_RagTag:2927304-2928146 -            184 27316at314147        -            360   5.2e-26   88.3   2.3   1   1   3.9e-28   6.1e-26   88.0   2.3    62   202    19   167     3   177 0.65 -
NW_025965275.1_RagTag:420401-420210   -             64 27316at314147        -            360   6.5e-22   74.8   3.5   1   1   4.5e-24   6.9e-22   74.7   3.5   130   182     9    64     2    64 0.91 -
NW_025965324.1_RagTag:2915185-2915394 -             70 27316at314147        -            360   1.4e-18   63.8   0.8   1   1   9.6e-21   1.5e-18   63.7   0.8   129   181    10    65     1    69 0.86 -
NW_025965228.1_RagTag:17095-16619     -             74 27316at314147        -            360   7.8e-09   31.8   1.9   1   1   5.6e-11   8.6e-09   31.6   1.9   128   182    16    73     9    74 0.85 -
NW_025965266.1_RagTag:206462-207725   -            126 27316at314147        -            360     9e-09   31.6   0.5   1   1     9e-11   1.4e-08   30.9   0.2   129   161    89   121    68   126 0.83 -
NW_025965284.1_RagTag:345181-345417   -             79 27316at314147        -            360   4.3e-08   29.3   0.1   1   1   2.8e-10   4.3e-08   29.3   0.1   130   172    34    79     6    79 0.85 -
NW_025965177.1_RagTag:229533-229225   -            103 27316at314147        -            360   5.7e-08   28.9   6.0   1   1   6.9e-10   1.1e-07   28.0   6.0   129   176    53   103     6   103 0.88 -
NW_025965218.1_RagTag:1315724-1313338 -            219 27316at314147        -            360   0.00012   18.0   1.0   1   1   1.1e-06   0.00017   17.5   1.0   150   180   113   143    85   194 0.82 -
NW_025965309.1_RagTag:3204112-3203780 -            111 27316at314147        -            360      0.11    8.3  20.8   1   1     0.041       6.3    2.4  20.2   160   200    11    54     2    99 0.61 -
#
# Program:         hmmsearch
# Version:         3.1b2 (February 2015)
# Pipeline mode:   SEARCH
# Query file:      /home/bgerda/guppy_SUP/busco_downloads/lineages/glires_odb10/hmms/27316at314147.hmm
# Target file:     /home/bgerda/guppy_SUP/busco_results_racon/run_glires_odb10/metaeuk_output/rerun_results/ragtag.scaffold.fasta.modified.fas
# Option settings: hmmsearch --domtblout /home/bgerda/guppy_SUP/busco_results_racon/run_glires_odb10/hmmer_output/rerun_results/27316at314147.out --cpu 1 /home/bgerda/guppy_SUP/busco_downloads/lineages/glires_odb10/hmms/27316at314147.hmm /home/bgerda/guppy_SUP/busco_results_racon/run_glires_odb10/metaeuk_output/rerun_results/ragtag.scaffold.fasta.modified.fas 
# Current dir:     /home/bgerda/guppy_SUP
# Date:            Sun May 21 17:29:54 2023
# [ok]
