#                                                                                             --- full sequence --- -------------- this domain -------------   hmm coord   ali coord   env coord
# target name                         accession   tlen query name           accession   qlen   E-value  score  bias   #  of  c-Evalue  i-Evalue  score  bias  from    to  from    to  from    to  acc description of target
#                 ------------------- ---------- ----- -------------------- ---------- ----- --------- ------ ----- --- --- --------- --------- ------ ----- ----- ----- ----- ----- ----- ----- ---- ---------------------
NW_025965251.1_RagTag:807004-807644   -            208 27394at314147        -            267   4.1e-18   61.8   6.1   1   2   1.1e-17   2.6e-15   52.6   3.1    71   185    29   125     3   134 0.84 -
NW_025965251.1_RagTag:807004-807644   -            208 27394at314147        -            267   4.1e-18   61.8   6.1   2   2      0.65   1.5e+02   -2.3   0.0   222   246   181   205   177   208 0.81 -
NW_025965272.1_RagTag:152561-153592   -            205 27394at314147        -            267   6.3e-05   18.6   0.0   1   1   4.3e-07    0.0001   17.9   0.0    65   103   164   202   131   205 0.90 -
NW_025965324.1_RagTag:2915185-2915394 -             70 27394at314147        -            267   0.00029   16.4   1.1   1   1   1.4e-06   0.00033   16.3   1.1   160   213     5    58     2    64 0.89 -
NW_025965228.1_RagTag:17095-16619     -             74 27394at314147        -            267    0.0058   12.2   1.8   1   1   2.7e-05    0.0063   12.0   1.8   159   213     9    65     2    71 0.77 -
NW_025965275.1_RagTag:420401-420210   -             64 27394at314147        -            267     0.014   10.9   1.8   1   1   6.7e-05     0.015   10.8   1.8   160   213     3    56     1    61 0.91 -
NW_025965300.1_RagTag:1697831-1699783 -            651 27394at314147        -            267     0.019   10.4   2.3   1   4     0.038       8.9    1.7   0.0   179   212   167   200   158   213 0.84 -
NW_025965300.1_RagTag:1697831-1699783 -            651 27394at314147        -            267     0.019   10.4   2.3   2   4      0.61   1.4e+02   -2.2   0.0   174   213   342   381   332   388 0.82 -
NW_025965300.1_RagTag:1697831-1699783 -            651 27394at314147        -            267     0.019   10.4   2.3   3   4    0.0043         1    4.8   0.1   174   216   432   474   421   482 0.88 -
NW_025965300.1_RagTag:1697831-1699783 -            651 27394at314147        -            267     0.019   10.4   2.3   4   4     0.079        18    0.7   0.1   178   211   535   568   525   578 0.75 -
#
# Program:         hmmsearch
# Version:         3.1b2 (February 2015)
# Pipeline mode:   SEARCH
# Query file:      /home/bgerda/guppy_SUP/busco_downloads/lineages/glires_odb10/hmms/27394at314147.hmm
# Target file:     /home/bgerda/guppy_SUP/busco_results_racon/run_glires_odb10/metaeuk_output/rerun_results/ragtag.scaffold.fasta.modified.fas
# Option settings: hmmsearch --domtblout /home/bgerda/guppy_SUP/busco_results_racon/run_glires_odb10/hmmer_output/rerun_results/27394at314147.out --cpu 1 /home/bgerda/guppy_SUP/busco_downloads/lineages/glires_odb10/hmms/27394at314147.hmm /home/bgerda/guppy_SUP/busco_results_racon/run_glires_odb10/metaeuk_output/rerun_results/ragtag.scaffold.fasta.modified.fas 
# Current dir:     /home/bgerda/guppy_SUP
# Date:            Sun May 21 17:29:54 2023
# [ok]
