#                                                                                             --- full sequence --- -------------- this domain -------------   hmm coord   ali coord   env coord
# target name                         accession   tlen query name           accession   qlen   E-value  score  bias   #  of  c-Evalue  i-Evalue  score  bias  from    to  from    to  from    to  acc description of target
#                 ------------------- ---------- ----- -------------------- ---------- ----- --------- ------ ----- --- --- --------- --------- ------ ----- ----- ----- ----- ----- ----- ----- ---- ---------------------
NW_025965188.1_RagTag:427998-428411   -            138 27616at314147        -            243   2.3e-12   43.4   1.4   1   1   7.8e-13   1.4e-10   37.6   1.2    40   153    19   138    13   138 0.84 -
NW_025965287.1_RagTag:1503606-1508138 -            432 27616at314147        -            243   1.4e-09   34.3   0.3   1   1   1.6e-11   2.8e-09   33.3   0.3     5   111   326   431   301   432 0.66 -
NW_025965276.1_RagTag:371243-371716   -            158 27616at314147        -            243   1.6e-05   21.0   1.4   1   3     0.015       2.6    3.9   0.0   146   175    14    43     9    53 0.86 -
NW_025965276.1_RagTag:371243-371716   -            158 27616at314147        -            243   1.6e-05   21.0   1.4   2   3   0.00042     0.073    9.0   0.0    40    68    56    84    49    88 0.90 -
NW_025965276.1_RagTag:371243-371716   -            158 27616at314147        -            243   1.6e-05   21.0   1.4   3   3    0.0032      0.56    6.1   0.2   115   155    89   129    85   151 0.62 -
NW_025965344.1_RagTag:40631-35279     -            181 27616at314147        -            243   0.00014   17.9   0.0   1   2      0.17        30    0.4   0.0    76   135    22    81    12    90 0.76 -
NW_025965344.1_RagTag:40631-35279     -            181 27616at314147        -            243   0.00014   17.9   0.0   2   2   4.9e-06   0.00085   15.3   0.0   114   199    91   172    86   181 0.83 -
NW_025965296.1_RagTag:679183-678884   -            100 27616at314147        -            243    0.0007   15.6   0.2   1   1   7.5e-06    0.0013   14.7   0.2    31    86    39    94    22   100 0.55 -
NW_025965288.1_RagTag:99944-99699     -             82 27616at314147        -            243     0.006   12.5   0.0   1   1   3.7e-05    0.0064   12.5   0.0   127   176     9    60     2    74 0.83 -
NW_025965352.1_RagTag:102445-103867   -            274 27616at314147        -            243    0.0062   12.5   0.0   1   1     6e-05      0.01   11.8   0.0    73   131     4    56     1    68 0.55 -
NW_025965163.1_RagTag:38535-29734     -            742 27616at314147        -            243     0.011   11.8   0.0   1   2         8   1.4e+03  -10.6   9.2   207   225   108   121    77   135 0.51 -
NW_025965163.1_RagTag:38535-29734     -            742 27616at314147        -            243     0.011   11.8   0.0   2   2   6.1e-05     0.011   11.8   0.0    34    86   465   519   444   546 0.78 -
#
# Program:         hmmsearch
# Version:         3.1b2 (February 2015)
# Pipeline mode:   SEARCH
# Query file:      /home/bgerda/guppy_SUP/busco_downloads/lineages/glires_odb10/hmms/27616at314147.hmm
# Target file:     /home/bgerda/guppy_SUP/busco_results_racon/run_glires_odb10/metaeuk_output/rerun_results/ragtag.scaffold.fasta.modified.fas
# Option settings: hmmsearch --domtblout /home/bgerda/guppy_SUP/busco_results_racon/run_glires_odb10/hmmer_output/rerun_results/27616at314147.out --cpu 1 /home/bgerda/guppy_SUP/busco_downloads/lineages/glires_odb10/hmms/27616at314147.hmm /home/bgerda/guppy_SUP/busco_results_racon/run_glires_odb10/metaeuk_output/rerun_results/ragtag.scaffold.fasta.modified.fas 
# Current dir:     /home/bgerda/guppy_SUP
# Date:            Sun May 21 17:29:47 2023
# [ok]
