#                                                                                             --- full sequence --- -------------- this domain -------------   hmm coord   ali coord   env coord
# target name                         accession   tlen query name           accession   qlen   E-value  score  bias   #  of  c-Evalue  i-Evalue  score  bias  from    to  from    to  from    to  acc description of target
#                 ------------------- ---------- ----- -------------------- ---------- ----- --------- ------ ----- --- --- --------- --------- ------ ----- ----- ----- ----- ----- ----- ----- ---- ---------------------
NW_025965022.1_RagTag:199283-198408   -            292 28041at314147        -            242   9.9e-21   70.7   1.7   1   2   1.4e-21   3.1e-19   65.8   1.4     7   240     5   253     2   255 0.81 -
NW_025965022.1_RagTag:199283-198408   -            292 28041at314147        -            242   9.9e-21   70.7   1.7   2   2    0.0011      0.25    7.2   0.0    46    80   243   277   242   292 0.80 -
NW_025965103.1_RagTag:1074475-1074972 -            166 28041at314147        -            242   9.1e-13   44.6   0.3   1   2   6.9e-14   1.6e-11   40.5   0.2   140   240    27   127    12   129 0.82 -
NW_025965103.1_RagTag:1074475-1074972 -            166 28041at314147        -            242   9.1e-13   44.6   0.3   2   2   0.00043       0.1    8.5   0.0    46    84   117   154   116   166 0.80 -
NW_025965230.1_RagTag:945904-945482   -            141 28041at314147        -            242   4.6e-09   32.5   0.0   1   1   2.6e-11   5.9e-09   32.1   0.0     8    98    40   131    36   139 0.90 -
NW_025965317.1_RagTag:2345417-2346205 -            263 28041at314147        -            242   1.1e-08   31.2   0.0   1   2   3.5e-05    0.0082   12.0   0.0    56   147    36   126    16   132 0.71 -
NW_025965317.1_RagTag:2345417-2346205 -            263 28041at314147        -            242   1.1e-08   31.2   0.0   2   2   4.3e-07   9.9e-05   18.3   0.0    57   177   129   258    91   263 0.74 -
NW_025965022.1_RagTag:199304-199059   -             82 28041at314147        -            242   7.6e-07   25.2   0.0   1   1   3.6e-09   8.2e-07   25.1   0.0     7    74    12    78     6    82 0.87 -
NW_025965256.1_RagTag:611213-608748   -            158 28041at314147        -            242   2.6e-05   20.2   0.1   1   2   0.00038     0.089    8.6   0.0   110   139    53    82     2    89 0.66 -
NW_025965256.1_RagTag:611213-608748   -            158 28041at314147        -            242   2.6e-05   20.2   0.1   2   2   0.00021     0.049    9.5   0.0   199   242   107   149   101   156 0.78 -
#
# Program:         hmmsearch
# Version:         3.1b2 (February 2015)
# Pipeline mode:   SEARCH
# Query file:      /home/bgerda/guppy_SUP/busco_downloads/lineages/glires_odb10/hmms/28041at314147.hmm
# Target file:     /home/bgerda/guppy_SUP/busco_results_racon/run_glires_odb10/metaeuk_output/rerun_results/ragtag.scaffold.fasta.modified.fas
# Option settings: hmmsearch --domtblout /home/bgerda/guppy_SUP/busco_results_racon/run_glires_odb10/hmmer_output/rerun_results/28041at314147.out --cpu 1 /home/bgerda/guppy_SUP/busco_downloads/lineages/glires_odb10/hmms/28041at314147.hmm /home/bgerda/guppy_SUP/busco_results_racon/run_glires_odb10/metaeuk_output/rerun_results/ragtag.scaffold.fasta.modified.fas 
# Current dir:     /home/bgerda/guppy_SUP
# Date:            Sun May 21 17:29:48 2023
# [ok]
