#                                                                                             --- full sequence --- -------------- this domain -------------   hmm coord   ali coord   env coord
# target name                         accession   tlen query name           accession   qlen   E-value  score  bias   #  of  c-Evalue  i-Evalue  score  bias  from    to  from    to  from    to  acc description of target
#                 ------------------- ---------- ----- -------------------- ---------- ----- --------- ------ ----- --- --- --------- --------- ------ ----- ----- ----- ----- ----- ----- ----- ---- ---------------------
NW_025965228.1_RagTag:17095-16619     -             74 28273at314147        -            411   8.2e-26   87.2   5.5   1   1     6e-28   9.2e-26   87.0   5.5   174   237    10    73     6    74 0.97 -
NW_025965275.1_RagTag:420401-420210   -             64 28273at314147        -            411   2.3e-11   39.6   7.3   1   1   1.6e-13   2.5e-11   39.5   7.3   177   237     4    64     2    64 0.96 -
NW_025965324.1_RagTag:2927304-2928146 -            184 28273at314147        -            411   1.4e-10   37.0   2.1   1   2      0.66     1e+02   -2.1   1.4   291   321    35    68    23    78 0.68 -
NW_025965324.1_RagTag:2927304-2928146 -            184 28273at314147        -            411   1.4e-10   37.0   2.1   2   2   8.8e-13   1.4e-10   37.0   2.1   180   240    88   148    74   170 0.91 -
NW_025965324.1_RagTag:2915185-2915394 -             70 28273at314147        -            411   3.2e-10   35.8   3.6   1   1   2.5e-12   3.9e-10   35.5   3.6   177   237     6    66     4    69 0.95 -
NW_025965177.1_RagTag:229533-229225   -            103 28273at314147        -            411     6e-10   34.9   2.3   1   2      0.52        81   -1.7   0.1   297   323    14    40     5    46 0.59 -
NW_025965177.1_RagTag:229533-229225   -            103 28273at314147        -            411     6e-10   34.9   2.3   2   2   3.9e-12     6e-10   34.9   2.3   176   231    48   103    42   103 0.96 -
NW_025965284.1_RagTag:345181-345417   -             79 28273at314147        -            411   5.6e-09   31.7   0.7   1   1   3.9e-11     6e-09   31.6   0.7   164   227    17    79     4    79 0.86 -
NW_025965218.1_RagTag:1315724-1313338 -            219 28273at314147        -            411   0.00022   16.6   0.1   1   1   1.9e-06   0.00029   16.2   0.1   176   242    85   150    78   181 0.83 -
NW_025965320.1_RagTag:3122954-3123478 -            175 28273at314147        -            411      0.87    4.7  18.0   1   1    0.0072       1.1    4.4  18.0   246   299   103   158    91   174 0.71 -
NW_025965309.1_RagTag:3204112-3203780 -            111 28273at314147        -            411       2.9    3.0  20.5   1   1      0.19        29   -0.3  20.5   211   292     7    99     2   109 0.53 -
#
# Program:         hmmsearch
# Version:         3.1b2 (February 2015)
# Pipeline mode:   SEARCH
# Query file:      /home/bgerda/guppy_SUP/busco_downloads/lineages/glires_odb10/hmms/28273at314147.hmm
# Target file:     /home/bgerda/guppy_SUP/busco_results_racon/run_glires_odb10/metaeuk_output/rerun_results/ragtag.scaffold.fasta.modified.fas
# Option settings: hmmsearch --domtblout /home/bgerda/guppy_SUP/busco_results_racon/run_glires_odb10/hmmer_output/rerun_results/28273at314147.out --cpu 1 /home/bgerda/guppy_SUP/busco_downloads/lineages/glires_odb10/hmms/28273at314147.hmm /home/bgerda/guppy_SUP/busco_results_racon/run_glires_odb10/metaeuk_output/rerun_results/ragtag.scaffold.fasta.modified.fas 
# Current dir:     /home/bgerda/guppy_SUP
# Date:            Sun May 21 17:29:47 2023
# [ok]
