#                                                                                             --- full sequence --- -------------- this domain -------------   hmm coord   ali coord   env coord
# target name                         accession   tlen query name           accession   qlen   E-value  score  bias   #  of  c-Evalue  i-Evalue  score  bias  from    to  from    to  from    to  acc description of target
#                 ------------------- ---------- ----- -------------------- ---------- ----- --------- ------ ----- --- --- --------- --------- ------ ----- ----- ----- ----- ----- ----- ----- ---- ---------------------
NW_025965266.1_RagTag:86958-55652     -            393 29351at314147        -            638  1.5e-123  409.8  30.0   1   2   1.9e-07   3.8e-05   18.6   8.2    52   102     2    52     1    55 0.88 -
NW_025965266.1_RagTag:86958-55652     -            393 29351at314147        -            638  1.5e-123  409.8  30.0   2   2  2.1e-122  4.2e-120  398.4  16.0   147   487    47   393    44   393 0.94 -
NW_025965266.1_RagTag:107719-103767   -            363 29351at314147        -            638    5e-109  361.8  20.2   1   2  2.5e-111    5e-109  361.8  20.2   203   490     2   294     1   301 0.93 -
NW_025965266.1_RagTag:107719-103767   -            363 29351at314147        -            638    5e-109  361.8  20.2   2   2       1.5   2.9e+02   -4.1  35.8    89   136   301   348   297   357 0.74 -
NW_025965275.1_RagTag:85620-131233    -            251 29351at314147        -            638   6.1e-15   51.0   7.5   1   1   1.3e-16   2.5e-14   49.0   7.5   190   364    58   246    54   250 0.82 -
NW_025965275.1_RagTag:66659-136055    -            269 29351at314147        -            638   4.2e-10   35.0   1.6   1   3         7   1.4e+03  -13.6  37.6   107   135     2    30     1    37 0.44 -
NW_025965275.1_RagTag:66659-136055    -            269 29351at314147        -            638   4.2e-10   35.0   1.6   2   3   2.1e-12   4.2e-10   35.0   1.6   192   306    38   153    33   169 0.88 -
NW_025965275.1_RagTag:66659-136055    -            269 29351at314147        -            638   4.2e-10   35.0   1.6   3   3   3.1e-06   0.00062   14.7   5.5   355   452   167   265   155   267 0.89 -
NW_025965326.1_RagTag:350423-352248   -            217 29351at314147        -            638     0.058    8.1  28.5   1   1   0.00039     0.077    7.7  28.5    88   184    17   115     9   119 0.74 -
NW_025965313.1_RagTag:1052223-1051630 -            198 29351at314147        -            638      0.17    6.6   4.1   1   2    0.0054       1.1    3.9   0.2   339   377    43    81    35    86 0.90 -
NW_025965313.1_RagTag:1052223-1051630 -            198 29351at314147        -            638      0.17    6.6   4.1   2   2    0.0061       1.2    3.8   0.2   434   469    86   121    76   133 0.85 -
NW_025965155.1_RagTag:595647-597333   -            330 29351at314147        -            638       2.8    2.6  15.0   1   1     0.019       3.7    2.2  15.0    79   182    51   159    40   162 0.51 -
#
# Program:         hmmsearch
# Version:         3.1b2 (February 2015)
# Pipeline mode:   SEARCH
# Query file:      /home/bgerda/guppy_SUP/busco_downloads/lineages/glires_odb10/hmms/29351at314147.hmm
# Target file:     /home/bgerda/guppy_SUP/busco_results_racon/run_glires_odb10/metaeuk_output/rerun_results/ragtag.scaffold.fasta.modified.fas
# Option settings: hmmsearch --domtblout /home/bgerda/guppy_SUP/busco_results_racon/run_glires_odb10/hmmer_output/rerun_results/29351at314147.out --cpu 1 /home/bgerda/guppy_SUP/busco_downloads/lineages/glires_odb10/hmms/29351at314147.hmm /home/bgerda/guppy_SUP/busco_results_racon/run_glires_odb10/metaeuk_output/rerun_results/ragtag.scaffold.fasta.modified.fas 
# Current dir:     /home/bgerda/guppy_SUP
# Date:            Sun May 21 17:29:58 2023
# [ok]
