#                                                                                             --- full sequence --- -------------- this domain -------------   hmm coord   ali coord   env coord
# target name                         accession   tlen query name           accession   qlen   E-value  score  bias   #  of  c-Evalue  i-Evalue  score  bias  from    to  from    to  from    to  acc description of target
#                 ------------------- ---------- ----- -------------------- ---------- ----- --------- ------ ----- --- --- --------- --------- ------ ----- ----- ----- ----- ----- ----- ----- ---- ---------------------
NW_025965188.1_RagTag:427998-428411   -            138 30613at314147        -            226   3.3e-15   52.8   1.4   1   1   5.9e-16   9.2e-14   48.1   1.4    21   140     4   138     1   138 0.76 -
NW_025965276.1_RagTag:371243-371716   -            158 30613at314147        -            226   4.1e-10   36.2   1.0   1   1     7e-12   1.1e-09   34.8   1.0    35   159    14   148     5   157 0.75 -
NW_025965296.1_RagTag:679183-678884   -            100 30613at314147        -            226   1.4e-09   34.5   0.7   1   1   9.6e-12   1.5e-09   34.3   0.7   114   175    29    91    20   100 0.88 -
NW_025965344.1_RagTag:40631-35279     -            181 30613at314147        -            226   1.8e-08   30.8   0.0   1   1   2.5e-10   3.9e-08   29.7   0.0    40   148    30   137    13   149 0.82 -
NW_025965163.1_RagTag:38535-29734     -            742 30613at314147        -            226   1.3e-07   28.0   0.0   1   1     2e-09   3.1e-07   26.7   0.0   112   195   452   536   430   547 0.74 -
NW_025965352.1_RagTag:102445-103867   -            274 30613at314147        -            226   6.2e-07   25.8   0.0   1   1   6.2e-09   9.6e-07   25.2   0.0   102   156     6    60     3    73 0.91 -
NW_025965288.1_RagTag:99944-99699     -             82 30613at314147        -            226   9.2e-05   18.7   0.0   1   1   6.6e-07    0.0001   18.5   0.0    50    95     9    57     6    78 0.77 -
NW_025965182.1_RagTag:1127015-1127179 -             55 30613at314147        -            226   0.00036   16.7   0.0   1   1   2.6e-06   0.00041   16.6   0.0    47    97     2    52     1    54 0.87 -
NW_025965287.1_RagTag:1503606-1508138 -            432 30613at314147        -            226    0.0016   14.6   0.0   1   1   1.7e-05    0.0026   13.9   0.0   105   152   365   412   299   428 0.76 -
#
# Program:         hmmsearch
# Version:         3.1b2 (February 2015)
# Pipeline mode:   SEARCH
# Query file:      /home/bgerda/guppy_SUP/busco_downloads/lineages/glires_odb10/hmms/30613at314147.hmm
# Target file:     /home/bgerda/guppy_SUP/busco_results_racon/run_glires_odb10/metaeuk_output/rerun_results/ragtag.scaffold.fasta.modified.fas
# Option settings: hmmsearch --domtblout /home/bgerda/guppy_SUP/busco_results_racon/run_glires_odb10/hmmer_output/rerun_results/30613at314147.out --cpu 1 /home/bgerda/guppy_SUP/busco_downloads/lineages/glires_odb10/hmms/30613at314147.hmm /home/bgerda/guppy_SUP/busco_results_racon/run_glires_odb10/metaeuk_output/rerun_results/ragtag.scaffold.fasta.modified.fas 
# Current dir:     /home/bgerda/guppy_SUP
# Date:            Sun May 21 17:29:52 2023
# [ok]
