#                                                                                             --- full sequence --- -------------- this domain -------------   hmm coord   ali coord   env coord
# target name                         accession   tlen query name           accession   qlen   E-value  score  bias   #  of  c-Evalue  i-Evalue  score  bias  from    to  from    to  from    to  acc description of target
#                 ------------------- ---------- ----- -------------------- ---------- ----- --------- ------ ----- --- --- --------- --------- ------ ----- ----- ----- ----- ----- ----- ----- ---- ---------------------
NW_025965324.1_RagTag:2915185-2915394 -             70 30846at314147        -            249   3.4e-21   72.7   3.1   1   1   2.3e-23   3.6e-21   72.7   3.1   173   238     2    68     1    70 0.92 -
NW_025965324.1_RagTag:2927304-2928146 -            184 30846at314147        -            249   1.8e-18   63.8   0.1   1   1   1.4e-20   2.1e-18   63.6   0.1   168   240    76   148    35   155 0.88 -
NW_025965275.1_RagTag:420401-420210   -             64 30846at314147        -            249   3.9e-17   59.4   4.5   1   1   2.6e-19     4e-17   59.4   4.5   178   235     5    62     1    64 0.92 -
NW_025965177.1_RagTag:229533-229225   -            103 30846at314147        -            249   6.2e-13   45.7   0.1   1   1   5.1e-15   7.8e-13   45.3   0.1   170   231    42   103    18   103 0.93 -
NW_025965284.1_RagTag:345181-345417   -             79 30846at314147        -            249   2.9e-12   43.5   0.5   1   1   2.1e-14   3.2e-12   43.3   0.5   164   227    15    79     2    79 0.87 -
NW_025965228.1_RagTag:17095-16619     -             74 30846at314147        -            249   7.5e-07   25.7   2.0   1   1   5.5e-09   8.5e-07   25.6   2.0   174   237     7    73     3    74 0.83 -
NW_025965266.1_RagTag:206462-207725   -            126 30846at314147        -            249   2.6e-06   24.0   0.1   1   1   1.7e-08   2.7e-06   23.9   0.1   172   217    80   125    23   126 0.76 -
NW_025965309.1_RagTag:3204112-3203780 -            111 30846at314147        -            249   1.5e-05   21.5   0.0   1   1   1.4e-07   2.1e-05   21.0   0.0   213   235     9    31     3    43 0.83 -
NW_025965218.1_RagTag:1315724-1313338 -            219 30846at314147        -            249   0.00027   17.4   0.8   1   1     3e-06   0.00046   16.6   0.3   208   237   116   145   111   156 0.85 -
#
# Program:         hmmsearch
# Version:         3.1b2 (February 2015)
# Pipeline mode:   SEARCH
# Query file:      /home/bgerda/guppy_SUP/busco_downloads/lineages/glires_odb10/hmms/30846at314147.hmm
# Target file:     /home/bgerda/guppy_SUP/busco_results_racon/run_glires_odb10/metaeuk_output/rerun_results/ragtag.scaffold.fasta.modified.fas
# Option settings: hmmsearch --domtblout /home/bgerda/guppy_SUP/busco_results_racon/run_glires_odb10/hmmer_output/rerun_results/30846at314147.out --cpu 1 /home/bgerda/guppy_SUP/busco_downloads/lineages/glires_odb10/hmms/30846at314147.hmm /home/bgerda/guppy_SUP/busco_results_racon/run_glires_odb10/metaeuk_output/rerun_results/ragtag.scaffold.fasta.modified.fas 
# Current dir:     /home/bgerda/guppy_SUP
# Date:            Sun May 21 17:29:51 2023
# [ok]
