#                                                                                             --- full sequence --- -------------- this domain -------------   hmm coord   ali coord   env coord
# target name                         accession   tlen query name           accession   qlen   E-value  score  bias   #  of  c-Evalue  i-Evalue  score  bias  from    to  from    to  from    to  acc description of target
#                 ------------------- ---------- ----- -------------------- ---------- ----- --------- ------ ----- --- --- --------- --------- ------ ----- ----- ----- ----- ----- ----- ----- ---- ---------------------
NW_025965314.1_RagTag:573146-572487   -            220 32054at314147        -            371   3.9e-14   48.8   0.9   1   2   6.4e-12   8.1e-10   34.6   1.0    44   122    15    95     4   100 0.83 -
NW_025965314.1_RagTag:573146-572487   -            220 32054at314147        -            371   3.9e-14   48.8   0.9   2   2   4.3e-05    0.0054   12.1   0.0   258   297   147   186   130   189 0.88 -
NW_025965309.1_RagTag:3290555-3290193 -            121 32054at314147        -            371     1e-09   34.3   0.7   1   1   8.9e-12   1.1e-09   34.1   0.7    45    95    60   115    23   118 0.83 -
NW_025965317.1_RagTag:2732946-2735087 -            714 32054at314147        -            371   2.2e-07   26.6   0.6   1   1     3e-09   3.8e-07   25.8   0.6    47   106     3    62     1    99 0.82 -
NW_025965319.1_RagTag:4123940-4123488 -            151 32054at314147        -            371   3.6e-07   25.9   0.4   1   1   3.3e-09   4.2e-07   25.6   0.4    39   111    35   107    16   130 0.78 -
contig_4568_pilon:1304-1546           -             81 32054at314147        -            371   0.00051   15.5   1.3   1   1   4.1e-06   0.00051   15.5   1.3    46    99     1    54     1    79 0.77 -
NW_025965245.1_RagTag:400173-400936   -            124 32054at314147        -            371   0.00052   15.5   4.6   1   1   4.3e-06   0.00054   15.4   4.6    41    97     3    70     1   117 0.71 -
contig_83093_pilon:417-680            -             88 32054at314147        -            371    0.0012   14.3   0.5   1   1   9.5e-06    0.0012   14.3   0.5    47    93    38    85    12    88 0.86 -
NW_025965225.1_RagTag:584155-583874   -             94 32054at314147        -            371    0.0019   13.7   6.0   1   1   1.3e-05    0.0017   13.8   6.0    46    89     3    45     1    80 0.89 -
NW_025965314.1_RagTag:614962-614699   -             88 32054at314147        -            371    0.0084   11.5   0.3   1   1   6.2e-05    0.0078   11.6   0.3    47    93    38    85     4    88 0.76 -
contig_5411_pilon:437-201             -             79 32054at314147        -            371     0.013   10.9   0.7   1   1    0.0001     0.013   10.8   0.7    47    93    29    76    14    79 0.80 -
NW_025965322.1_RagTag:1227246-1228055 -            270 32054at314147        -            371     0.018   10.4   0.9   1   1   0.00025     0.031    9.6   0.9    43    80     5    41     2    93 0.80 -
#
# Program:         hmmsearch
# Version:         3.1b2 (February 2015)
# Pipeline mode:   SEARCH
# Query file:      /home/bgerda/guppy_SUP/busco_downloads/lineages/glires_odb10/hmms/32054at314147.hmm
# Target file:     /home/bgerda/guppy_SUP/busco_results_racon/run_glires_odb10/metaeuk_output/rerun_results/ragtag.scaffold.fasta.modified.fas
# Option settings: hmmsearch --domtblout /home/bgerda/guppy_SUP/busco_results_racon/run_glires_odb10/hmmer_output/rerun_results/32054at314147.out --cpu 1 /home/bgerda/guppy_SUP/busco_downloads/lineages/glires_odb10/hmms/32054at314147.hmm /home/bgerda/guppy_SUP/busco_results_racon/run_glires_odb10/metaeuk_output/rerun_results/ragtag.scaffold.fasta.modified.fas 
# Current dir:     /home/bgerda/guppy_SUP
# Date:            Sun May 21 17:29:52 2023
# [ok]
