#                                                                                             --- full sequence --- -------------- this domain -------------   hmm coord   ali coord   env coord
# target name                         accession   tlen query name           accession   qlen   E-value  score  bias   #  of  c-Evalue  i-Evalue  score  bias  from    to  from    to  from    to  acc description of target
#                 ------------------- ---------- ----- -------------------- ---------- ----- --------- ------ ----- --- --- --------- --------- ------ ----- ----- ----- ----- ----- ----- ----- ---- ---------------------
NW_025965324.1_RagTag:2927304-2928146 -            184 32174at314147        -            272   2.4e-14   49.5   1.3   1   1   1.9e-16   3.3e-14   49.1   1.3   163   226    88   151    46   181 0.81 -
NW_025965284.1_RagTag:345181-345417   -             79 32174at314147        -            272   3.7e-14   48.9   0.4   1   1   2.4e-16   4.1e-14   48.7   0.4   153   210    22    79    15    79 0.96 -
NW_025965177.1_RagTag:229533-229225   -            103 32174at314147        -            272   4.5e-13   45.4   0.4   1   1   2.8e-15   4.9e-13   45.2   0.4   144   214    34   103    15   103 0.84 -
NW_025965324.1_RagTag:2915185-2915394 -             70 32174at314147        -            272     9e-13   44.4   1.9   1   1   5.6e-15   9.8e-13   44.2   1.9   164   222    10    68     2    70 0.91 -
NW_025965275.1_RagTag:420401-420210   -             64 32174at314147        -            272   3.9e-12   42.3   2.3   1   1   2.4e-14   4.2e-12   42.2   2.3   164   217     8    61     3    64 0.91 -
NW_025965228.1_RagTag:17095-16619     -             74 32174at314147        -            272   3.1e-11   39.3   3.1   1   1   1.8e-13   3.1e-11   39.3   3.1   148   218     1    71     1    74 0.91 -
NW_025965309.1_RagTag:3204112-3203780 -            111 32174at314147        -            272   4.5e-06   22.4   0.4   1   1   3.6e-08   6.3e-06   21.9   0.1   191   223     4    36     1    49 0.84 -
NW_025965300.1_RagTag:1697831-1699783 -            651 32174at314147        -            272   0.00021   16.9   4.6   1   4      0.18        32   -0.1   0.0   178   217   167   206   157   219 0.79 -
NW_025965300.1_RagTag:1697831-1699783 -            651 32174at314147        -            272   0.00021   16.9   4.6   2   4       0.1        18    0.7   0.1   174   215   343   384   334   400 0.80 -
NW_025965300.1_RagTag:1697831-1699783 -            651 32174at314147        -            272   0.00021   16.9   4.6   3   4   7.9e-05     0.014   11.0   0.2   168   254   427   511   421   532 0.83 -
NW_025965300.1_RagTag:1697831-1699783 -            651 32174at314147        -            272   0.00021   16.9   4.6   4   4     0.016       2.8    3.4   0.0   171   213   529   571   520   578 0.84 -
#
# Program:         hmmsearch
# Version:         3.1b2 (February 2015)
# Pipeline mode:   SEARCH
# Query file:      /home/bgerda/guppy_SUP/busco_downloads/lineages/glires_odb10/hmms/32174at314147.hmm
# Target file:     /home/bgerda/guppy_SUP/busco_results_racon/run_glires_odb10/metaeuk_output/rerun_results/ragtag.scaffold.fasta.modified.fas
# Option settings: hmmsearch --domtblout /home/bgerda/guppy_SUP/busco_results_racon/run_glires_odb10/hmmer_output/rerun_results/32174at314147.out --cpu 1 /home/bgerda/guppy_SUP/busco_downloads/lineages/glires_odb10/hmms/32174at314147.hmm /home/bgerda/guppy_SUP/busco_results_racon/run_glires_odb10/metaeuk_output/rerun_results/ragtag.scaffold.fasta.modified.fas 
# Current dir:     /home/bgerda/guppy_SUP
# Date:            Sun May 21 17:29:48 2023
# [ok]
