#                                                                                             --- full sequence --- -------------- this domain -------------   hmm coord   ali coord   env coord
# target name                         accession   tlen query name           accession   qlen   E-value  score  bias   #  of  c-Evalue  i-Evalue  score  bias  from    to  from    to  from    to  acc description of target
#                 ------------------- ---------- ----- -------------------- ---------- ----- --------- ------ ----- --- --- --------- --------- ------ ----- ----- ----- ----- ----- ----- ----- ---- ---------------------
NW_025965319.1_RagTag:347398-347027   -            124 32528at314147        -            248   3.4e-24   82.0   0.1   1   1   2.3e-26   3.6e-24   81.9   0.1    19   119    20   123     3   124 0.94 -
NW_025965256.1_RagTag:953578-953943   -            122 32528at314147        -            248   6.4e-13   45.1   0.1   1   1   4.8e-15   7.5e-13   44.9   0.1    90   190     2    94     1   120 0.88 -
NW_025965315.1_RagTag:3323724-3324697 -            104 32528at314147        -            248   1.9e-12   43.5   0.1   1   1   1.5e-14   2.4e-12   43.2   0.1    78   178     2    94     1   100 0.89 -
NW_025965218.1_RagTag:845634-833156   -            159 32528at314147        -            248   6.7e-09   31.9   0.1   1   1   5.2e-11     8e-09   31.7   0.1    11   116    13   122     4   157 0.78 -
NW_025965318.1_RagTag:2186669-2187754 -            155 32528at314147        -            248   3.6e-07   26.2   0.1   1   1   2.7e-09   4.1e-07   26.1   0.1    50   156     7   106     3   145 0.78 -
NW_025965350.1_RagTag:40927-41280     -            118 32528at314147        -            248     1e-06   24.7   0.0   1   1   8.1e-09   1.2e-06   24.5   0.0    21    79    35    98    19   102 0.84 -
NW_025965233.1_RagTag:130280-131848   -            141 32528at314147        -            248   1.1e-06   24.6   0.0   1   1   9.2e-09   1.4e-06   24.3   0.0    64   197    10   135     1   139 0.84 -
NW_025965240.1_RagTag:123498-122129   -            157 32528at314147        -            248   7.4e-06   21.9   0.0   1   1   5.9e-08   9.1e-06   21.6   0.0    88   185    11    99     5   137 0.81 -
NW_025965045.1_RagTag:4303-3989       -            105 32528at314147        -            248   0.00023   17.0   0.1   1   1   2.4e-06   0.00038   16.3   0.1   130   181    50    97     1   103 0.79 -
#
# Program:         hmmsearch
# Version:         3.1b2 (February 2015)
# Pipeline mode:   SEARCH
# Query file:      /home/bgerda/guppy_SUP/busco_downloads/lineages/glires_odb10/hmms/32528at314147.hmm
# Target file:     /home/bgerda/guppy_SUP/busco_results_racon/run_glires_odb10/metaeuk_output/rerun_results/ragtag.scaffold.fasta.modified.fas
# Option settings: hmmsearch --domtblout /home/bgerda/guppy_SUP/busco_results_racon/run_glires_odb10/hmmer_output/rerun_results/32528at314147.out --cpu 1 /home/bgerda/guppy_SUP/busco_downloads/lineages/glires_odb10/hmms/32528at314147.hmm /home/bgerda/guppy_SUP/busco_results_racon/run_glires_odb10/metaeuk_output/rerun_results/ragtag.scaffold.fasta.modified.fas 
# Current dir:     /home/bgerda/guppy_SUP
# Date:            Sun May 21 17:29:48 2023
# [ok]
