#                                                                                             --- full sequence --- -------------- this domain -------------   hmm coord   ali coord   env coord
# target name                         accession   tlen query name           accession   qlen   E-value  score  bias   #  of  c-Evalue  i-Evalue  score  bias  from    to  from    to  from    to  acc description of target
#                 ------------------- ---------- ----- -------------------- ---------- ----- --------- ------ ----- --- --- --------- --------- ------ ----- ----- ----- ----- ----- ----- ----- ---- ---------------------
NW_025965272.1_RagTag:152561-153592   -            205 33199at314147        -            215   3.6e-17   59.4  43.2   1   3       3.3   6.5e+02   -3.6   3.8    32    40    43    51    29    52 0.49 -
NW_025965272.1_RagTag:152561-153592   -            205 33199at314147        -            215   3.6e-17   59.4  43.2   2   3    0.0017      0.34    7.2  36.4     8    59    52   119    37   128 0.61 -
NW_025965272.1_RagTag:152561-153592   -            205 33199at314147        -            215   3.6e-17   59.4  43.2   3   3   5.5e-17   1.1e-14   51.3   0.5    51    93   161   205   122   205 0.65 -
NW_025965218.1_RagTag:1315724-1313338 -            219 33199at314147        -            215   1.6e-05   21.3   0.3   1   1   1.2e-07   2.4e-05   20.8   0.3   142   209    76   143    63   148 0.83 -
NW_025965177.1_RagTag:229533-229225   -            103 33199at314147        -            215   0.00022   17.6   0.6   1   1   1.3e-06   0.00027   17.3   0.6   150   205    48   103    35   103 0.94 -
NW_025965324.1_RagTag:2927304-2928146 -            184 33199at314147        -            215     0.002   14.4   0.6   1   1   1.4e-05    0.0027   14.0   0.6   155   208    89   142    64   147 0.82 -
NW_025965228.1_RagTag:17095-16619     -             74 33199at314147        -            215    0.0049   13.2   1.5   1   1   2.5e-05     0.005   13.2   1.5   150   208    12    70     3    74 0.88 -
NW_025965275.1_RagTag:420401-420210   -             64 33199at314147        -            215    0.0066   12.8   0.4   1   1   3.4e-05    0.0067   12.7   0.4   148   208     1    61     1    64 0.91 -
NW_025965324.1_RagTag:2915185-2915394 -             70 33199at314147        -            215    0.0085   12.4   0.3   1   1   4.4e-05    0.0087   12.4   0.3   152   208     7    63     3    70 0.85 -
#
# Program:         hmmsearch
# Version:         3.1b2 (February 2015)
# Pipeline mode:   SEARCH
# Query file:      /home/bgerda/guppy_SUP/busco_downloads/lineages/glires_odb10/hmms/33199at314147.hmm
# Target file:     /home/bgerda/guppy_SUP/busco_results_racon/run_glires_odb10/metaeuk_output/rerun_results/ragtag.scaffold.fasta.modified.fas
# Option settings: hmmsearch --domtblout /home/bgerda/guppy_SUP/busco_results_racon/run_glires_odb10/hmmer_output/rerun_results/33199at314147.out --cpu 1 /home/bgerda/guppy_SUP/busco_downloads/lineages/glires_odb10/hmms/33199at314147.hmm /home/bgerda/guppy_SUP/busco_results_racon/run_glires_odb10/metaeuk_output/rerun_results/ragtag.scaffold.fasta.modified.fas 
# Current dir:     /home/bgerda/guppy_SUP
# Date:            Sun May 21 17:29:47 2023
# [ok]
