#                                                                                             --- full sequence --- -------------- this domain -------------   hmm coord   ali coord   env coord
# target name                         accession   tlen query name           accession   qlen   E-value  score  bias   #  of  c-Evalue  i-Evalue  score  bias  from    to  from    to  from    to  acc description of target
#                 ------------------- ---------- ----- -------------------- ---------- ----- --------- ------ ----- --- --- --------- --------- ------ ----- ----- ----- ----- ----- ----- ----- ---- ---------------------
contig_4568_pilon:1304-1546           -             81 33735at314147        -            199   2.1e-06   24.0   1.5   1   1   1.4e-08   2.2e-06   24.0   1.5    74   121     2    47     1    75 0.85 -
NW_025965319.1_RagTag:4123940-4123488 -            151 33735at314147        -            199   4.5e-06   22.9   0.7   1   1   4.8e-08   7.4e-06   22.2   0.7    65   120    35    87    30   106 0.89 -
NW_025965225.1_RagTag:584155-583874   -             94 33735at314147        -            199   6.4e-06   22.4   3.8   1   1   4.6e-08   7.1e-06   22.3   3.8    73   118     3    44     1    68 0.82 -
NW_025965075.1_RagTag:65339-58346     -            349 33735at314147        -            199   0.00014   18.1   0.4   1   1   1.5e-06   0.00024   17.3   0.4    71   102    47    78    37   104 0.90 -
NW_025965309.1_RagTag:3290555-3290193 -            121 33735at314147        -            199    0.0002   17.5   3.5   1   1     4e-06   0.00063   15.9   3.5    74   121    62   111    58   118 0.74 -
NW_025965357.1_RagTag:21940-22340     -            128 33735at314147        -            199    0.0016   14.6   0.0   1   1   1.3e-05     0.002   14.3   0.0    63   120    19    76    10    81 0.75 -
NW_025965245.1_RagTag:400173-400936   -            124 33735at314147        -            199    0.0044   13.2   4.4   1   1   3.7e-05    0.0057   12.8   4.4    71   125     6    67     2   105 0.78 -
NW_025965322.1_RagTag:1227246-1228055 -            270 33735at314147        -            199      0.02   11.1   2.1   1   2   0.00014     0.022   10.9   1.0    68   120     3    62     1    70 0.70 -
NW_025965322.1_RagTag:1227246-1228055 -            270 33735at314147        -            199      0.02   11.1   2.1   2   2       2.5   3.8e+02   -2.9   0.0    92   103   114   125    96   154 0.70 -
NW_025965314.1_RagTag:573146-572487   -            220 33735at314147        -            199     0.032   10.4   5.2   1   2   0.00021     0.032   10.4   3.9    59   123     3    63     1    84 0.74 -
NW_025965314.1_RagTag:573146-572487   -            220 33735at314147        -            199     0.032   10.4   5.2   2   2      0.65     1e+02   -1.1   0.0    43    72    72   101    59   105 0.82 -
#
# Program:         hmmsearch
# Version:         3.1b2 (February 2015)
# Pipeline mode:   SEARCH
# Query file:      /home/bgerda/guppy_SUP/busco_downloads/lineages/glires_odb10/hmms/33735at314147.hmm
# Target file:     /home/bgerda/guppy_SUP/busco_results_racon/run_glires_odb10/metaeuk_output/rerun_results/ragtag.scaffold.fasta.modified.fas
# Option settings: hmmsearch --domtblout /home/bgerda/guppy_SUP/busco_results_racon/run_glires_odb10/hmmer_output/rerun_results/33735at314147.out --cpu 1 /home/bgerda/guppy_SUP/busco_downloads/lineages/glires_odb10/hmms/33735at314147.hmm /home/bgerda/guppy_SUP/busco_results_racon/run_glires_odb10/metaeuk_output/rerun_results/ragtag.scaffold.fasta.modified.fas 
# Current dir:     /home/bgerda/guppy_SUP
# Date:            Sun May 21 17:29:57 2023
# [ok]
