#                                                                                             --- full sequence --- -------------- this domain -------------   hmm coord   ali coord   env coord
# target name                         accession   tlen query name           accession   qlen   E-value  score  bias   #  of  c-Evalue  i-Evalue  score  bias  from    to  from    to  from    to  acc description of target
#                 ------------------- ---------- ----- -------------------- ---------- ----- --------- ------ ----- --- --- --------- --------- ------ ----- ----- ----- ----- ----- ----- ----- ---- ---------------------
NW_025965324.1_RagTag:3129234-3106873 -            664 33812at314147        -            248   4.1e-25   84.7   2.5   1   5   6.5e-11   1.5e-08   30.5   0.0   121   211    13   106     6   122 0.77 -
NW_025965324.1_RagTag:3129234-3106873 -            664 33812at314147        -            248   4.1e-25   84.7   2.5   2   5   0.00018     0.042    9.3   0.0   126   189   154   219   147   227 0.72 -
NW_025965324.1_RagTag:3129234-3106873 -            664 33812at314147        -            248   4.1e-25   84.7   2.5   3   5   1.1e-07   2.5e-05   19.9   0.0   119   193   289   365   279   374 0.80 -
NW_025965324.1_RagTag:3129234-3106873 -            664 33812at314147        -            248   4.1e-25   84.7   2.5   4   5   2.3e-06   0.00054   15.5   0.1   117   192   372   449   367   468 0.77 -
NW_025965324.1_RagTag:3129234-3106873 -            664 33812at314147        -            248   4.1e-25   84.7   2.5   5   5    0.0039       0.9    5.0   0.0   134   189   475   533   457   545 0.76 -
NW_025965324.1_RagTag:3109520-3108461 -            208 33812at314147        -            248   1.4e-05   20.8   0.0   1   1   7.6e-08   1.7e-05   20.4   0.0   134   196    28    93     6   116 0.78 -
NW_025965242.1_RagTag:1121047-1119983 -            133 33812at314147        -            248     2e-05   20.2   0.0   1   2      0.24        57   -0.9   0.0   119   144    22    50     6    67 0.61 -
NW_025965242.1_RagTag:1121047-1119983 -            133 33812at314147        -            248     2e-05   20.2   0.0   2   2   2.4e-07   5.5e-05   18.8   0.0    58   110    77   130    70   133 0.81 -
NW_025965315.1_RagTag:2684245-2683970 -             92 33812at314147        -            248   4.1e-05   19.2   0.0   1   1   2.2e-07     5e-05   18.9   0.0   122   188    14    83     3    90 0.74 -
NW_025965209.1_RagTag:151458-151925   -            156 33812at314147        -            248    0.0029   13.1   0.0   1   1   1.6e-05    0.0038   12.8   0.0    58    95    71   108    48   120 0.84 -
NW_025965548.1_RagTag:8433-2018       -            436 33812at314147        -            248    0.0054   12.3   0.0   1   2     0.015       3.5    3.0   0.0   125   149    22    45    15    51 0.83 -
NW_025965548.1_RagTag:8433-2018       -            436 33812at314147        -            248    0.0054   12.3   0.0   2   2    0.0011      0.25    6.8   0.0   156   188   141   173    85   182 0.75 -
#
# Program:         hmmsearch
# Version:         3.1b2 (February 2015)
# Pipeline mode:   SEARCH
# Query file:      /home/bgerda/guppy_SUP/busco_downloads/lineages/glires_odb10/hmms/33812at314147.hmm
# Target file:     /home/bgerda/guppy_SUP/busco_results_racon/run_glires_odb10/metaeuk_output/rerun_results/ragtag.scaffold.fasta.modified.fas
# Option settings: hmmsearch --domtblout /home/bgerda/guppy_SUP/busco_results_racon/run_glires_odb10/hmmer_output/rerun_results/33812at314147.out --cpu 1 /home/bgerda/guppy_SUP/busco_downloads/lineages/glires_odb10/hmms/33812at314147.hmm /home/bgerda/guppy_SUP/busco_results_racon/run_glires_odb10/metaeuk_output/rerun_results/ragtag.scaffold.fasta.modified.fas 
# Current dir:     /home/bgerda/guppy_SUP
# Date:            Sun May 21 17:30:00 2023
# [ok]
