#                                                                                             --- full sequence --- -------------- this domain -------------   hmm coord   ali coord   env coord
# target name                         accession   tlen query name           accession   qlen   E-value  score  bias   #  of  c-Evalue  i-Evalue  score  bias  from    to  from    to  from    to  acc description of target
#                 ------------------- ---------- ----- -------------------- ---------- ----- --------- ------ ----- --- --- --------- --------- ------ ----- ----- ----- ----- ----- ----- ----- ---- ---------------------
NW_025965284.1_RagTag:345181-345417   -             79 33944at314147        -            280   6.1e-13   45.6   0.3   1   1     4e-15   6.9e-13   45.5   0.3   119   170    24    75    10    78 0.95 -
NW_025965177.1_RagTag:229533-229225   -            103 33944at314147        -            280   9.8e-11   38.4   0.4   1   1   5.6e-13   9.8e-11   38.4   0.4   118   170    43    95    17   103 0.91 -
NW_025965228.1_RagTag:17095-16619     -             74 33944at314147        -            280   1.1e-07   28.4   2.2   1   1     7e-10   1.2e-07   28.2   2.2   121   180    10    73     5    74 0.77 -
NW_025965324.1_RagTag:2915185-2915394 -             70 33944at314147        -            280   3.5e-07   26.7   0.4   1   1   2.4e-09   4.1e-07   26.5   0.4   125   181     7    63     3    68 0.87 -
NW_025965324.1_RagTag:2927304-2928146 -            184 33944at314147        -            280   9.7e-07   25.3   0.3   1   2       1.8   3.1e+02   -2.6   2.2   185   207    26    51    22    63 0.53 -
NW_025965324.1_RagTag:2927304-2928146 -            184 33944at314147        -            280   9.7e-07   25.3   0.3   2   2   5.6e-09   9.7e-07   25.3   0.3   127   188    88   153    65   179 0.85 -
NW_025965275.1_RagTag:420401-420210   -             64 33944at314147        -            280     4e-06   23.3   1.1   1   1   2.5e-08   4.4e-06   23.1   1.1   125   177     5    61     2    64 0.85 -
NW_025965266.1_RagTag:206462-207725   -            126 33944at314147        -            280   0.00062   16.1   0.7   1   1   3.6e-06   0.00063   16.1   0.7   105   164    68   125     2   126 0.75 -
NW_025965309.1_RagTag:3204112-3203780 -            111 33944at314147        -            280    0.0029   13.9   0.5   1   2   1.7e-05    0.0029   13.9   0.5   154   209     3    56     1    67 0.77 -
NW_025965309.1_RagTag:3204112-3203780 -            111 33944at314147        -            280    0.0029   13.9   0.5   2   2       2.2   3.7e+02   -2.9   2.8   196   231    69   106    56   109 0.49 -
#
# Program:         hmmsearch
# Version:         3.1b2 (February 2015)
# Pipeline mode:   SEARCH
# Query file:      /home/bgerda/guppy_SUP/busco_downloads/lineages/glires_odb10/hmms/33944at314147.hmm
# Target file:     /home/bgerda/guppy_SUP/busco_results_racon/run_glires_odb10/metaeuk_output/rerun_results/ragtag.scaffold.fasta.modified.fas
# Option settings: hmmsearch --domtblout /home/bgerda/guppy_SUP/busco_results_racon/run_glires_odb10/hmmer_output/rerun_results/33944at314147.out --cpu 1 /home/bgerda/guppy_SUP/busco_downloads/lineages/glires_odb10/hmms/33944at314147.hmm /home/bgerda/guppy_SUP/busco_results_racon/run_glires_odb10/metaeuk_output/rerun_results/ragtag.scaffold.fasta.modified.fas 
# Current dir:     /home/bgerda/guppy_SUP
# Date:            Sun May 21 17:29:47 2023
# [ok]
