#                                                                                             --- full sequence --- -------------- this domain -------------   hmm coord   ali coord   env coord
# target name                         accession   tlen query name           accession   qlen   E-value  score  bias   #  of  c-Evalue  i-Evalue  score  bias  from    to  from    to  from    to  acc description of target
#                 ------------------- ---------- ----- -------------------- ---------- ----- --------- ------ ----- --- --- --------- --------- ------ ----- ----- ----- ----- ----- ----- ----- ---- ---------------------
NW_025965300.1_RagTag:1697831-1699783 -            651 34784at314147        -            217   2.3e-09   33.7   0.8   1   3   0.00039     0.067    9.3   0.0   135   176   344   385   331   402 0.87 -
NW_025965300.1_RagTag:1697831-1699783 -            651 34784at314147        -            217   2.3e-09   33.7   0.8   2   3    0.0087       1.5    4.9   0.0   127   175   423   475   417   487 0.80 -
NW_025965300.1_RagTag:1697831-1699783 -            651 34784at314147        -            217   2.3e-09   33.7   0.8   3   3   3.5e-06    0.0006   16.0   0.1   131   173   529   571   521   589 0.90 -
NW_025965218.1_RagTag:1315724-1313338 -            219 34784at314147        -            217   3.7e-07   26.5   0.4   1   1   2.9e-09   5.1e-07   26.1   0.4   128   187    94   153    72   172 0.81 -
NW_025965028.1_RagTag:463840-462302   -            234 34784at314147        -            217   2.9e-05   20.3   0.0   1   1   2.2e-07   3.9e-05   19.9   0.0   132   174    14    59     5    96 0.83 -
NW_025965324.1_RagTag:2915185-2915394 -             70 34784at314147        -            217   0.00013   18.2   0.5   1   1   7.7e-07   0.00013   18.2   0.5   135   177    21    63     5    70 0.81 -
NW_025965228.1_RagTag:17095-16619     -             74 34784at314147        -            217   0.00022   17.5   1.1   1   1   1.4e-06   0.00025   17.3   1.1   129   176    22    69     8    73 0.84 -
NW_025965177.1_RagTag:229533-229225   -            103 34784at314147        -            217    0.0011   15.2   0.3   1   1   7.6e-06    0.0013   14.9   0.3   136   173    65   102    30   103 0.84 -
NW_025965275.1_RagTag:420401-420210   -             64 34784at314147        -            217    0.0012   15.1   0.8   1   1     7e-06    0.0012   15.0   0.8   131   174    16    58     3    63 0.79 -
NW_025965324.1_RagTag:2927304-2928146 -            184 34784at314147        -            217    0.0014   14.8   0.1   1   1   1.1e-05    0.0019   14.4   0.1   136   177   102   142    86   167 0.78 -
#
# Program:         hmmsearch
# Version:         3.1b2 (February 2015)
# Pipeline mode:   SEARCH
# Query file:      /home/bgerda/guppy_SUP/busco_downloads/lineages/glires_odb10/hmms/34784at314147.hmm
# Target file:     /home/bgerda/guppy_SUP/busco_results_racon/run_glires_odb10/metaeuk_output/rerun_results/ragtag.scaffold.fasta.modified.fas
# Option settings: hmmsearch --domtblout /home/bgerda/guppy_SUP/busco_results_racon/run_glires_odb10/hmmer_output/rerun_results/34784at314147.out --cpu 1 /home/bgerda/guppy_SUP/busco_downloads/lineages/glires_odb10/hmms/34784at314147.hmm /home/bgerda/guppy_SUP/busco_results_racon/run_glires_odb10/metaeuk_output/rerun_results/ragtag.scaffold.fasta.modified.fas 
# Current dir:     /home/bgerda/guppy_SUP
# Date:            Sun May 21 17:29:47 2023
# [ok]
