#                                                                                             --- full sequence --- -------------- this domain -------------   hmm coord   ali coord   env coord
# target name                         accession   tlen query name           accession   qlen   E-value  score  bias   #  of  c-Evalue  i-Evalue  score  bias  from    to  from    to  from    to  acc description of target
#                 ------------------- ---------- ----- -------------------- ---------- ----- --------- ------ ----- --- --- --------- --------- ------ ----- ----- ----- ----- ----- ----- ----- ---- ---------------------
NW_025965218.1_RagTag:845634-833156   -            159 36058at314147        -            173   2.7e-18   62.8   1.3   1   2   1.6e-18   2.8e-16   56.3   0.2     4    68    20    83    17    95 0.89 -
NW_025965218.1_RagTag:845634-833156   -            159 36058at314147        -            173   2.7e-18   62.8   1.3   2   2     0.005      0.86    5.8   0.1    67   108   104   141    94   153 0.79 -
NW_025965350.1_RagTag:40927-41280     -            118 36058at314147        -            173   6.7e-12   42.0   0.0   1   1   4.9e-14   8.5e-12   41.7   0.0     7    67    35    95    31   105 0.96 -
NW_025965315.1_RagTag:3323724-3324697 -            104 36058at314147        -            173   7.9e-06   22.2   0.0   1   1   5.3e-08   9.2e-06   22.0   0.0    66   143    21    96     5   102 0.80 -
NW_025965233.1_RagTag:149862-153124   -            174 36058at314147        -            173   4.8e-05   19.7   0.0   1   1   4.4e-07   7.6e-05   19.0   0.0     9    67    15    71    12    76 0.89 -
NW_025965256.1_RagTag:953578-953943   -            122 36058at314147        -            173   0.00079   15.7   0.1   1   1   5.6e-06   0.00097   15.4   0.1    93   149    34    90    23   111 0.75 -
NW_025965045.1_RagTag:4303-3989       -            105 36058at314147        -            173   0.00079   15.7   0.0   1   1   5.1e-06   0.00088   15.6   0.0    55   147    15   100     6   105 0.82 -
NW_025965319.1_RagTag:347398-347027   -            124 36058at314147        -            173     0.001   15.3   0.0   1   1   8.1e-06    0.0014   14.9   0.0     8    67    23    80    18    95 0.85 -
NW_025965215.1_RagTag:394055-393448   -             62 36058at314147        -            173    0.0023   14.2   0.0   1   1   1.4e-05    0.0025   14.1   0.0    96   142     7    53     2    59 0.86 -
#
# Program:         hmmsearch
# Version:         3.1b2 (February 2015)
# Pipeline mode:   SEARCH
# Query file:      /home/bgerda/guppy_SUP/busco_downloads/lineages/glires_odb10/hmms/36058at314147.hmm
# Target file:     /home/bgerda/guppy_SUP/busco_results_racon/run_glires_odb10/metaeuk_output/rerun_results/ragtag.scaffold.fasta.modified.fas
# Option settings: hmmsearch --domtblout /home/bgerda/guppy_SUP/busco_results_racon/run_glires_odb10/hmmer_output/rerun_results/36058at314147.out --cpu 1 /home/bgerda/guppy_SUP/busco_downloads/lineages/glires_odb10/hmms/36058at314147.hmm /home/bgerda/guppy_SUP/busco_results_racon/run_glires_odb10/metaeuk_output/rerun_results/ragtag.scaffold.fasta.modified.fas 
# Current dir:     /home/bgerda/guppy_SUP
# Date:            Sun May 21 17:30:06 2023
# [ok]
