#                                                                                             --- full sequence --- -------------- this domain -------------   hmm coord   ali coord   env coord
# target name                         accession   tlen query name           accession   qlen   E-value  score  bias   #  of  c-Evalue  i-Evalue  score  bias  from    to  from    to  from    to  acc description of target
#                 ------------------- ---------- ----- -------------------- ---------- ----- --------- ------ ----- --- --- --------- --------- ------ ----- ----- ----- ----- ----- ----- ----- ---- ---------------------
NW_025965177.1_RagTag:229533-229225   -            103 36860at314147        -            250   9.2e-47  156.2   0.8   1   1   6.9e-49   9.5e-47  156.2   0.8   107   175    35   103     5   103 0.91 -
NW_025965324.1_RagTag:2927304-2928146 -            184 36860at314147        -            250   9.3e-20   67.8   1.1   1   1   8.3e-22   1.2e-19   67.5   1.1    71   182    34   146    23   170 0.83 -
NW_025965275.1_RagTag:420401-420210   -             64 36860at314147        -            250   2.2e-16   56.7   4.5   1   1   1.6e-18   2.2e-16   56.7   4.5   121   179     4    62     1    64 0.96 -
NW_025965284.1_RagTag:345181-345417   -             79 36860at314147        -            250   4.4e-16   55.7   0.5   1   1   3.5e-18   4.9e-16   55.6   0.5   117   171    25    79    12    79 0.92 -
NW_025965324.1_RagTag:2915185-2915394 -             70 36860at314147        -            250   4.5e-14   49.1   2.3   1   1   3.6e-16     5e-14   49.0   2.3   118   181     3    66     1    69 0.94 -
NW_025965228.1_RagTag:17095-16619     -             74 36860at314147        -            250   4.5e-10   36.0   5.4   1   1   3.4e-12   4.8e-10   35.9   5.4   119   179    11    71     3    74 0.92 -
NW_025965309.1_RagTag:3204112-3203780 -            111 36860at314147        -            250   2.8e-09   33.4   0.1   1   1   2.9e-11     4e-09   32.9   0.1   149   187     1    39     1    54 0.92 -
NW_025965266.1_RagTag:206462-207725   -            126 36860at314147        -            250   6.2e-05   19.2   0.1   1   1   4.9e-07   6.8e-05   19.1   0.1   123   161    87   125    51   126 0.88 -
NW_025965218.1_RagTag:1315724-1313338 -            219 36860at314147        -            250   0.00036   16.7   1.9   1   1   3.5e-06   0.00049   16.3   1.9   100   192    55   156    48   165 0.76 -
NW_025965300.1_RagTag:1697831-1699783 -            651 36860at314147        -            250    0.0015   14.6   0.7   1   3     0.098        14    1.7   0.0   139   188   167   217   160   227 0.78 -
NW_025965300.1_RagTag:1697831-1699783 -            651 36860at314147        -            250    0.0015   14.6   0.7   2   3    0.0026      0.35    6.9   0.0   128   177   336   385   279   403 0.88 -
NW_025965300.1_RagTag:1697831-1699783 -            651 36860at314147        -            250    0.0015   14.6   0.7   3   3      0.07       9.7    2.2   0.1   131   174   429   472   407   483 0.82 -
#
# Program:         hmmsearch
# Version:         3.1b2 (February 2015)
# Pipeline mode:   SEARCH
# Query file:      /home/bgerda/guppy_SUP/busco_downloads/lineages/glires_odb10/hmms/36860at314147.hmm
# Target file:     /home/bgerda/guppy_SUP/busco_results_racon/run_glires_odb10/metaeuk_output/rerun_results/ragtag.scaffold.fasta.modified.fas
# Option settings: hmmsearch --domtblout /home/bgerda/guppy_SUP/busco_results_racon/run_glires_odb10/hmmer_output/rerun_results/36860at314147.out --cpu 1 /home/bgerda/guppy_SUP/busco_downloads/lineages/glires_odb10/hmms/36860at314147.hmm /home/bgerda/guppy_SUP/busco_results_racon/run_glires_odb10/metaeuk_output/rerun_results/ragtag.scaffold.fasta.modified.fas 
# Current dir:     /home/bgerda/guppy_SUP
# Date:            Sun May 21 17:29:56 2023
# [ok]
