#                                                                                             --- full sequence --- -------------- this domain -------------   hmm coord   ali coord   env coord
# target name                         accession   tlen query name           accession   qlen   E-value  score  bias   #  of  c-Evalue  i-Evalue  score  bias  from    to  from    to  from    to  acc description of target
#                 ------------------- ---------- ----- -------------------- ---------- ----- --------- ------ ----- --- --- --------- --------- ------ ----- ----- ----- ----- ----- ----- ----- ---- ---------------------
NW_025965177.1_RagTag:229533-229225   -            103 37041at314147        -            193   6.9e-16   54.9   0.7   1   1   6.4e-18   9.9e-16   54.4   0.6    80   135    48   103    37   103 0.93 -
NW_025965275.1_RagTag:420401-420210   -             64 37041at314147        -            193   1.1e-13   47.7   1.3   1   1   7.7e-16   1.2e-13   47.6   1.3    82   138     5    61     1    63 0.94 -
NW_025965284.1_RagTag:345181-345417   -             79 37041at314147        -            193   1.3e-13   47.5   0.2   1   1   9.5e-16   1.5e-13   47.3   0.2    61   131     4    79     2    79 0.82 -
NW_025965324.1_RagTag:2915185-2915394 -             70 37041at314147        -            193   5.3e-13   45.5   0.7   1   1   3.7e-15   5.8e-13   45.4   0.7    81   138     6    63     1    67 0.94 -
NW_025965324.1_RagTag:2927304-2928146 -            184 37041at314147        -            193     8e-13   44.9   0.3   1   1   7.1e-15   1.1e-12   44.5   0.3    83   139    87   143    61   154 0.90 -
NW_025965228.1_RagTag:17095-16619     -             74 37041at314147        -            193   4.6e-12   42.4   0.6   1   1   3.5e-14   5.3e-12   42.2   0.6    77   138     9    70     4    73 0.94 -
NW_025965309.1_RagTag:3204112-3203780 -            111 37041at314147        -            193   0.00072   15.7   0.0   1   1   8.4e-06    0.0013   14.8   0.0   112   140     4    32     1    48 0.84 -
NW_025965266.1_RagTag:206462-207725   -            126 37041at314147        -            193    0.0011   15.1   0.1   1   1   8.5e-06    0.0013   14.8   0.1    82   120    86   124    67   126 0.88 -
NW_025965218.1_RagTag:1315724-1313338 -            219 37041at314147        -            193     0.011   11.9   0.2   1   1   0.00011     0.016   11.3   0.2    79   140    84   144    76   160 0.83 -
#
# Program:         hmmsearch
# Version:         3.1b2 (February 2015)
# Pipeline mode:   SEARCH
# Query file:      /home/bgerda/guppy_SUP/busco_downloads/lineages/glires_odb10/hmms/37041at314147.hmm
# Target file:     /home/bgerda/guppy_SUP/busco_results_racon/run_glires_odb10/metaeuk_output/rerun_results/ragtag.scaffold.fasta.modified.fas
# Option settings: hmmsearch --domtblout /home/bgerda/guppy_SUP/busco_results_racon/run_glires_odb10/hmmer_output/rerun_results/37041at314147.out --cpu 1 /home/bgerda/guppy_SUP/busco_downloads/lineages/glires_odb10/hmms/37041at314147.hmm /home/bgerda/guppy_SUP/busco_results_racon/run_glires_odb10/metaeuk_output/rerun_results/ragtag.scaffold.fasta.modified.fas 
# Current dir:     /home/bgerda/guppy_SUP
# Date:            Sun May 21 17:30:00 2023
# [ok]
