#                                                                                             --- full sequence --- -------------- this domain -------------   hmm coord   ali coord   env coord
# target name                         accession   tlen query name           accession   qlen   E-value  score  bias   #  of  c-Evalue  i-Evalue  score  bias  from    to  from    to  from    to  acc description of target
#                 ------------------- ---------- ----- -------------------- ---------- ----- --------- ------ ----- --- --- --------- --------- ------ ----- ----- ----- ----- ----- ----- ----- ---- ---------------------
NW_025965080.1_RagTag:516862-514868   -            215 37770at314147        -            129   2.5e-13   46.8  18.9   1   4   2.4e-07   6.7e-05   19.5   0.8    71   116    24    69     8    73 0.89 -
NW_025965080.1_RagTag:516862-514868   -            215 37770at314147        -            129   2.5e-13   46.8  18.9   2   4     1e-05    0.0029   14.2   0.6    81   118    67   105    58   110 0.84 -
NW_025965080.1_RagTag:516862-514868   -            215 37770at314147        -            129   2.5e-13   46.8  18.9   3   4   0.00097      0.27    7.9   0.4    73   112   119   157   108   166 0.84 -
NW_025965080.1_RagTag:516862-514868   -            215 37770at314147        -            129   2.5e-13   46.8  18.9   4   4   6.2e-07   0.00017   18.2   2.5    61   111   166   215   160   215 0.84 -
contig_7816_pilon:162-2071            -            190 37770at314147        -            129   1.7e-10   37.6  13.3   1   3   2.7e-07   7.5e-05   19.4   0.9    73   108    21    56     5    71 0.83 -
contig_7816_pilon:162-2071            -            190 37770at314147        -            129   1.7e-10   37.6  13.3   2   3   1.9e-05    0.0052   13.4   1.3    70   115    79   125    56   132 0.80 -
contig_7816_pilon:162-2071            -            190 37770at314147        -            129   1.7e-10   37.6  13.3   3   3   4.1e-05     0.011   12.3   0.9    71   107   147   187   124   190 0.70 -
NW_025965218.1_RagTag:1315724-1313338 -            219 37770at314147        -            129   4.8e-06   23.2   0.4   1   2   1.8e-07   5.1e-05   19.9   0.8    74   109    28    64    23    70 0.90 -
NW_025965218.1_RagTag:1315724-1313338 -            219 37770at314147        -            129   4.8e-06   23.2   0.4   2   2      0.26        74   -0.0   0.0    94   115    93   112    78   119 0.70 -
NW_025965123.1_RagTag:660462-660285   -             57 37770at314147        -            129   0.00082   16.0   1.4   1   1   3.1e-06   0.00086   15.9   1.4    68   107    16    55     2    57 0.82 -
NW_025965284.1_RagTag:30827-30266     -            101 37770at314147        -            129    0.0045   13.6   1.5   1   2      0.35        98   -0.4   0.0    60    88    10    38     2    45 0.66 -
NW_025965284.1_RagTag:30827-30266     -            101 37770at314147        -            129    0.0045   13.6   1.5   2   2   2.4e-05    0.0068   13.0   0.3    70   108    46    84    41    96 0.79 -
#
# Program:         hmmsearch
# Version:         3.1b2 (February 2015)
# Pipeline mode:   SEARCH
# Query file:      /home/bgerda/guppy_SUP/busco_downloads/lineages/glires_odb10/hmms/37770at314147.hmm
# Target file:     /home/bgerda/guppy_SUP/busco_results_racon/run_glires_odb10/metaeuk_output/rerun_results/ragtag.scaffold.fasta.modified.fas
# Option settings: hmmsearch --domtblout /home/bgerda/guppy_SUP/busco_results_racon/run_glires_odb10/hmmer_output/rerun_results/37770at314147.out --cpu 1 /home/bgerda/guppy_SUP/busco_downloads/lineages/glires_odb10/hmms/37770at314147.hmm /home/bgerda/guppy_SUP/busco_results_racon/run_glires_odb10/metaeuk_output/rerun_results/ragtag.scaffold.fasta.modified.fas 
# Current dir:     /home/bgerda/guppy_SUP
# Date:            Sun May 21 17:29:48 2023
# [ok]
