#                                                                                             --- full sequence --- -------------- this domain -------------   hmm coord   ali coord   env coord
# target name                         accession   tlen query name           accession   qlen   E-value  score  bias   #  of  c-Evalue  i-Evalue  score  bias  from    to  from    to  from    to  acc description of target
#                 ------------------- ---------- ----- -------------------- ---------- ----- --------- ------ ----- --- --- --------- --------- ------ ----- ----- ----- ----- ----- ----- ----- ---- ---------------------
NW_025965188.1_RagTag:427998-428411   -            138 37817at314147        -            162   3.5e-11   39.7   0.2   1   2   5.6e-08   9.7e-06   22.0   0.0    40    82    18    60     4    66 0.88 -
NW_025965188.1_RagTag:427998-428411   -            138 37817at314147        -            162   3.5e-11   39.7   0.2   2   2   3.7e-06   0.00065   16.1   0.0    36    81    93   138    81   138 0.86 -
NW_025965163.1_RagTag:38535-29734     -            742 37817at314147        -            162   6.7e-09   32.3   0.0   1   1   1.5e-10   2.6e-08   30.4   0.0    15    96   447   528   442   534 0.87 -
NW_025965344.1_RagTag:40631-35279     -            181 37817at314147        -            162   3.8e-07   26.6   0.0   1   2   4.6e-08     8e-06   22.3   0.0    11   111    28   126    20   133 0.93 -
NW_025965344.1_RagTag:40631-35279     -            181 37817at314147        -            162   3.8e-07   26.6   0.0   2   2   0.00064      0.11    8.8   0.0    35    93   116   171   109   177 0.85 -
NW_025965352.1_RagTag:102445-103867   -            274 37817at314147        -            162   1.7e-06   24.5   0.1   1   1   1.8e-08   3.1e-06   23.6   0.1    43    92     6    55     1    60 0.91 -
NW_025965296.1_RagTag:679183-678884   -            100 37817at314147        -            162   1.4e-05   21.5   0.3   1   1   1.5e-07   2.7e-05   20.6   0.3    22    89    31    96    19   100 0.84 -
NW_025965288.1_RagTag:99944-99699     -             82 37817at314147        -            162   0.00036   16.9   0.0   1   1   3.3e-06   0.00057   16.3   0.0    37    72    26    61     9    75 0.80 -
NW_025965287.1_RagTag:1503606-1508138 -            432 37817at314147        -            162   0.00077   15.8   0.3   1   1     7e-06    0.0012   15.2   0.3    10    94   326   413   319   424 0.77 -
NW_025965182.1_RagTag:1127015-1127179 -             55 37817at314147        -            162    0.0054   13.1   0.0   1   1   3.2e-05    0.0056   13.0   0.0    21    65     6    47     1    52 0.86 -
#
# Program:         hmmsearch
# Version:         3.1b2 (February 2015)
# Pipeline mode:   SEARCH
# Query file:      /home/bgerda/guppy_SUP/busco_downloads/lineages/glires_odb10/hmms/37817at314147.hmm
# Target file:     /home/bgerda/guppy_SUP/busco_results_racon/run_glires_odb10/metaeuk_output/rerun_results/ragtag.scaffold.fasta.modified.fas
# Option settings: hmmsearch --domtblout /home/bgerda/guppy_SUP/busco_results_racon/run_glires_odb10/hmmer_output/rerun_results/37817at314147.out --cpu 1 /home/bgerda/guppy_SUP/busco_downloads/lineages/glires_odb10/hmms/37817at314147.hmm /home/bgerda/guppy_SUP/busco_results_racon/run_glires_odb10/metaeuk_output/rerun_results/ragtag.scaffold.fasta.modified.fas 
# Current dir:     /home/bgerda/guppy_SUP
# Date:            Sun May 21 17:29:49 2023
# [ok]
