#                                                                                             --- full sequence --- -------------- this domain -------------   hmm coord   ali coord   env coord
# target name                         accession   tlen query name           accession   qlen   E-value  score  bias   #  of  c-Evalue  i-Evalue  score  bias  from    to  from    to  from    to  acc description of target
#                 ------------------- ---------- ----- -------------------- ---------- ----- --------- ------ ----- --- --- --------- --------- ------ ----- ----- ----- ----- ----- ----- ----- ---- ---------------------
NW_025965127.1_RagTag:114163-113654   -            170 38251at314147        -            477     0.084    7.7   6.2   1   3     0.019       6.5    1.5   0.2    10    23    34    48     4    59 0.47 -
NW_025965127.1_RagTag:114163-113654   -            170 38251at314147        -            477     0.084    7.7   6.2   2   3     0.011         4    2.2   0.4    10    34    34    59    24    88 0.69 -
NW_025965127.1_RagTag:114163-113654   -            170 38251at314147        -            477     0.084    7.7   6.2   3   3   0.00026      0.09    7.6   0.5    10    42    90   127    81   146 0.76 -
contig_81532_pilon:2097-1657          -            147 38251at314147        -            477      0.66    4.8  12.9   1   2    0.0053       1.9    3.3   4.2    13    53    10    55     3    84 0.82 -
contig_81532_pilon:2097-1657          -            147 38251at314147        -            477      0.66    4.8  12.9   2   2   0.00037      0.13    7.1   1.5    12    54    95   141    85   146 0.85 -
NW_025965285.1_RagTag:174148-175299   -            384 38251at314147        -            477      0.97    4.2   9.5   1   3       0.3     1e+02   -2.5   0.1    26    57    23    53    15    67 0.68 -
NW_025965285.1_RagTag:174148-175299   -            384 38251at314147        -            477      0.97    4.2   9.5   2   3   0.00011     0.038    8.9   2.9     4    94   114   218   111   245 0.67 -
NW_025965285.1_RagTag:174148-175299   -            384 38251at314147        -            477      0.97    4.2   9.5   3   3      0.52   1.8e+02   -3.3   0.0    34    53   361   380   358   383 0.78 -
NW_025965317.1_RagTag:1373618-1373070 -            183 38251at314147        -            477       3.3    2.4  13.0   1   3   0.00034      0.12    7.2   0.5    13    53     7    51     2    58 0.80 -
NW_025965317.1_RagTag:1373618-1373070 -            183 38251at314147        -            477       3.3    2.4  13.0   2   3      0.13        44   -1.3   0.7    10    34    59    84    49   108 0.72 -
NW_025965317.1_RagTag:1373618-1373070 -            183 38251at314147        -            477       3.3    2.4  13.0   3   3     0.006       2.1    3.1   1.4    10    54   115   164   107   171 0.76 -
#
# Program:         hmmsearch
# Version:         3.1b2 (February 2015)
# Pipeline mode:   SEARCH
# Query file:      /home/bgerda/guppy_SUP/busco_downloads/lineages/glires_odb10/hmms/38251at314147.hmm
# Target file:     /home/bgerda/guppy_SUP/busco_results_racon/run_glires_odb10/metaeuk_output/rerun_results/ragtag.scaffold.fasta.modified.fas
# Option settings: hmmsearch --domtblout /home/bgerda/guppy_SUP/busco_results_racon/run_glires_odb10/hmmer_output/rerun_results/38251at314147.out --cpu 1 /home/bgerda/guppy_SUP/busco_downloads/lineages/glires_odb10/hmms/38251at314147.hmm /home/bgerda/guppy_SUP/busco_results_racon/run_glires_odb10/metaeuk_output/rerun_results/ragtag.scaffold.fasta.modified.fas 
# Current dir:     /home/bgerda/guppy_SUP
# Date:            Sun May 21 17:29:55 2023
# [ok]
