#                                                                                             --- full sequence --- -------------- this domain -------------   hmm coord   ali coord   env coord
# target name                         accession   tlen query name           accession   qlen   E-value  score  bias   #  of  c-Evalue  i-Evalue  score  bias  from    to  from    to  from    to  acc description of target
#                 ------------------- ---------- ----- -------------------- ---------- ----- --------- ------ ----- --- --- --------- --------- ------ ----- ----- ----- ----- ----- ----- ----- ---- ---------------------
NW_025965209.1_RagTag:258206-258526   -            107 38544at314147        -            144   1.5e-10   37.3   0.2   1   1   9.8e-13     2e-10   36.9   0.2    44   100    51   107    37   107 0.91 -
NW_025965240.1_RagTag:115165-114845   -            107 38544at314147        -            144   4.6e-10   35.7   0.0   1   1     3e-12     6e-10   35.3   0.0    58   100    31    73    19    83 0.87 -
NW_025965152.1_RagTag:33013-30429     -            148 38544at314147        -            144   2.6e-08   30.1   0.0   1   2   3.5e-10     7e-08   28.6   0.0    48    99    22    73     5    77 0.91 -
NW_025965152.1_RagTag:33013-30429     -            148 38544at314147        -            144   2.6e-08   30.1   0.0   2   2       0.7   1.4e+02   -1.5   0.0   103   124   115   136   106   147 0.69 -
NW_025965320.1_RagTag:3122954-3123478 -            175 38544at314147        -            144   6.8e-06   22.2   0.0   1   1   4.6e-08   9.1e-06   21.8   0.0    45   104    22    83     2   102 0.87 -
NW_025965135.1_RagTag:925176-924562   -            205 38544at314147        -            144     4e-05   19.7   0.6   1   1     2e-07     4e-05   19.7   0.6    43   108   122   186   109   200 0.80 -
NW_025965072.1_RagTag:80295-79939     -            119 38544at314147        -            144   0.00036   16.6   0.4   1   1   2.5e-06   0.00049   16.2   0.4    43    95     8    61     3    70 0.82 -
NW_025965266.1_RagTag:86958-55652     -            393 38544at314147        -            144     0.013   11.5   2.5   1   2   0.00012     0.024   10.7   0.1    47    77    88   117    75   130 0.85 -
NW_025965266.1_RagTag:86958-55652     -            393 38544at314147        -            144     0.013   11.5   2.5   2   2      0.37        73   -0.6   0.1    50    68   293   311   267   319 0.80 -
#
# Program:         hmmsearch
# Version:         3.1b2 (February 2015)
# Pipeline mode:   SEARCH
# Query file:      /home/bgerda/guppy_SUP/busco_downloads/lineages/glires_odb10/hmms/38544at314147.hmm
# Target file:     /home/bgerda/guppy_SUP/busco_results_racon/run_glires_odb10/metaeuk_output/rerun_results/ragtag.scaffold.fasta.modified.fas
# Option settings: hmmsearch --domtblout /home/bgerda/guppy_SUP/busco_results_racon/run_glires_odb10/hmmer_output/rerun_results/38544at314147.out --cpu 1 /home/bgerda/guppy_SUP/busco_downloads/lineages/glires_odb10/hmms/38544at314147.hmm /home/bgerda/guppy_SUP/busco_results_racon/run_glires_odb10/metaeuk_output/rerun_results/ragtag.scaffold.fasta.modified.fas 
# Current dir:     /home/bgerda/guppy_SUP
# Date:            Sun May 21 17:29:47 2023
# [ok]
