#                                                                                             --- full sequence --- -------------- this domain -------------   hmm coord   ali coord   env coord
# target name                         accession   tlen query name           accession   qlen   E-value  score  bias   #  of  c-Evalue  i-Evalue  score  bias  from    to  from    to  from    to  acc description of target
#                 ------------------- ---------- ----- -------------------- ---------- ----- --------- ------ ----- --- --- --------- --------- ------ ----- ----- ----- ----- ----- ----- ----- ---- ---------------------
NW_025965357.1_RagTag:21940-22340     -            128 38778at314147        -            159   2.1e-13   47.0   0.3   1   1   1.5e-15   2.7e-13   46.6   0.3     3    73    29    95    27   102 0.92 -
NW_025965322.1_RagTag:1227246-1228055 -            270 38778at314147        -            159     2e-06   24.3   2.0   1   1   1.4e-08   2.4e-06   24.0   1.2     4    76     9    83     6   110 0.78 -
NW_025965317.1_RagTag:2732946-2735087 -            714 38778at314147        -            159   0.00017   18.0   3.0   1   2   0.00046     0.079    9.4   5.0     3    54     2    45     1    45 0.84 -
NW_025965317.1_RagTag:2732946-2735087 -            714 38778at314147        -            159   0.00017   18.0   3.0   2   2   0.00025     0.043   10.2   0.0     2    45    36    79    35   114 0.75 -
contig_4568_pilon:1304-1546           -             81 38778at314147        -            159   0.00062   16.2   2.0   1   1   3.8e-06   0.00066   16.1   2.0    17    55    11    47     2    79 0.83 -
NW_025965209.1_RagTag:161057-161341   -             95 38778at314147        -            159    0.0073   12.7   1.4   1   1     6e-05      0.01   12.2   1.4     4    37    28    57    25    65 0.82 -
NW_025965309.1_RagTag:3290555-3290193 -            121 38778at314147        -            159    0.0087   12.5   2.3   1   1   6.9e-05     0.012   12.0   2.3     3    54    61   110    59   119 0.81 -
NW_025965319.1_RagTag:4123940-4123488 -            151 38778at314147        -            159       0.2    8.1   8.8   1   2   8.1e-05     0.014   11.8   3.6     5    80    45   111    41   122 0.78 -
NW_025965319.1_RagTag:4123940-4123488 -            151 38778at314147        -            159       0.2    8.1   8.8   2   2      0.98   1.7e+02   -1.5   0.2    34    51   130   147   121   150 0.59 -
NW_025965245.1_RagTag:400173-400936   -            124 38778at314147        -            159      0.29    7.5  13.4   1   2   0.00024     0.041   10.3   8.4     4    57     9    65     5    73 0.67 -
NW_025965245.1_RagTag:400173-400936   -            124 38778at314147        -            159      0.29    7.5  13.4   2   2      0.52        90   -0.6   0.2    36    52    87   103    75   113 0.70 -
#
# Program:         hmmsearch
# Version:         3.1b2 (February 2015)
# Pipeline mode:   SEARCH
# Query file:      /home/bgerda/guppy_SUP/busco_downloads/lineages/glires_odb10/hmms/38778at314147.hmm
# Target file:     /home/bgerda/guppy_SUP/busco_results_racon/run_glires_odb10/metaeuk_output/rerun_results/ragtag.scaffold.fasta.modified.fas
# Option settings: hmmsearch --domtblout /home/bgerda/guppy_SUP/busco_results_racon/run_glires_odb10/hmmer_output/rerun_results/38778at314147.out --cpu 1 /home/bgerda/guppy_SUP/busco_downloads/lineages/glires_odb10/hmms/38778at314147.hmm /home/bgerda/guppy_SUP/busco_results_racon/run_glires_odb10/metaeuk_output/rerun_results/ragtag.scaffold.fasta.modified.fas 
# Current dir:     /home/bgerda/guppy_SUP
# Date:            Sun May 21 17:29:55 2023
# [ok]
