#                                                                                             --- full sequence --- -------------- this domain -------------   hmm coord   ali coord   env coord
# target name                         accession   tlen query name           accession   qlen   E-value  score  bias   #  of  c-Evalue  i-Evalue  score  bias  from    to  from    to  from    to  acc description of target
#                 ------------------- ---------- ----- -------------------- ---------- ----- --------- ------ ----- --- --- --------- --------- ------ ----- ----- ----- ----- ----- ----- ----- ---- ---------------------
NW_025965284.1_RagTag:345181-345417   -             79 38909at314147        -            198   1.1e-14   51.1   0.7   1   1   7.5e-17   1.2e-14   51.0   0.7    69   130    17    79     3    79 0.83 -
NW_025965177.1_RagTag:229533-229225   -            103 38909at314147        -            198   4.5e-13   45.8   1.1   1   1   4.4e-15   6.8e-13   45.2   1.1    80   134    47   103    38   103 0.91 -
NW_025965275.1_RagTag:420401-420210   -             64 38909at314147        -            198   1.3e-11   41.0   2.2   1   1   9.1e-14   1.4e-11   40.9   2.2    80   137     5    61     2    64 0.92 -
NW_025965324.1_RagTag:2927304-2928146 -            184 38909at314147        -            198     6e-11   38.9   0.1   1   1   4.7e-13   7.2e-11   38.6   0.1    84   139    87   144    41   170 0.85 -
NW_025965324.1_RagTag:2915185-2915394 -             70 38909at314147        -            198     3e-10   36.6   0.5   1   1   2.2e-12   3.3e-10   36.4   0.5    83   137     7    63     3    69 0.84 -
NW_025965228.1_RagTag:17095-16619     -             74 38909at314147        -            198   5.4e-10   35.7   1.4   1   1   3.8e-12   5.9e-10   35.6   1.4    78   137     9    70     4    74 0.90 -
NW_025965309.1_RagTag:3204112-3203780 -            111 38909at314147        -            198   5.2e-08   29.3   0.2   1   2   3.4e-10   5.2e-08   29.3   0.2   110   153     3    46     1    67 0.80 -
NW_025965309.1_RagTag:3204112-3203780 -            111 38909at314147        -            198   5.2e-08   29.3   0.2   2   2      0.26        40    0.3   0.4    23    40    89   106    68   109 0.83 -
NW_025965218.1_RagTag:1315724-1313338 -            219 38909at314147        -            198   0.00028   17.1   0.5   1   1   2.8e-06   0.00042   16.5   0.5    79   141    83   149    59   162 0.70 -
NW_025965300.1_RagTag:1697831-1699783 -            651 38909at314147        -            198    0.0005   16.3   7.8   1   3    0.0057      0.88    5.7   0.5     2   137   251   386   250   398 0.77 -
NW_025965300.1_RagTag:1697831-1699783 -            651 38909at314147        -            198    0.0005   16.3   7.8   2   3      0.49        76   -0.6   0.0    54    81   432   457   426   473 0.70 -
NW_025965300.1_RagTag:1697831-1699783 -            651 38909at314147        -            198    0.0005   16.3   7.8   3   3   3.1e-05    0.0048   13.1   0.4    93   133   531   571   525   593 0.91 -
#
# Program:         hmmsearch
# Version:         3.1b2 (February 2015)
# Pipeline mode:   SEARCH
# Query file:      /home/bgerda/guppy_SUP/busco_downloads/lineages/glires_odb10/hmms/38909at314147.hmm
# Target file:     /home/bgerda/guppy_SUP/busco_results_racon/run_glires_odb10/metaeuk_output/rerun_results/ragtag.scaffold.fasta.modified.fas
# Option settings: hmmsearch --domtblout /home/bgerda/guppy_SUP/busco_results_racon/run_glires_odb10/hmmer_output/rerun_results/38909at314147.out --cpu 1 /home/bgerda/guppy_SUP/busco_downloads/lineages/glires_odb10/hmms/38909at314147.hmm /home/bgerda/guppy_SUP/busco_results_racon/run_glires_odb10/metaeuk_output/rerun_results/ragtag.scaffold.fasta.modified.fas 
# Current dir:     /home/bgerda/guppy_SUP
# Date:            Sun May 21 17:29:51 2023
# [ok]
