#                                                                                             --- full sequence --- -------------- this domain -------------   hmm coord   ali coord   env coord
# target name                         accession   tlen query name           accession   qlen   E-value  score  bias   #  of  c-Evalue  i-Evalue  score  bias  from    to  from    to  from    to  acc description of target
#                 ------------------- ---------- ----- -------------------- ---------- ----- --------- ------ ----- --- --- --------- --------- ------ ----- ----- ----- ----- ----- ----- ----- ---- ---------------------
NW_025965296.1_RagTag:679183-678884   -            100 3897at314147         -            873   6.7e-08   27.1   0.7   1   2   2.2e-07   3.3e-05   18.2   0.1   414   443    30    59    16    70 0.84 -
NW_025965296.1_RagTag:679183-678884   -            100 3897at314147         -            873   6.7e-08   27.1   0.7   2   2   0.00017     0.027    8.6   0.1   512   538    74   100    56   100 0.67 -
NW_025965188.1_RagTag:427998-428411   -            138 3897at314147         -            873   8.3e-07   23.5   0.0   1   2   0.00039     0.061    7.4   0.0   515   555    15    54     3    66 0.73 -
NW_025965188.1_RagTag:427998-428411   -            138 3897at314147         -            873   8.3e-07   23.5   0.0   2   2   2.3e-06   0.00036   14.7   0.0   379   439    78   138    58   138 0.85 -
NW_025965287.1_RagTag:1503606-1508138 -            432 3897at314147         -            873   1.9e-05   19.0   1.8   1   1   1.7e-07   2.6e-05   18.6   1.8   515   598   320   407   309   426 0.80 -
NW_025965344.1_RagTag:40631-35279     -            181 3897at314147         -            873   2.1e-05   18.8   0.0   1   1   2.4e-07   3.6e-05   18.0   0.0   312   448    33   168    15   175 0.71 -
NW_025965182.1_RagTag:1127015-1127179 -             55 3897at314147         -            873   0.00075   13.7   0.0   1   1   4.9e-06   0.00075   13.7   0.0   348   395     5    52     1    55 0.79 -
NW_025965352.1_RagTag:102445-103867   -            274 3897at314147         -            873    0.0021   12.2   0.0   1   1   1.8e-05    0.0028   11.8   0.0   399   447     4    52     1    61 0.85 -
NW_025965317.1_RagTag:2732946-2735087 -            714 3897at314147         -            873    0.0049   11.0   1.6   1   1   4.3e-05    0.0066   10.6   1.6   829   865     3    45     1    50 0.81 -
NW_025965319.1_RagTag:4123940-4123488 -            151 3897at314147         -            873    0.0049   11.0   1.8   1   1   4.3e-05    0.0067   10.6   1.8   824   863    39    85    36    90 0.73 -
NW_025965288.1_RagTag:99944-99699     -             82 3897at314147         -            873    0.0074   10.4   0.0   1   1   4.8e-05    0.0074   10.4   0.0   450   550    29    62    13    82 0.61 -
#
# Program:         hmmsearch
# Version:         3.1b2 (February 2015)
# Pipeline mode:   SEARCH
# Query file:      /home/bgerda/guppy_SUP/busco_downloads/lineages/glires_odb10/hmms/3897at314147.hmm
# Target file:     /home/bgerda/guppy_SUP/busco_results_racon/run_glires_odb10/metaeuk_output/rerun_results/ragtag.scaffold.fasta.modified.fas
# Option settings: hmmsearch --domtblout /home/bgerda/guppy_SUP/busco_results_racon/run_glires_odb10/hmmer_output/rerun_results/3897at314147.out --cpu 1 /home/bgerda/guppy_SUP/busco_downloads/lineages/glires_odb10/hmms/3897at314147.hmm /home/bgerda/guppy_SUP/busco_results_racon/run_glires_odb10/metaeuk_output/rerun_results/ragtag.scaffold.fasta.modified.fas 
# Current dir:     /home/bgerda/guppy_SUP
# Date:            Sun May 21 17:29:59 2023
# [ok]
