#                                                                                             --- full sequence --- -------------- this domain -------------   hmm coord   ali coord   env coord
# target name                         accession   tlen query name           accession   qlen   E-value  score  bias   #  of  c-Evalue  i-Evalue  score  bias  from    to  from    to  from    to  acc description of target
#                 ------------------- ---------- ----- -------------------- ---------- ----- --------- ------ ----- --- --- --------- --------- ------ ----- ----- ----- ----- ----- ----- ----- ---- ---------------------
contig_7816_pilon:162-2071            -            190 39384at314147        -            191   2.9e-15   53.1  13.6   1   3   1.1e-09   3.2e-07   26.9   0.3   117   170     2    56     1    62 0.89 -
contig_7816_pilon:162-2071            -            190 39384at314147        -            191   2.9e-15   53.1  13.6   2   3     2e-07   5.6e-05   19.5   1.6     9    69    64   124    60   129 0.53 -
contig_7816_pilon:162-2071            -            190 39384at314147        -            191   2.9e-15   53.1  13.6   3   3   6.8e-06    0.0019   14.5   1.2   128   170   142   188   124   190 0.70 -
NW_025965080.1_RagTag:516862-514868   -            215 39384at314147        -            191   3.4e-14   49.6  16.0   1   4   9.8e-09   2.7e-06   23.8   0.3   125   178    16    69     1    73 0.86 -
NW_025965080.1_RagTag:516862-514868   -            215 39384at314147        -            191   3.4e-14   49.6  16.0   2   4   5.9e-05     0.016   11.5   1.2   143   180    67   105    65   112 0.85 -
NW_025965080.1_RagTag:516862-514868   -            215 39384at314147        -            191   3.4e-14   49.6  16.0   3   4   0.00034     0.095    9.0   0.3   116   171   101   154   100   162 0.77 -
NW_025965080.1_RagTag:516862-514868   -            215 39384at314147        -            191   3.4e-14   49.6  16.0   4   4   8.7e-07   0.00024   17.4   2.6     8    64   158   213   155   215 0.70 -
NW_025965218.1_RagTag:1315724-1313338 -            219 39384at314147        -            191   8.3e-06   22.2   0.9   1   2   1.1e-07   3.1e-05   20.4   1.3   135   171    27    64     7    69 0.86 -
NW_025965218.1_RagTag:1315724-1313338 -            219 39384at314147        -            191   8.3e-06   22.2   0.9   2   2      0.91   2.5e+02   -2.2   0.0   161   177    96   112    84   117 0.73 -
NW_025965284.1_RagTag:30827-30266     -            101 39384at314147        -            191   0.00011   18.5   0.4   1   1   5.1e-07   0.00014   18.2   0.4    95   169     8    83     3    96 0.75 -
NW_025965123.1_RagTag:660462-660285   -             57 39384at314147        -            191     0.018   11.3   4.1   1   1   6.4e-05     0.018   11.4   4.1   117   169     3    55     1    57 0.80 -
#
# Program:         hmmsearch
# Version:         3.1b2 (February 2015)
# Pipeline mode:   SEARCH
# Query file:      /home/bgerda/guppy_SUP/busco_downloads/lineages/glires_odb10/hmms/39384at314147.hmm
# Target file:     /home/bgerda/guppy_SUP/busco_results_racon/run_glires_odb10/metaeuk_output/rerun_results/ragtag.scaffold.fasta.modified.fas
# Option settings: hmmsearch --domtblout /home/bgerda/guppy_SUP/busco_results_racon/run_glires_odb10/hmmer_output/rerun_results/39384at314147.out --cpu 1 /home/bgerda/guppy_SUP/busco_downloads/lineages/glires_odb10/hmms/39384at314147.hmm /home/bgerda/guppy_SUP/busco_results_racon/run_glires_odb10/metaeuk_output/rerun_results/ragtag.scaffold.fasta.modified.fas 
# Current dir:     /home/bgerda/guppy_SUP
# Date:            Sun May 21 17:29:48 2023
# [ok]
