#                                                                                             --- full sequence --- -------------- this domain -------------   hmm coord   ali coord   env coord
# target name                         accession   tlen query name           accession   qlen   E-value  score  bias   #  of  c-Evalue  i-Evalue  score  bias  from    to  from    to  from    to  acc description of target
#                 ------------------- ---------- ----- -------------------- ---------- ----- --------- ------ ----- --- --- --------- --------- ------ ----- ----- ----- ----- ----- ----- ----- ---- ---------------------
NW_025965228.1_RagTag:17095-16619     -             74 39527at314147        -            137   3.8e-19   65.1   0.7   1   1   2.8e-21   4.3e-19   64.9   0.7    67   128    12    73     7    74 0.96 -
NW_025965324.1_RagTag:2927304-2928146 -            184 39527at314147        -            137   4.9e-10   35.6   0.2   1   1   4.3e-12   6.7e-10   35.2   0.2    71   130    88   147    63   153 0.92 -
NW_025965275.1_RagTag:420401-420210   -             64 39527at314147        -            137   2.6e-09   33.3   1.5   1   1   1.8e-11   2.8e-09   33.2   1.5    69   126     5    62     2    64 0.94 -
NW_025965324.1_RagTag:2915185-2915394 -             70 39527at314147        -            137   1.2e-08   31.1   0.7   1   1   8.8e-11   1.4e-08   30.9   0.7    69   132     7    70     2    70 0.94 -
NW_025965177.1_RagTag:229533-229225   -            103 39527at314147        -            137   1.3e-08   31.0   0.1   1   1     1e-10   1.5e-08   30.8   0.1    68   122    49   103    42   103 0.96 -
NW_025965284.1_RagTag:345181-345417   -             79 39527at314147        -            137   5.2e-08   29.0   0.1   1   1   3.4e-10   5.3e-08   29.0   0.1    68   118    29    79     4    79 0.92 -
NW_025965309.1_RagTag:3204112-3203780 -            111 39527at314147        -            137   0.00027   17.0   0.1   1   1   2.4e-06   0.00037   16.6   0.1   102   126     7    31     2    38 0.88 -
NW_025965218.1_RagTag:1315724-1313338 -            219 39527at314147        -            137   0.00087   15.4   0.2   1   1   7.7e-06    0.0012   14.9   0.2    68   127    86   144    68   154 0.87 -
NW_025965300.1_RagTag:1697831-1699783 -            651 39527at314147        -            137    0.0022   14.1   0.1   1   4      0.84   1.3e+02   -1.4   0.0   109   122   190   203   171   211 0.73 -
NW_025965300.1_RagTag:1697831-1699783 -            651 39527at314147        -            137    0.0022   14.1   0.1   2   4     0.028       4.3    3.4   0.0    76   121   427   472   419   482 0.89 -
NW_025965300.1_RagTag:1697831-1699783 -            651 39527at314147        -            137    0.0022   14.1   0.1   3   4    0.0043      0.67    6.0   0.0    71   125   519   575   512   584 0.87 -
NW_025965300.1_RagTag:1697831-1699783 -            651 39527at314147        -            137    0.0022   14.1   0.1   4   4       2.1   3.2e+02   -2.6   0.0    34    58   579   603   577   607 0.86 -
#
# Program:         hmmsearch
# Version:         3.1b2 (February 2015)
# Pipeline mode:   SEARCH
# Query file:      /home/bgerda/guppy_SUP/busco_downloads/lineages/glires_odb10/hmms/39527at314147.hmm
# Target file:     /home/bgerda/guppy_SUP/busco_results_racon/run_glires_odb10/metaeuk_output/rerun_results/ragtag.scaffold.fasta.modified.fas
# Option settings: hmmsearch --domtblout /home/bgerda/guppy_SUP/busco_results_racon/run_glires_odb10/hmmer_output/rerun_results/39527at314147.out --cpu 1 /home/bgerda/guppy_SUP/busco_downloads/lineages/glires_odb10/hmms/39527at314147.hmm /home/bgerda/guppy_SUP/busco_results_racon/run_glires_odb10/metaeuk_output/rerun_results/ragtag.scaffold.fasta.modified.fas 
# Current dir:     /home/bgerda/guppy_SUP
# Date:            Sun May 21 17:29:47 2023
# [ok]
