#                                                                                             --- full sequence --- -------------- this domain -------------   hmm coord   ali coord   env coord
# target name                         accession   tlen query name           accession   qlen   E-value  score  bias   #  of  c-Evalue  i-Evalue  score  bias  from    to  from    to  from    to  acc description of target
#                 ------------------- ---------- ----- -------------------- ---------- ----- --------- ------ ----- --- --- --------- --------- ------ ----- ----- ----- ----- ----- ----- ----- ---- ---------------------
NW_025965283.1_RagTag:55529-55365     -             55 406at314147          -           2198   8.6e-25   82.2  10.8   1   1   6.1e-27   9.5e-25   82.0  10.8   878   922     8    55     3    55 0.94 -
NW_025965188.1_RagTag:427998-428411   -            138 406at314147          -           2198   1.1e-07   25.4   0.1   1   2   7.8e-05     0.012    8.7   0.0  1832  1871     3    43     1    49 0.84 -
NW_025965188.1_RagTag:427998-428411   -            138 406at314147          -           2198   1.1e-07   25.4   0.1   2   2   8.8e-07   0.00014   15.2   0.1  1662  1754    47   138    43   138 0.84 -
NW_025965318.1_RagTag:869052-873613   -            268 406at314147          -           2198   6.5e-06   19.6  11.3   1   1   5.1e-08   7.9e-06   19.3  11.3   804   913    63   182    52   210 0.75 -
NW_025965287.1_RagTag:1503606-1508138 -            432 406at314147          -           2198   4.6e-05   16.7   0.3   1   1   4.3e-07   6.7e-05   16.2   0.3  1733  1825   309   404   298   428 0.81 -
NW_025965296.1_RagTag:679183-678884   -            100 406at314147          -           2198   0.00012   15.4   0.2   1   1   7.6e-07   0.00012   15.4   0.2  1760  1831    28    98     6   100 0.71 -
NW_025965214.1_RagTag:208835-178512   -            520 406at314147          -           2198   0.00014   15.1   0.6   1   1   1.3e-06    0.0002   14.6   0.6   991  1019   446   474   427   492 0.83 -
NW_025965344.1_RagTag:40631-35279     -            181 406at314147          -           2198   0.00017   14.9   0.0   1   1   1.7e-06   0.00027   14.2   0.0  1713  1801    88   171    75   176 0.84 -
NW_025965276.1_RagTag:371243-371716   -            158 406at314147          -           2198    0.0003   14.1   0.2   1   1     2e-06   0.00031   14.0   0.2  1796  1886    29   128     4   148 0.68 -
NW_025965352.1_RagTag:102445-103867   -            274 406at314147          -           2198    0.0017   11.6   0.0   1   1   1.2e-05    0.0019   11.4   0.0  1811  1866     1    57     1    89 0.83 -
#
# Program:         hmmsearch
# Version:         3.1b2 (February 2015)
# Pipeline mode:   SEARCH
# Query file:      /home/bgerda/guppy_SUP/busco_downloads/lineages/glires_odb10/hmms/406at314147.hmm
# Target file:     /home/bgerda/guppy_SUP/busco_results_racon/run_glires_odb10/metaeuk_output/rerun_results/ragtag.scaffold.fasta.modified.fas
# Option settings: hmmsearch --domtblout /home/bgerda/guppy_SUP/busco_results_racon/run_glires_odb10/hmmer_output/rerun_results/406at314147.out --cpu 1 /home/bgerda/guppy_SUP/busco_downloads/lineages/glires_odb10/hmms/406at314147.hmm /home/bgerda/guppy_SUP/busco_results_racon/run_glires_odb10/metaeuk_output/rerun_results/ragtag.scaffold.fasta.modified.fas 
# Current dir:     /home/bgerda/guppy_SUP
# Date:            Sun May 21 17:29:56 2023
# [ok]
