#                                                                                             --- full sequence --- -------------- this domain -------------   hmm coord   ali coord   env coord
# target name                         accession   tlen query name           accession   qlen   E-value  score  bias   #  of  c-Evalue  i-Evalue  score  bias  from    to  from    to  from    to  acc description of target
#                 ------------------- ---------- ----- -------------------- ---------- ----- --------- ------ ----- --- --- --------- --------- ------ ----- ----- ----- ----- ----- ----- ----- ---- ---------------------
NW_025965188.1_RagTag:427998-428411   -            138 4105at314147         -            893   1.1e-07   26.4   0.1   1   2   1.7e-07   3.5e-05   18.2   0.0   476   525     1    46     1    84 0.78 -
NW_025965188.1_RagTag:427998-428411   -            138 4105at314147         -            893   1.1e-07   26.4   0.1   2   2   0.00042     0.082    7.0   0.0   410   441    94   125    68   130 0.74 -
NW_025965288.1_RagTag:99944-99699     -             82 4105at314147         -            893   5.5e-05   17.5   0.0   1   1   2.8e-07   5.5e-05   17.5   0.0   475   535     9    68     1    79 0.81 -
NW_025965172.1_RagTag:365765-366925   -            387 4105at314147         -            893   0.00023   15.4   0.2   1   1   1.7e-06   0.00033   14.9   0.2   764   859    43   135    36   147 0.89 -
NW_025965352.1_RagTag:102445-103867   -            274 4105at314147         -            893   0.00048   14.4   0.0   1   2   0.00014     0.028    8.5   0.0   412   442     2    32     1    36 0.93 -
NW_025965352.1_RagTag:102445-103867   -            274 4105at314147         -            893   0.00048   14.4   0.0   2   2    0.0018      0.36    4.9   0.0   537   572    33    68    30    75 0.85 -
NW_025965182.1_RagTag:1127015-1127179 -             55 4105at314147         -            893   0.00079   13.7   0.0   1   1     4e-06   0.00079   13.7   0.0   459   486    22    49     3    53 0.66 -
NW_025965359.1_RagTag:192785-193660   -            292 4105at314147         -            893    0.0017   12.5   0.0   1   2   6.1e-05     0.012    9.8   0.0   728   766   118   156   106   163 0.91 -
NW_025965359.1_RagTag:192785-193660   -            292 4105at314147         -            893    0.0017   12.5   0.0   2   2      0.04       7.9    0.4   0.1   761   825   173   234   169   252 0.74 -
NW_025965308.1_RagTag:633878-633633   -             82 4105at314147         -            893    0.0022   12.2   0.0   1   1   1.1e-05    0.0022   12.2   0.0   188   235     2    49     1    73 0.88 -
#
# Program:         hmmsearch
# Version:         3.1b2 (February 2015)
# Pipeline mode:   SEARCH
# Query file:      /home/bgerda/guppy_SUP/busco_downloads/lineages/glires_odb10/hmms/4105at314147.hmm
# Target file:     /home/bgerda/guppy_SUP/busco_results_racon/run_glires_odb10/metaeuk_output/rerun_results/ragtag.scaffold.fasta.modified.fas
# Option settings: hmmsearch --domtblout /home/bgerda/guppy_SUP/busco_results_racon/run_glires_odb10/hmmer_output/rerun_results/4105at314147.out --cpu 1 /home/bgerda/guppy_SUP/busco_downloads/lineages/glires_odb10/hmms/4105at314147.hmm /home/bgerda/guppy_SUP/busco_results_racon/run_glires_odb10/metaeuk_output/rerun_results/ragtag.scaffold.fasta.modified.fas 
# Current dir:     /home/bgerda/guppy_SUP
# Date:            Sun May 21 17:29:58 2023
# [ok]
