#                                                                                             --- full sequence --- -------------- this domain -------------   hmm coord   ali coord   env coord
# target name                         accession   tlen query name           accession   qlen   E-value  score  bias   #  of  c-Evalue  i-Evalue  score  bias  from    to  from    to  from    to  acc description of target
#                 ------------------- ---------- ----- -------------------- ---------- ----- --------- ------ ----- --- --- --------- --------- ------ ----- ----- ----- ----- ----- ----- ----- ---- ---------------------
NW_025965214.1_RagTag:208835-178512   -            520 4158at314147         -           1049   1.2e-06   22.6   0.0   1   1   6.9e-09   1.9e-06   22.0   0.0   547   634   256   355   231   369 0.78 -
NW_025965259.1_RagTag:104497-103485   -            229 4158at314147         -           1049   0.00028   14.8  14.5   1   2   5.6e-06    0.0016   12.3   4.2   191   228    76   113    71   120 0.91 -
NW_025965259.1_RagTag:104497-103485   -            229 4158at314147         -           1049   0.00028   14.8  14.5   2   2   0.00018     0.051    7.3   4.0   192   227   123   161   112   180 0.65 -
contig_39470_pilon:3676-4176          -            167 4158at314147         -           1049   0.00093   13.1  12.3   1   2   0.00019     0.054    7.2   3.9   189   226    11    48     7    53 0.75 -
contig_39470_pilon:3676-4176          -            167 4158at314147         -           1049   0.00093   13.1  12.3   2   2   2.2e-05    0.0062   10.4   2.1   200   233    60    94    50   116 0.70 -
NW_025965324.1_RagTag:2504338-2484670 -            376 4158at314147         -           1049    0.0016   12.3  13.3   1   2    0.0013      0.35    4.5   1.9   195   226     1    32     1    36 0.88 -
NW_025965324.1_RagTag:2504338-2484670 -            376 4158at314147         -           1049    0.0016   12.3  13.3   2   2   4.2e-06    0.0012   12.8   4.7   192   227    36    71    33    88 0.87 -
NW_025965324.1_RagTag:2498782-2498390 -            131 4158at314147         -           1049      0.01    9.6  23.0   1   3    0.0023      0.65    3.7   5.4   364   397    16    51    13    56 0.73 -
NW_025965324.1_RagTag:2498782-2498390 -            131 4158at314147         -           1049      0.01    9.6  23.0   2   3   5.5e-06    0.0015   12.3   4.1   194   227    57    90    51    96 0.92 -
NW_025965324.1_RagTag:2498782-2498390 -            131 4158at314147         -           1049      0.01    9.6  23.0   3   3    0.0031      0.87    3.2   1.2   191   226    95   131    90   131 0.82 -
#
# Program:         hmmsearch
# Version:         3.1b2 (February 2015)
# Pipeline mode:   SEARCH
# Query file:      /home/bgerda/guppy_SUP/busco_downloads/lineages/glires_odb10/hmms/4158at314147.hmm
# Target file:     /home/bgerda/guppy_SUP/busco_results_racon/run_glires_odb10/metaeuk_output/rerun_results/ragtag.scaffold.fasta.modified.fas
# Option settings: hmmsearch --domtblout /home/bgerda/guppy_SUP/busco_results_racon/run_glires_odb10/hmmer_output/rerun_results/4158at314147.out --cpu 1 /home/bgerda/guppy_SUP/busco_downloads/lineages/glires_odb10/hmms/4158at314147.hmm /home/bgerda/guppy_SUP/busco_results_racon/run_glires_odb10/metaeuk_output/rerun_results/ragtag.scaffold.fasta.modified.fas 
# Current dir:     /home/bgerda/guppy_SUP
# Date:            Sun May 21 17:29:55 2023
# [ok]
