#                                                                                             --- full sequence --- -------------- this domain -------------   hmm coord   ali coord   env coord
# target name                         accession   tlen query name           accession   qlen   E-value  score  bias   #  of  c-Evalue  i-Evalue  score  bias  from    to  from    to  from    to  acc description of target
#                 ------------------- ---------- ----- -------------------- ---------- ----- --------- ------ ----- --- --- --------- --------- ------ ----- ----- ----- ----- ----- ----- ----- ---- ---------------------
NW_025965188.1_RagTag:427998-428411   -            138 41843at314147        -            126   1.9e-09   33.9   0.4   1   2   2.4e-05    0.0048   13.2   0.0     3    59     3    59     1    73 0.83 -
NW_025965188.1_RagTag:427998-428411   -            138 41843at314147        -            126   1.9e-09   33.9   0.4   2   2   3.3e-07   6.5e-05   19.3   0.1     4    58    84   137    80   138 0.88 -
NW_025965344.1_RagTag:40631-35279     -            181 41843at314147        -            126   2.5e-07   27.1   0.0   1   2   7.7e-05     0.015   11.6   0.0     8   103    15   107    10   108 0.79 -
NW_025965344.1_RagTag:40631-35279     -            181 41843at314147        -            126   2.5e-07   27.1   0.0   2   2   1.4e-06   0.00029   17.2   0.0    20   102    90   169    85   177 0.90 -
NW_025965296.1_RagTag:679183-678884   -            100 41843at314147        -            126   5.4e-05   19.5   0.2   1   1   3.9e-07   7.8e-05   19.0   0.2    39   100    35    96     9   100 0.69 -
NW_025965288.1_RagTag:99944-99699     -             82 41843at314147        -            126   0.00029   17.2   0.0   1   1   1.6e-06   0.00033   17.0   0.0    31    86     9    64     2    75 0.85 -
NW_025965163.1_RagTag:38535-29734     -            742 41843at314147        -            126   0.00039   16.8   0.0   1   1   3.7e-06   0.00073   15.9   0.0    52   106   473   527   461   542 0.73 -
NW_025965287.1_RagTag:1503606-1508138 -            432 41843at314147        -            126    0.0061   12.9   0.4   1   2      0.16        31    0.9   0.0    48    94   320   369   310   373 0.75 -
NW_025965287.1_RagTag:1503606-1508138 -            432 41843at314147        -            126    0.0061   12.9   0.4   2   2   0.00018     0.036   10.4   0.2    33    68   374   409   356   427 0.73 -
NW_025965352.1_RagTag:102445-103867   -            274 41843at314147        -            126    0.0087   12.4   0.0   1   1   8.6e-05     0.017   11.5   0.0    51   100     3    52     1    62 0.85 -
#
# Program:         hmmsearch
# Version:         3.1b2 (February 2015)
# Pipeline mode:   SEARCH
# Query file:      /home/bgerda/guppy_SUP/busco_downloads/lineages/glires_odb10/hmms/41843at314147.hmm
# Target file:     /home/bgerda/guppy_SUP/busco_results_racon/run_glires_odb10/metaeuk_output/rerun_results/ragtag.scaffold.fasta.modified.fas
# Option settings: hmmsearch --domtblout /home/bgerda/guppy_SUP/busco_results_racon/run_glires_odb10/hmmer_output/rerun_results/41843at314147.out --cpu 1 /home/bgerda/guppy_SUP/busco_downloads/lineages/glires_odb10/hmms/41843at314147.hmm /home/bgerda/guppy_SUP/busco_results_racon/run_glires_odb10/metaeuk_output/rerun_results/ragtag.scaffold.fasta.modified.fas 
# Current dir:     /home/bgerda/guppy_SUP
# Date:            Sun May 21 17:30:00 2023
# [ok]
