#                                                                                             --- full sequence --- -------------- this domain -------------   hmm coord   ali coord   env coord
# target name                         accession   tlen query name           accession   qlen   E-value  score  bias   #  of  c-Evalue  i-Evalue  score  bias  from    to  from    to  from    to  acc description of target
#                 ------------------- ---------- ----- -------------------- ---------- ----- --------- ------ ----- --- --- --------- --------- ------ ----- ----- ----- ----- ----- ----- ----- ---- ---------------------
NW_025965320.1_RagTag:3122954-3123478 -            175 43167at314147        -            208   4.3e-16   55.4   2.6   1   1   4.4e-18   7.7e-16   54.6   2.6    75   133    21    85     3   169 0.77 -
NW_025965209.1_RagTag:258206-258526   -            107 43167at314147        -            208     8e-11   38.2   2.1   1   1   7.5e-13   1.3e-10   37.5   2.0    75   128    51   104    11   107 0.82 -
NW_025965152.1_RagTag:33013-30429     -            148 43167at314147        -            208     2e-09   33.6   0.7   1   2   7.2e-11   1.3e-08   31.0   0.1    80   130    23    73    13    77 0.95 -
NW_025965152.1_RagTag:33013-30429     -            148 43167at314147        -            208     2e-09   33.6   0.7   2   2      0.11        20    1.0   0.1    17    38   103   124    94   136 0.72 -
NW_025965240.1_RagTag:115165-114845   -            107 43167at314147        -            208   5.1e-05   19.2   0.0   1   1   3.2e-07   5.6e-05   19.1   0.0    87   130    29    72     6    88 0.84 -
NW_025965049.1_RagTag:135371-135643   -             91 43167at314147        -            208   0.00013   17.9   2.9   1   1   8.5e-07   0.00015   17.7   2.9    51   112    29    85     4    87 0.70 -
NW_025965135.1_RagTag:925176-924562   -            205 43167at314147        -            208    0.0031   13.4   3.4   1   1   4.9e-05    0.0085   12.0   3.4    72   128   120   176    68   189 0.73 -
NW_025965072.1_RagTag:80295-79939     -            119 43167at314147        -            208      0.01   11.7   0.2   1   1   7.9e-05     0.014   11.3   0.2    73   130     7    65     3    73 0.81 -
NW_025965324.1_RagTag:2927304-2928146 -            184 43167at314147        -            208      0.18    7.6   6.9   1   2       1.1   1.9e+02   -2.3   0.7   165   179    37    50     8    63 0.51 -
NW_025965324.1_RagTag:2927304-2928146 -            184 43167at314147        -            208      0.18    7.6   6.9   2   2   3.6e-05    0.0062   12.4   0.8    16    97    78   158    64   169 0.76 -
#
# Program:         hmmsearch
# Version:         3.1b2 (February 2015)
# Pipeline mode:   SEARCH
# Query file:      /home/bgerda/guppy_SUP/busco_downloads/lineages/glires_odb10/hmms/43167at314147.hmm
# Target file:     /home/bgerda/guppy_SUP/busco_results_racon/run_glires_odb10/metaeuk_output/rerun_results/ragtag.scaffold.fasta.modified.fas
# Option settings: hmmsearch --domtblout /home/bgerda/guppy_SUP/busco_results_racon/run_glires_odb10/hmmer_output/rerun_results/43167at314147.out --cpu 1 /home/bgerda/guppy_SUP/busco_downloads/lineages/glires_odb10/hmms/43167at314147.hmm /home/bgerda/guppy_SUP/busco_results_racon/run_glires_odb10/metaeuk_output/rerun_results/ragtag.scaffold.fasta.modified.fas 
# Current dir:     /home/bgerda/guppy_SUP
# Date:            Sun May 21 17:29:59 2023
# [ok]
