#                                                                                             --- full sequence --- -------------- this domain -------------   hmm coord   ali coord   env coord
# target name                         accession   tlen query name           accession   qlen   E-value  score  bias   #  of  c-Evalue  i-Evalue  score  bias  from    to  from    to  from    to  acc description of target
#                 ------------------- ---------- ----- -------------------- ---------- ----- --------- ------ ----- --- --- --------- --------- ------ ----- ----- ----- ----- ----- ----- ----- ---- ---------------------
NW_025965209.1_RagTag:258206-258526   -            107 43209at314147        -             85   9.1e-19   63.7   0.2   1   1   8.6e-21   1.7e-18   62.8   0.1     8    58    56   106    47   107 0.95 -
NW_025965152.1_RagTag:33013-30429     -            148 43209at314147        -             85   3.2e-10   36.3   0.0   1   1   2.9e-12   5.8e-10   35.5   0.0     9    61    24    76    21    83 0.95 -
NW_025965320.1_RagTag:3122954-3123478 -            175 43209at314147        -             85   4.6e-08   29.4   0.0   1   1   3.4e-10   6.8e-08   28.9   0.0     7    61    25    81    20    99 0.87 -
NW_025965240.1_RagTag:115165-114845   -            107 43209at314147        -             85   3.4e-06   23.4   0.0   1   1   2.1e-08   4.1e-06   23.2   0.0    17    60    31    74    22    95 0.84 -
NW_025965072.1_RagTag:80295-79939     -            119 43209at314147        -             85   0.00032   17.1   0.2   1   1   3.1e-06   0.00062   16.2   0.2     3    50     9    57     7    69 0.82 -
NW_025965212.1_RagTag:73736-74213     -            129 43209at314147        -             85     0.003   14.0   0.1   1   2      0.53   1.1e+02   -0.6   0.0    39    61    16    39     4    48 0.67 -
NW_025965212.1_RagTag:73736-74213     -            129 43209at314147        -             85     0.003   14.0   0.1   2   2     6e-05     0.012   12.1   0.0    40    83    51    94    45    96 0.86 -
NW_025965135.1_RagTag:925176-924562   -            205 43209at314147        -             85    0.0051   13.2   1.1   1   2   6.5e-05     0.013   11.9   1.0     4    56   124   176   121   197 0.85 -
NW_025965135.1_RagTag:925176-924562   -            205 43209at314147        -             85    0.0051   13.2   1.1   2   2      0.68   1.4e+02   -0.9   0.1     3    24   179   201   177   203 0.74 -
#
# Program:         hmmsearch
# Version:         3.1b2 (February 2015)
# Pipeline mode:   SEARCH
# Query file:      /home/bgerda/guppy_SUP/busco_downloads/lineages/glires_odb10/hmms/43209at314147.hmm
# Target file:     /home/bgerda/guppy_SUP/busco_results_racon/run_glires_odb10/metaeuk_output/rerun_results/ragtag.scaffold.fasta.modified.fas
# Option settings: hmmsearch --domtblout /home/bgerda/guppy_SUP/busco_results_racon/run_glires_odb10/hmmer_output/rerun_results/43209at314147.out --cpu 1 /home/bgerda/guppy_SUP/busco_downloads/lineages/glires_odb10/hmms/43209at314147.hmm /home/bgerda/guppy_SUP/busco_results_racon/run_glires_odb10/metaeuk_output/rerun_results/ragtag.scaffold.fasta.modified.fas 
# Current dir:     /home/bgerda/guppy_SUP
# Date:            Sun May 21 17:29:50 2023
# [ok]
