#                                                                                             --- full sequence --- -------------- this domain -------------   hmm coord   ali coord   env coord
# target name                         accession   tlen query name           accession   qlen   E-value  score  bias   #  of  c-Evalue  i-Evalue  score  bias  from    to  from    to  from    to  acc description of target
#                 ------------------- ---------- ----- -------------------- ---------- ----- --------- ------ ----- --- --- --------- --------- ------ ----- ----- ----- ----- ----- ----- ----- ---- ---------------------
NW_025965084.1_RagTag:72900-76101     -            117 4702at314147         -            782   1.9e-21   72.0   1.0   1   2   1.1e-09   2.3e-07   25.4   0.0     5    47    10    51     6    62 0.82 -
NW_025965084.1_RagTag:72900-76101     -            117 4702at314147         -            782   1.9e-21   72.0   1.0   2   2   1.7e-17   3.5e-15   51.3   0.2   121   225    21   116    20   117 0.92 -
NW_025965307.1_RagTag:2154358-2153394 -            111 4702at314147         -            782     1e-10   36.5   0.0   1   1   5.9e-13   1.2e-10   36.3   0.0   115   226     7   108     4   111 0.88 -
NW_025965289.1_RagTag:384764-385030   -             89 4702at314147         -            782   2.2e-08   28.8   0.0   1   1   1.2e-10   2.3e-08   28.7   0.0   173   242     1    70     1    83 0.84 -
NW_025965307.1_RagTag:2156341-2156120 -             74 4702at314147         -            782   9.3e-07   23.4   0.0   1   1   5.3e-09   1.1e-06   23.2   0.0    51   107     9    65     3    71 0.87 -
NW_025965306.1_RagTag:228991-228791   -             67 4702at314147         -            782   7.7e-05   17.1   0.0   1   1   4.1e-07   8.1e-05   17.0   0.0   173   229     9    64     4    67 0.55 -
NW_025965259.1_RagTag:104497-103485   -            229 4702at314147         -            782   0.00024   15.4   0.0   1   2   1.1e-05    0.0021   12.3   0.0    70   125    33    91    28    99 0.85 -
NW_025965259.1_RagTag:104497-103485   -            229 4702at314147         -            782   0.00024   15.4   0.0   2   2     0.032       6.4    0.8   0.0     9    58   167   216   163   227 0.57 -
NW_025965149.1_RagTag:1561424-1562604 -            158 4702at314147         -            782   0.00045   14.6   0.0   1   1   2.6e-06   0.00052   14.4   0.0   114   162    87   135    80   158 0.77 -
#
# Program:         hmmsearch
# Version:         3.1b2 (February 2015)
# Pipeline mode:   SEARCH
# Query file:      /home/bgerda/guppy_SUP/busco_downloads/lineages/glires_odb10/hmms/4702at314147.hmm
# Target file:     /home/bgerda/guppy_SUP/busco_results_racon/run_glires_odb10/metaeuk_output/rerun_results/ragtag.scaffold.fasta.modified.fas
# Option settings: hmmsearch --domtblout /home/bgerda/guppy_SUP/busco_results_racon/run_glires_odb10/hmmer_output/rerun_results/4702at314147.out --cpu 1 /home/bgerda/guppy_SUP/busco_downloads/lineages/glires_odb10/hmms/4702at314147.hmm /home/bgerda/guppy_SUP/busco_results_racon/run_glires_odb10/metaeuk_output/rerun_results/ragtag.scaffold.fasta.modified.fas 
# Current dir:     /home/bgerda/guppy_SUP
# Date:            Sun May 21 17:30:06 2023
# [ok]
