#                                                                                             --- full sequence --- -------------- this domain -------------   hmm coord   ali coord   env coord
# target name                         accession   tlen query name           accession   qlen   E-value  score  bias   #  of  c-Evalue  i-Evalue  score  bias  from    to  from    to  from    to  acc description of target
#                 ------------------- ---------- ----- -------------------- ---------- ----- --------- ------ ----- --- --- --------- --------- ------ ----- ----- ----- ----- ----- ----- ----- ---- ---------------------
NW_025965359.1_RagTag:192785-193660   -            292 4719at314147         -            943   3.1e-11   37.8   0.1   1   1   2.1e-13   3.7e-11   37.6   0.1   757   889   108   235    72   261 0.82 -
NW_025965028.1_RagTag:335459-336641   -            329 4719at314147         -            943   6.2e-08   26.9   0.3   1   1   4.6e-10   8.1e-08   26.5   0.3   770   877    33   131    15   145 0.83 -
NW_025965188.1_RagTag:427998-428411   -            138 4719at314147         -            943     4e-06   20.9   0.2   1   2   3.9e-06   0.00068   13.6   0.0   519   579     1    56     1    76 0.76 -
NW_025965188.1_RagTag:427998-428411   -            138 4719at314147         -            943     4e-06   20.9   0.2   2   2   8.7e-05     0.015    9.1   0.1   453   529    45   124    43   134 0.72 -
NW_025965281.1_RagTag:499506-497614   -            631 4719at314147         -            943   6.1e-05   17.0   0.1   1   1   5.2e-07     9e-05   16.5   0.1   772   835    34    96    22   113 0.89 -
NW_025965276.1_RagTag:371243-371716   -            158 4719at314147         -            943   7.1e-05   16.8   0.2   1   1   6.3e-07   0.00011   16.2   0.2   456   567    10   111     2   122 0.80 -
NW_025965182.1_RagTag:1127015-1127179 -             55 4719at314147         -            943    0.0004   14.3   0.0   1   1   2.4e-06   0.00041   14.3   0.0   492   530    11    50     4    53 0.84 -
NW_025965352.1_RagTag:102445-103867   -            274 4719at314147         -            943    0.0016   12.3   0.0   1   1   2.2e-05    0.0039   11.1   0.0   459   522     3    56     1    69 0.74 -
NW_025965288.1_RagTag:99944-99699     -             82 4719at314147         -            943     0.002   12.0   0.0   1   1   1.2e-05     0.002   12.0   0.0   518   571     9    59     1    72 0.83 -
#
# Program:         hmmsearch
# Version:         3.1b2 (February 2015)
# Pipeline mode:   SEARCH
# Query file:      /home/bgerda/guppy_SUP/busco_downloads/lineages/glires_odb10/hmms/4719at314147.hmm
# Target file:     /home/bgerda/guppy_SUP/busco_results_racon/run_glires_odb10/metaeuk_output/rerun_results/ragtag.scaffold.fasta.modified.fas
# Option settings: hmmsearch --domtblout /home/bgerda/guppy_SUP/busco_results_racon/run_glires_odb10/hmmer_output/rerun_results/4719at314147.out --cpu 1 /home/bgerda/guppy_SUP/busco_downloads/lineages/glires_odb10/hmms/4719at314147.hmm /home/bgerda/guppy_SUP/busco_results_racon/run_glires_odb10/metaeuk_output/rerun_results/ragtag.scaffold.fasta.modified.fas 
# Current dir:     /home/bgerda/guppy_SUP
# Date:            Sun May 21 17:29:53 2023
# [ok]
