#                                                                                             --- full sequence --- -------------- this domain -------------   hmm coord   ali coord   env coord
# target name                         accession   tlen query name           accession   qlen   E-value  score  bias   #  of  c-Evalue  i-Evalue  score  bias  from    to  from    to  from    to  acc description of target
#                 ------------------- ---------- ----- -------------------- ---------- ----- --------- ------ ----- --- --- --------- --------- ------ ----- ----- ----- ----- ----- ----- ----- ---- ---------------------
NW_025965188.1_RagTag:427998-428411   -            138 4748at314147         -            822   2.3e-09   32.3   0.1   1   2   8.9e-05     0.014    9.9   0.0   590   635     9    54     1    66 0.62 -
NW_025965188.1_RagTag:427998-428411   -            138 4748at314147         -            822   2.3e-09   32.3   0.1   2   2   4.7e-08   7.3e-06   20.7   0.1   624   673    89   138    69   138 0.88 -
NW_025965296.1_RagTag:679183-678884   -            100 4748at314147         -            822   1.7e-08   29.4   0.3   1   1   1.2e-10   1.9e-08   29.2   0.3   611   678    27    94    11    99 0.85 -
NW_025965287.1_RagTag:1503606-1508138 -            432 4748at314147         -            822   1.8e-06   22.7   1.0   1   1   1.6e-08   2.4e-06   22.3   1.0   595   686   320   413   307   425 0.86 -
NW_025965344.1_RagTag:40631-35279     -            181 4748at314147         -            822   2.5e-05   18.9   0.0   1   1   7.7e-07   0.00012   16.7   0.0   426   552    33   165    23   173 0.68 -
NW_025965182.1_RagTag:1127015-1127179 -             55 4748at314147         -            822     4e-05   18.2   0.0   1   1   2.6e-07     4e-05   18.2   0.0   435   481     7    53     1    55 0.90 -
NW_025965276.1_RagTag:371243-371716   -            158 4748at314147         -            822   6.4e-05   17.6   0.1   1   1   4.8e-07   7.4e-05   17.4   0.1   467   548    40   129    11   141 0.80 -
NW_025965163.1_RagTag:38535-29734     -            742 4748at314147         -            822   9.6e-05   17.0   0.0   1   1   9.3e-07   0.00014   16.4   0.0   446   531   468   558   438   566 0.71 -
NW_025965352.1_RagTag:102445-103867   -            274 4748at314147         -            822   0.00029   15.4   0.0   1   1   2.3e-06   0.00036   15.1   0.0   565   622     4    60     1    76 0.47 -
NW_025965288.1_RagTag:99944-99699     -             82 4748at314147         -            822    0.0067   10.9   0.0   1   1   4.3e-05    0.0067   10.9   0.0   597   641    28    71     5    82 0.72 -
#
# Program:         hmmsearch
# Version:         3.1b2 (February 2015)
# Pipeline mode:   SEARCH
# Query file:      /home/bgerda/guppy_SUP/busco_downloads/lineages/glires_odb10/hmms/4748at314147.hmm
# Target file:     /home/bgerda/guppy_SUP/busco_results_racon/run_glires_odb10/metaeuk_output/rerun_results/ragtag.scaffold.fasta.modified.fas
# Option settings: hmmsearch --domtblout /home/bgerda/guppy_SUP/busco_results_racon/run_glires_odb10/hmmer_output/rerun_results/4748at314147.out --cpu 1 /home/bgerda/guppy_SUP/busco_downloads/lineages/glires_odb10/hmms/4748at314147.hmm /home/bgerda/guppy_SUP/busco_results_racon/run_glires_odb10/metaeuk_output/rerun_results/ragtag.scaffold.fasta.modified.fas 
# Current dir:     /home/bgerda/guppy_SUP
# Date:            Sun May 21 17:29:59 2023
# [ok]
