#                                                                                             --- full sequence --- -------------- this domain -------------   hmm coord   ali coord   env coord
# target name                         accession   tlen query name           accession   qlen   E-value  score  bias   #  of  c-Evalue  i-Evalue  score  bias  from    to  from    to  from    to  acc description of target
#                 ------------------- ---------- ----- -------------------- ---------- ----- --------- ------ ----- --- --- --------- --------- ------ ----- ----- ----- ----- ----- ----- ----- ---- ---------------------
NW_025965321.1_RagTag:935586-933430   -            712 4798at314147         -            858   8.2e-32  106.2   0.1   1   2   3.2e-14   4.4e-12   40.9   0.1   392   590    14   205     4   222 0.76 -
NW_025965321.1_RagTag:935586-933430   -            712 4798at314147         -            858   8.2e-32  106.2   0.1   2   2   5.9e-21   8.2e-19   63.2   0.0   728   832   248   351   243   370 0.91 -
NW_025965227.1_RagTag:35784-37634     -            613 4798at314147         -            858   1.2e-12   42.8   0.0   1   1   1.3e-14   1.8e-12   42.2   0.0   730   844     3   115     2   123 0.91 -
contig_4568_pilon:1304-1546           -             81 4798at314147         -            858   4.7e-07   24.3   2.6   1   1   3.4e-09   4.7e-07   24.3   2.6   621   667     3    49     1    73 0.91 -
NW_025965319.1_RagTag:4123940-4123488 -            151 4798at314147         -            858   2.6e-05   18.5   0.5   1   1   2.1e-07     3e-05   18.3   0.5   620   665    44    88    36   120 0.78 -
NW_025965075.1_RagTag:65339-58346     -            349 4798at314147         -            858   0.00011   16.5   1.9   1   1   1.1e-06   0.00016   16.0   1.9   618   667    48    94    38   102 0.88 -
NW_025965309.1_RagTag:3290555-3290193 -            121 4798at314147         -            858   0.00016   15.9   1.9   1   1   1.5e-06   0.00021   15.5   1.9   620   667    62   113    53   117 0.76 -
NW_025965225.1_RagTag:584155-583874   -             94 4798at314147         -            858   0.00023   15.4   7.4   1   1   1.9e-06   0.00026   15.2   7.4   620   668     4    50     2    66 0.84 -
NW_025965322.1_RagTag:1227246-1228055 -            270 4798at314147         -            858    0.0025   12.0   0.9   1   1   2.9e-05     0.004   11.3   0.9   620   666     9    64     3    80 0.75 -
NW_025965314.1_RagTag:573146-572487   -            220 4798at314147         -            858    0.0031   11.7   5.8   1   2   1.4e-05    0.0019   12.4   4.2   621   671    19    70    10    81 0.76 -
NW_025965314.1_RagTag:573146-572487   -            220 4798at314147         -            858    0.0031   11.7   5.8   2   2      0.59        82   -3.0   0.0    97   348   156   178   139   202 0.51 -
NW_025965245.1_RagTag:400173-400936   -            124 4798at314147         -            858      0.38    4.7   7.7   1   1    0.0028       0.4    4.7   7.7   617   666     6    64     3   102 0.77 -
#
# Program:         hmmsearch
# Version:         3.1b2 (February 2015)
# Pipeline mode:   SEARCH
# Query file:      /home/bgerda/guppy_SUP/busco_downloads/lineages/glires_odb10/hmms/4798at314147.hmm
# Target file:     /home/bgerda/guppy_SUP/busco_results_racon/run_glires_odb10/metaeuk_output/rerun_results/ragtag.scaffold.fasta.modified.fas
# Option settings: hmmsearch --domtblout /home/bgerda/guppy_SUP/busco_results_racon/run_glires_odb10/hmmer_output/rerun_results/4798at314147.out --cpu 1 /home/bgerda/guppy_SUP/busco_downloads/lineages/glires_odb10/hmms/4798at314147.hmm /home/bgerda/guppy_SUP/busco_results_racon/run_glires_odb10/metaeuk_output/rerun_results/ragtag.scaffold.fasta.modified.fas 
# Current dir:     /home/bgerda/guppy_SUP
# Date:            Sun May 21 17:29:58 2023
# [ok]
