#                                                                                             --- full sequence --- -------------- this domain -------------   hmm coord   ali coord   env coord
# target name                         accession   tlen query name           accession   qlen   E-value  score  bias   #  of  c-Evalue  i-Evalue  score  bias  from    to  from    to  from    to  acc description of target
#                 ------------------- ---------- ----- -------------------- ---------- ----- --------- ------ ----- --- --- --------- --------- ------ ----- ----- ----- ----- ----- ----- ----- ---- ---------------------
NW_025965188.1_RagTag:427998-428411   -            138 4899at314147         -            745     4e-10   35.0   0.2   1   1   8.2e-11   1.4e-08   29.9   0.2    40   159     3   137     2   138 0.72 -
NW_025965352.1_RagTag:102445-103867   -            274 4899at314147         -            745   1.1e-08   30.2   0.0   1   1   8.5e-11   1.5e-08   29.8   0.0   119   177     3    61     1    75 0.92 -
NW_025965344.1_RagTag:40631-35279     -            181 4899at314147         -            745   1.4e-08   29.9   0.0   1   2   9.6e-05     0.017    9.8   0.0   130   199    35   103    23   104 0.79 -
NW_025965344.1_RagTag:40631-35279     -            181 4899at314147         -            745   1.4e-08   29.9   0.0   2   2   1.2e-08     2e-06   22.8   0.0   121   213    90   180    81   181 0.88 -
NW_025965296.1_RagTag:679183-678884   -            100 4899at314147         -            745   4.6e-07   24.9   0.1   1   1   3.2e-09   5.5e-07   24.6   0.1    36   102    29    96    25   100 0.89 -
NW_025965287.1_RagTag:1503606-1508138 -            432 4899at314147         -            745   2.9e-06   22.3   0.4   1   1   2.3e-08   4.1e-06   21.8   0.4    72   171   307   411   297   424 0.67 -
NW_025965182.1_RagTag:1127015-1127179 -             55 4899at314147         -            745   4.6e-06   21.6   0.0   1   1   2.7e-08   4.6e-06   21.6   0.0    99   150     2    53     1    55 0.92 -
NW_025965163.1_RagTag:38535-29734     -            742 4899at314147         -            745   0.00047   15.0   0.0   1   1   3.9e-06   0.00068   14.4   0.0    13    68   463   519   453   540 0.81 -
NW_025965276.1_RagTag:371243-371716   -            158 4899at314147         -            745   0.00076   14.3   0.4   1   2     0.035       6.2    1.3   0.0    54    83    13    42     5    52 0.77 -
NW_025965276.1_RagTag:371243-371716   -            158 4899at314147         -            745   0.00076   14.3   0.4   2   2   2.5e-05    0.0044   11.8   0.3    17    83    51   114    29   124 0.83 -
#
# Program:         hmmsearch
# Version:         3.1b2 (February 2015)
# Pipeline mode:   SEARCH
# Query file:      /home/bgerda/guppy_SUP/busco_downloads/lineages/glires_odb10/hmms/4899at314147.hmm
# Target file:     /home/bgerda/guppy_SUP/busco_results_racon/run_glires_odb10/metaeuk_output/rerun_results/ragtag.scaffold.fasta.modified.fas
# Option settings: hmmsearch --domtblout /home/bgerda/guppy_SUP/busco_results_racon/run_glires_odb10/hmmer_output/rerun_results/4899at314147.out --cpu 1 /home/bgerda/guppy_SUP/busco_downloads/lineages/glires_odb10/hmms/4899at314147.hmm /home/bgerda/guppy_SUP/busco_results_racon/run_glires_odb10/metaeuk_output/rerun_results/ragtag.scaffold.fasta.modified.fas 
# Current dir:     /home/bgerda/guppy_SUP
# Date:            Sun May 21 17:29:51 2023
# [ok]
