#                                                                                             --- full sequence --- -------------- this domain -------------   hmm coord   ali coord   env coord
# target name                         accession   tlen query name           accession   qlen   E-value  score  bias   #  of  c-Evalue  i-Evalue  score  bias  from    to  from    to  from    to  acc description of target
#                 ------------------- ---------- ----- -------------------- ---------- ----- --------- ------ ----- --- --- --------- --------- ------ ----- ----- ----- ----- ----- ----- ----- ---- ---------------------
NW_025965188.1_RagTag:427998-428411   -            138 5013at314147         -            823   6.3e-12   40.8   0.2   1   1   5.3e-14   8.1e-12   40.4   0.2   347   453    19   138     2   138 0.83 -
NW_025965344.1_RagTag:40631-35279     -            181 5013at314147         -            823   1.2e-09   33.3   0.0   1   1   1.3e-11     2e-09   32.5   0.0   350   464    28   140    24   171 0.90 -
NW_025965296.1_RagTag:679183-678884   -            100 5013at314147         -            823   5.9e-09   31.0   0.0   1   1   4.2e-11   6.4e-09   30.8   0.0   427   495    29    97    17   100 0.91 -
NW_025965287.1_RagTag:1503606-1508138 -            432 5013at314147         -            823   2.9e-06   22.1   0.4   1   1   5.5e-08   8.5e-06   20.5   0.4   340   407   353   420   314   429 0.77 -
NW_025965276.1_RagTag:371243-371716   -            158 5013at314147         -            823   5.6e-06   21.1   0.7   1   1   4.4e-08   6.8e-06   20.8   0.7   411   525    12   135     6   148 0.77 -
NW_025965182.1_RagTag:1127015-1127179 -             55 5013at314147         -            823   5.7e-05   17.8   0.0   1   1   3.7e-07   5.7e-05   17.8   0.0   334   375    10    51     1    55 0.71 -
NW_025965163.1_RagTag:38535-29734     -            742 5013at314147         -            823   6.1e-05   17.7   0.0   1   2         9   1.4e+03   -9.9   7.9   576   622   100   146    78   173 0.48 -
NW_025965163.1_RagTag:38535-29734     -            742 5013at314147         -            823   6.1e-05   17.7   0.0   2   2     4e-07   6.1e-05   17.7   0.0   347   403   473   529   457   539 0.71 -
NW_025965352.1_RagTag:102445-103867   -            274 5013at314147         -            823   0.00012   16.7   0.1   1   1   9.6e-07   0.00015   16.4   0.1   382   431     6    55     1    68 0.68 -
NW_025965288.1_RagTag:99944-99699     -             82 5013at314147         -            823    0.0021   12.6   0.0   1   1   1.4e-05    0.0021   12.6   0.0   362   427     9    77     1    82 0.77 -
#
# Program:         hmmsearch
# Version:         3.1b2 (February 2015)
# Pipeline mode:   SEARCH
# Query file:      /home/bgerda/guppy_SUP/busco_downloads/lineages/glires_odb10/hmms/5013at314147.hmm
# Target file:     /home/bgerda/guppy_SUP/busco_results_racon/run_glires_odb10/metaeuk_output/rerun_results/ragtag.scaffold.fasta.modified.fas
# Option settings: hmmsearch --domtblout /home/bgerda/guppy_SUP/busco_results_racon/run_glires_odb10/hmmer_output/rerun_results/5013at314147.out --cpu 1 /home/bgerda/guppy_SUP/busco_downloads/lineages/glires_odb10/hmms/5013at314147.hmm /home/bgerda/guppy_SUP/busco_results_racon/run_glires_odb10/metaeuk_output/rerun_results/ragtag.scaffold.fasta.modified.fas 
# Current dir:     /home/bgerda/guppy_SUP
# Date:            Sun May 21 17:29:55 2023
# [ok]
