#                                                                                             --- full sequence --- -------------- this domain -------------   hmm coord   ali coord   env coord
# target name                         accession   tlen query name           accession   qlen   E-value  score  bias   #  of  c-Evalue  i-Evalue  score  bias  from    to  from    to  from    to  acc description of target
#                 ------------------- ---------- ----- -------------------- ---------- ----- --------- ------ ----- --- --- --------- --------- ------ ----- ----- ----- ----- ----- ----- ----- ---- ---------------------
NW_025965287.1_RagTag:1440279-1439407 -            289 5478at314147         -            890   1.5e-11   39.5   4.3   1   3   9.6e-08   2.7e-05   18.8   0.4   451   517    27    92     6    97 0.80 -
NW_025965287.1_RagTag:1440279-1439407 -            289 5478at314147         -            890   1.5e-11   39.5   4.3   2   3   9.7e-08   2.7e-05   18.8   0.1   440   517    99   174    92   183 0.84 -
NW_025965287.1_RagTag:1440279-1439407 -            289 5478at314147         -            890   1.5e-11   39.5   4.3   3   3   3.6e-06     0.001   13.6   0.2   431   519   131   219   129   274 0.90 -
contig_13085_pilon:864-71             -            219 5478at314147         -            890   9.5e-05   17.0   0.6   1   3   4.9e-06    0.0014   13.1   0.3   449   509    49   107    25   123 0.67 -
contig_13085_pilon:864-71             -            219 5478at314147         -            890   9.5e-05   17.0   0.6   2   3     0.026       7.1    0.8   0.0   559   591   107   140   106   146 0.78 -
contig_13085_pilon:864-71             -            219 5478at314147         -            890   9.5e-05   17.0   0.6   3   3     0.026       7.1    0.8   0.0   478   509   149   180   140   192 0.83 -
NW_025965155.1_RagTag:64307-63339     -            323 5478at314147         -            890   0.00043   14.8   0.0   1   1   2.4e-06   0.00068   14.1   0.0   651   724   162   233   147   269 0.83 -
NW_025965310.1_RagTag:472250-484579   -            307 5478at314147         -            890   0.00065   14.2   0.1   1   1   3.8e-06    0.0011   13.5   0.0   493   607   135   259    93   266 0.78 -
NW_025965114.1_RagTag:27851-27678     -             58 5478at314147         -            890    0.0032   11.9   0.0   1   1   1.1e-05    0.0032   11.9   0.0   477   508    13    43     6    57 0.80 -
#
# Program:         hmmsearch
# Version:         3.1b2 (February 2015)
# Pipeline mode:   SEARCH
# Query file:      /home/bgerda/guppy_SUP/busco_downloads/lineages/glires_odb10/hmms/5478at314147.hmm
# Target file:     /home/bgerda/guppy_SUP/busco_results_racon/run_glires_odb10/metaeuk_output/rerun_results/ragtag.scaffold.fasta.modified.fas
# Option settings: hmmsearch --domtblout /home/bgerda/guppy_SUP/busco_results_racon/run_glires_odb10/hmmer_output/rerun_results/5478at314147.out --cpu 1 /home/bgerda/guppy_SUP/busco_downloads/lineages/glires_odb10/hmms/5478at314147.hmm /home/bgerda/guppy_SUP/busco_results_racon/run_glires_odb10/metaeuk_output/rerun_results/ragtag.scaffold.fasta.modified.fas 
# Current dir:     /home/bgerda/guppy_SUP
# Date:            Sun May 21 17:29:59 2023
# [ok]
