#                                                                                             --- full sequence --- -------------- this domain -------------   hmm coord   ali coord   env coord
# target name                         accession   tlen query name           accession   qlen   E-value  score  bias   #  of  c-Evalue  i-Evalue  score  bias  from    to  from    to  from    to  acc description of target
#                 ------------------- ---------- ----- -------------------- ---------- ----- --------- ------ ----- --- --- --------- --------- ------ ----- ----- ----- ----- ----- ----- ----- ---- ---------------------
NW_025965287.1_RagTag:1503606-1508138 -            432 5585at314147         -            792   4.6e-10   34.4   0.2   1   1   3.4e-12   6.8e-10   33.8   0.2   395   515   297   415   289   428 0.82 -
NW_025965188.1_RagTag:427998-428411   -            138 5585at314147         -            792   2.3e-08   28.8   0.6   1   2   1.1e-06   0.00022   15.6   0.0   579   627     3    52     1    75 0.82 -
NW_025965188.1_RagTag:427998-428411   -            138 5585at314147         -            792   2.3e-08   28.8   0.6   2   2     1e-05     0.002   12.4   0.1   478   599    83   136    64   138 0.53 -
NW_025965276.1_RagTag:371243-371716   -            158 5585at314147         -            792   3.4e-06   21.6   1.2   1   2     2e-05     0.004   11.4   0.2   524   583    12    79     4    81 0.78 -
NW_025965276.1_RagTag:371243-371716   -            158 5585at314147         -            792   3.4e-06   21.6   1.2   2   2   1.5e-05    0.0029   11.9   0.2   499   567    62   127    53   149 0.75 -
NW_025965296.1_RagTag:679183-678884   -            100 5585at314147         -            792   3.9e-06   21.4   0.1   1   1   2.1e-08   4.1e-06   21.3   0.1   453   511    41    98    20   100 0.85 -
NW_025965352.1_RagTag:102445-103867   -            274 5585at314147         -            792   5.6e-05   17.6   0.0   1   1   3.5e-07     7e-05   17.2   0.0   462   515     6    60     1    69 0.87 -
NW_025965344.1_RagTag:40631-35279     -            181 5585at314147         -            792   0.00012   16.4   0.0   1   1   7.1e-07   0.00014   16.2   0.0   414   569     9   161     2   168 0.79 -
NW_025965182.1_RagTag:1127015-1127179 -             55 5585at314147         -            792   0.00017   16.0   0.0   1   1   8.6e-07   0.00017   16.0   0.0   475   521     5    51     2    55 0.87 -
#
# Program:         hmmsearch
# Version:         3.1b2 (February 2015)
# Pipeline mode:   SEARCH
# Query file:      /home/bgerda/guppy_SUP/busco_downloads/lineages/glires_odb10/hmms/5585at314147.hmm
# Target file:     /home/bgerda/guppy_SUP/busco_results_racon/run_glires_odb10/metaeuk_output/rerun_results/ragtag.scaffold.fasta.modified.fas
# Option settings: hmmsearch --domtblout /home/bgerda/guppy_SUP/busco_results_racon/run_glires_odb10/hmmer_output/rerun_results/5585at314147.out --cpu 1 /home/bgerda/guppy_SUP/busco_downloads/lineages/glires_odb10/hmms/5585at314147.hmm /home/bgerda/guppy_SUP/busco_results_racon/run_glires_odb10/metaeuk_output/rerun_results/ragtag.scaffold.fasta.modified.fas 
# Current dir:     /home/bgerda/guppy_SUP
# Date:            Sun May 21 17:29:48 2023
# [ok]
