#                                                                                           --- full sequence --- -------------- this domain -------------   hmm coord   ali coord   env coord
# target name                       accession   tlen query name           accession   qlen   E-value  score  bias   #  of  c-Evalue  i-Evalue  score  bias  from    to  from    to  from    to  acc description of target
#               ------------------- ---------- ----- -------------------- ---------- ----- --------- ------ ----- --- --- --------- --------- ------ ----- ----- ----- ----- ----- ----- ----- ---- ---------------------
NW_025965028.1_RagTag:53393-54202   -            270 6875at314147         -            677   2.3e-12   42.4   3.8   1   2   3.9e-09     9e-07   23.9   0.1   576   675    18   116    12   118 0.88 -
NW_025965028.1_RagTag:53393-54202   -            270 6875at314147         -            677   2.3e-12   42.4   3.8   2   2   7.9e-08   1.8e-05   19.6   0.7   574   670   131   227   123   232 0.88 -
NW_025965287.1_RagTag:800819-799737 -            361 6875at314147         -            677   3.2e-08   28.7   4.6   1   2   2.7e-06   0.00063   14.5   0.1   571   661   139   230   116   239 0.84 -
NW_025965287.1_RagTag:800819-799737 -            361 6875at314147         -            677   3.2e-08   28.7   4.6   2   2   1.8e-06   0.00041   15.1   1.0   553   660   241   349   232   358 0.72 -
NW_025965304.1_RagTag:298541-234380 -            569 6875at314147         -            677   2.8e-07   25.6   8.9   1   2   0.00039      0.09    7.4   0.3   595   661    35   102    18   115 0.82 -
NW_025965304.1_RagTag:298541-234380 -            569 6875at314147         -            677   2.8e-07   25.6   8.9   2   2   5.5e-07   0.00013   16.8   3.6   485   638   318   470   313   491 0.72 -
NW_025965287.1_RagTag:802910-802371 -            180 6875at314147         -            677   1.1e-05   20.3   0.0   1   1   5.8e-08   1.3e-05   20.0   0.0   533   641    65   174    51   179 0.85 -
NW_025965319.1_RagTag:936680-934538 -            651 6875at314147         -            677   0.00093   14.0   0.1   1   1   7.8e-06    0.0018   13.0   0.1   606   675   138   209   105   211 0.74 -
NW_025965301.1_RagTag:529721-528217 -            499 6875at314147         -            677      0.03    9.0   3.0   1   2    0.0014      0.31    5.6   0.2   625   662    56    94    35   109 0.75 -
NW_025965301.1_RagTag:529721-528217 -            499 6875at314147         -            677      0.03    9.0   3.0   2   2    0.0039      0.91    4.1   0.2   621   674   100   155    97   158 0.82 -
#
# Program:         hmmsearch
# Version:         3.1b2 (February 2015)
# Pipeline mode:   SEARCH
# Query file:      /home/bgerda/guppy_SUP/busco_downloads/lineages/glires_odb10/hmms/6875at314147.hmm
# Target file:     /home/bgerda/guppy_SUP/busco_results_racon/run_glires_odb10/metaeuk_output/rerun_results/ragtag.scaffold.fasta.modified.fas
# Option settings: hmmsearch --domtblout /home/bgerda/guppy_SUP/busco_results_racon/run_glires_odb10/hmmer_output/rerun_results/6875at314147.out --cpu 1 /home/bgerda/guppy_SUP/busco_downloads/lineages/glires_odb10/hmms/6875at314147.hmm /home/bgerda/guppy_SUP/busco_results_racon/run_glires_odb10/metaeuk_output/rerun_results/ragtag.scaffold.fasta.modified.fas 
# Current dir:     /home/bgerda/guppy_SUP
# Date:            Sun May 21 17:29:56 2023
# [ok]
