#                                                                                             --- full sequence --- -------------- this domain -------------   hmm coord   ali coord   env coord
# target name                         accession   tlen query name           accession   qlen   E-value  score  bias   #  of  c-Evalue  i-Evalue  score  bias  from    to  from    to  from    to  acc description of target
#                 ------------------- ---------- ----- -------------------- ---------- ----- --------- ------ ----- --- --- --------- --------- ------ ----- ----- ----- ----- ----- ----- ----- ---- ---------------------
NW_025965319.1_RagTag:4123940-4123488 -            151 6918at314147         -            669     7e-06   20.9   0.2   1   1   4.7e-08   8.1e-06   20.7   0.2   598   660    38   105    20   114 0.78 -
contig_4568_pilon:1304-1546           -             81 6918at314147         -            669   7.6e-06   20.8   2.4   1   1   4.6e-08     8e-06   20.7   2.4   604   651     2    51     1    66 0.80 -
NW_025965225.1_RagTag:584155-583874   -             94 6918at314147         -            669     7e-05   17.6   6.6   1   1   4.1e-07   7.1e-05   17.6   6.6   603   645     3    45     1    70 0.86 -
NW_025965314.1_RagTag:573146-572487   -            220 6918at314147         -            669   0.00041   15.1   1.7   1   1   3.1e-06   0.00053   14.7   1.7   602   646    16    60     5    80 0.76 -
NW_025965309.1_RagTag:3290555-3290193 -            121 6918at314147         -            669   0.00049   14.8   1.8   1   1   3.8e-06   0.00065   14.4   1.8   615   648    80   112    59   117 0.83 -
contig_57997_pilon:1599-169           -            370 6918at314147         -            669    0.0012   13.5   2.6   1   1   9.7e-06    0.0017   13.0   2.6   239   284   136   178   124   186 0.84 -
NW_025965245.1_RagTag:400173-400936   -            124 6918at314147         -            669    0.0044   11.7   3.1   1   1   3.1e-05    0.0053   11.4   3.1   598   650     3    66     1    79 0.74 -
NW_025965075.1_RagTag:65339-58346     -            349 6918at314147         -            669      0.27    5.8   7.7   1   2   0.00019     0.033    8.8   3.3   596   647    42    92    33   113 0.77 -
NW_025965075.1_RagTag:65339-58346     -            349 6918at314147         -            669      0.27    5.8   7.7   2   2      0.26        44   -1.6   0.1   620   646   116   144    98   155 0.74 -
#
# Program:         hmmsearch
# Version:         3.1b2 (February 2015)
# Pipeline mode:   SEARCH
# Query file:      /home/bgerda/guppy_SUP/busco_downloads/lineages/glires_odb10/hmms/6918at314147.hmm
# Target file:     /home/bgerda/guppy_SUP/busco_results_racon/run_glires_odb10/metaeuk_output/rerun_results/ragtag.scaffold.fasta.modified.fas
# Option settings: hmmsearch --domtblout /home/bgerda/guppy_SUP/busco_results_racon/run_glires_odb10/hmmer_output/rerun_results/6918at314147.out --cpu 1 /home/bgerda/guppy_SUP/busco_downloads/lineages/glires_odb10/hmms/6918at314147.hmm /home/bgerda/guppy_SUP/busco_results_racon/run_glires_odb10/metaeuk_output/rerun_results/ragtag.scaffold.fasta.modified.fas 
# Current dir:     /home/bgerda/guppy_SUP
# Date:            Sun May 21 17:29:55 2023
# [ok]
