#                                                                                             --- full sequence --- -------------- this domain -------------   hmm coord   ali coord   env coord
# target name                         accession   tlen query name           accession   qlen   E-value  score  bias   #  of  c-Evalue  i-Evalue  score  bias  from    to  from    to  from    to  acc description of target
#                 ------------------- ---------- ----- -------------------- ---------- ----- --------- ------ ----- --- --- --------- --------- ------ ----- ----- ----- ----- ----- ----- ----- ---- ---------------------
NW_025965322.1_RagTag:1227246-1228055 -            270 7555at314147         -            598   1.1e-17   59.9   6.4   1   3   1.6e-11   4.3e-09   31.5   0.2     3    44     1    42     1    48 0.94 -
NW_025965322.1_RagTag:1227246-1228055 -            270 7555at314147         -            598   1.1e-17   59.9   6.4   2   3   0.00017     0.047    8.3   0.0   104   140    52    88    46    91 0.93 -
NW_025965322.1_RagTag:1227246-1228055 -            270 7555at314147         -            598   1.1e-17   59.9   6.4   3   3   1.4e-08   3.8e-06   21.8   1.3   200   302    92   196    90   219 0.76 -
NW_025965245.1_RagTag:400173-400936   -            124 7555at314147         -            598   1.6e-16   56.0  10.2   1   3   4.1e-12   1.1e-09   33.4   1.0     3    42     1    40     1    48 0.92 -
NW_025965245.1_RagTag:400173-400936   -            124 7555at314147         -            598   1.6e-16   56.0  10.2   2   3   6.6e-05     0.018    9.6   0.0   105   129    53    77    44    78 0.91 -
NW_025965245.1_RagTag:400173-400936   -            124 7555at314147         -            598   1.6e-16   56.0  10.2   3   3   3.1e-08   8.7e-06   20.6   0.9   202   249    76   124    74   124 0.89 -
NW_025965209.1_RagTag:161057-161341   -             95 7555at314147         -            598   1.2e-06   23.4   0.4   1   1   5.1e-09   1.4e-06   23.2   0.4    11    67    28    85    21    92 0.78 -
NW_025965319.1_RagTag:4123940-4123488 -            151 7555at314147         -            598   0.00011   17.0   0.7   1   2   3.9e-07   0.00011   17.0   0.7     5    38    38    71    35   104 0.90 -
NW_025965319.1_RagTag:4123940-4123488 -            151 7555at314147         -            598   0.00011   17.0   0.7   2   2      0.24        68   -2.2   0.5     7    16   139   148   119   150 0.63 -
NW_025965075.1_RagTag:65339-58346     -            349 7555at314147         -            598   0.00059   14.5   1.0   1   1   3.5e-06   0.00096   13.8   1.0     6    44    45    83    42    87 0.91 -
#
# Program:         hmmsearch
# Version:         3.1b2 (February 2015)
# Pipeline mode:   SEARCH
# Query file:      /home/bgerda/guppy_SUP/busco_downloads/lineages/glires_odb10/hmms/7555at314147.hmm
# Target file:     /home/bgerda/guppy_SUP/busco_results_racon/run_glires_odb10/metaeuk_output/rerun_results/ragtag.scaffold.fasta.modified.fas
# Option settings: hmmsearch --domtblout /home/bgerda/guppy_SUP/busco_results_racon/run_glires_odb10/hmmer_output/rerun_results/7555at314147.out --cpu 1 /home/bgerda/guppy_SUP/busco_downloads/lineages/glires_odb10/hmms/7555at314147.hmm /home/bgerda/guppy_SUP/busco_results_racon/run_glires_odb10/metaeuk_output/rerun_results/ragtag.scaffold.fasta.modified.fas 
# Current dir:     /home/bgerda/guppy_SUP
# Date:            Sun May 21 17:29:51 2023
# [ok]
