#                                                                                             --- full sequence --- -------------- this domain -------------   hmm coord   ali coord   env coord
# target name                         accession   tlen query name           accession   qlen   E-value  score  bias   #  of  c-Evalue  i-Evalue  score  bias  from    to  from    to  from    to  acc description of target
#                 ------------------- ---------- ----- -------------------- ---------- ----- --------- ------ ----- --- --- --------- --------- ------ ----- ----- ----- ----- ----- ----- ----- ---- ---------------------
NW_025965287.1_RagTag:800819-799737   -            361 8134at314147         -            714   2.2e-08   29.3   7.7   1   3   0.00027     0.074    7.8   0.5   517   584   139   210   120   214 0.70 -
NW_025965287.1_RagTag:800819-799737   -            361 8134at314147         -            714   2.2e-08   29.3   7.7   2   3   4.5e-08   1.3e-05   20.3   0.9   496   609   192   306   188   310 0.88 -
NW_025965287.1_RagTag:800819-799737   -            361 8134at314147         -            714   2.2e-08   29.3   7.7   3   3   2.5e-07     7e-05   17.8   2.0   521   621   242   340   239   355 0.86 -
NW_025965028.1_RagTag:53393-54202     -            270 8134at314147         -            714   3.7e-07   25.3  10.8   1   2   1.2e-06   0.00033   15.5   2.8   601   679    51   119    19   128 0.62 -
NW_025965028.1_RagTag:53393-54202     -            270 8134at314147         -            714   3.7e-07   25.3  10.8   2   2   8.1e-06    0.0022   12.8   1.6   539   668   129   223   120   249 0.60 -
NW_025965140.1_RagTag:194211-195170   -            320 8134at314147         -            714   0.00082   14.3   0.6   1   2   3.2e-05    0.0089   10.8   0.1   568   632    91   150    65   210 0.47 -
NW_025965140.1_RagTag:194211-195170   -            320 8134at314147         -            714   0.00082   14.3   0.6   2   2     0.016       4.5    1.9   0.0   512   585   228   303   192   315 0.54 -
NW_025965287.1_RagTag:802910-802371   -            180 8134at314147         -            714    0.0022   12.8   0.0   1   1   9.9e-06    0.0027   12.5   0.0   520   609    86   175    38   179 0.73 -
NW_025965324.1_RagTag:3746709-3746149 -            187 8134at314147         -            714     0.017    9.9   0.8   1   2    0.0001     0.029    9.1   0.4   630   668    56    99    36   111 0.80 -
NW_025965324.1_RagTag:3746709-3746149 -            187 8134at314147         -            714     0.017    9.9   0.8   2   2      0.27        76   -2.2   0.0   630   662   104   141   100   151 0.58 -
#
# Program:         hmmsearch
# Version:         3.1b2 (February 2015)
# Pipeline mode:   SEARCH
# Query file:      /home/bgerda/guppy_SUP/busco_downloads/lineages/glires_odb10/hmms/8134at314147.hmm
# Target file:     /home/bgerda/guppy_SUP/busco_results_racon/run_glires_odb10/metaeuk_output/rerun_results/ragtag.scaffold.fasta.modified.fas
# Option settings: hmmsearch --domtblout /home/bgerda/guppy_SUP/busco_results_racon/run_glires_odb10/hmmer_output/rerun_results/8134at314147.out --cpu 1 /home/bgerda/guppy_SUP/busco_downloads/lineages/glires_odb10/hmms/8134at314147.hmm /home/bgerda/guppy_SUP/busco_results_racon/run_glires_odb10/metaeuk_output/rerun_results/ragtag.scaffold.fasta.modified.fas 
# Current dir:     /home/bgerda/guppy_SUP
# Date:            Sun May 21 17:29:58 2023
# [ok]
