#                                                                                             --- full sequence --- -------------- this domain -------------   hmm coord   ali coord   env coord
# target name                         accession   tlen query name           accession   qlen   E-value  score  bias   #  of  c-Evalue  i-Evalue  score  bias  from    to  from    to  from    to  acc description of target
#                 ------------------- ---------- ----- -------------------- ---------- ----- --------- ------ ----- --- --- --------- --------- ------ ----- ----- ----- ----- ----- ----- ----- ---- ---------------------
NW_025965008.1_RagTag:43569-43099     -            157 9088at314147         -            782   1.6e-10   36.2   1.0   1   2   3.7e-05    0.0086   10.6   0.5   585   650     9    73     2    82 0.72 -
NW_025965008.1_RagTag:43569-43099     -            157 9088at314147         -            782   1.6e-10   36.2   1.0   2   2   2.1e-09   4.9e-07   24.7   0.0   579   644    84   150    73   156 0.85 -
contig_2414_pilon:39-507              -            153 9088at314147         -            782   3.5e-10   35.1   3.9   1   2   9.2e-06    0.0021   12.7   2.3   588   655     5    72     1    81 0.76 -
contig_2414_pilon:39-507              -            153 9088at314147         -            782   3.5e-10   35.1   3.9   2   2   8.7e-09     2e-06   22.7   0.0   588   646    86   144    74   153 0.89 -
NW_025965227.1_RagTag:1166932-1167426 -            165 9088at314147         -            782   1.3e-09   33.2   2.4   1   2   1.9e-05    0.0044   11.6   1.0   585   651    11    76     4    89 0.76 -
NW_025965227.1_RagTag:1166932-1167426 -            165 9088at314147         -            782   1.3e-09   33.2   2.4   2   2     2e-08   4.7e-06   21.4   0.0   588   646    98   156    84   165 0.88 -
NW_025965291.1_RagTag:412845-412510   -            112 9088at314147         -            782   2.5e-07   25.6   0.2   1   1   1.2e-09   2.9e-07   25.5   0.2   576   646    33   103    26   112 0.87 -
contig_67574_pilon:1299-1111          -             63 9088at314147         -            782     4e-05   18.4   0.0   1   1   1.9e-07   4.3e-05   18.3   0.0   593   645     2    54     1    61 0.91 -
NW_025965076.1_RagTag:4134-4397       -             88 9088at314147         -            782   0.00033   15.4   1.1   1   1   1.6e-06   0.00037   15.2   1.1   585   651     9    74     3    87 0.77 -
#
# Program:         hmmsearch
# Version:         3.1b2 (February 2015)
# Pipeline mode:   SEARCH
# Query file:      /home/bgerda/guppy_SUP/busco_downloads/lineages/glires_odb10/hmms/9088at314147.hmm
# Target file:     /home/bgerda/guppy_SUP/busco_results_racon/run_glires_odb10/metaeuk_output/rerun_results/ragtag.scaffold.fasta.modified.fas
# Option settings: hmmsearch --domtblout /home/bgerda/guppy_SUP/busco_results_racon/run_glires_odb10/hmmer_output/rerun_results/9088at314147.out --cpu 1 /home/bgerda/guppy_SUP/busco_downloads/lineages/glires_odb10/hmms/9088at314147.hmm /home/bgerda/guppy_SUP/busco_results_racon/run_glires_odb10/metaeuk_output/rerun_results/ragtag.scaffold.fasta.modified.fas 
# Current dir:     /home/bgerda/guppy_SUP
# Date:            Sun May 21 17:29:56 2023
# [ok]
