#                                                                                             --- full sequence --- -------------- this domain -------------   hmm coord   ali coord   env coord
# target name                         accession   tlen query name           accession   qlen   E-value  score  bias   #  of  c-Evalue  i-Evalue  score  bias  from    to  from    to  from    to  acc description of target
#                 ------------------- ---------- ----- -------------------- ---------- ----- --------- ------ ----- --- --- --------- --------- ------ ----- ----- ----- ----- ----- ----- ----- ---- ---------------------
NW_025965245.1_RagTag:400173-400936   -            124 9761at314147         -            647   1.5e-13   46.2  12.3   1   3   1.7e-10   3.4e-08   28.5   2.4     1    39     4    42     4    50 0.89 -
NW_025965245.1_RagTag:400173-400936   -            124 9761at314147         -            647   1.5e-13   46.2  12.3   2   3   0.00029     0.057    7.9   0.3   101   126    52    77    42    79 0.87 -
NW_025965245.1_RagTag:400173-400936   -            124 9761at314147         -            647   1.5e-13   46.2  12.3   3   3   4.9e-07   9.7e-05   17.1   0.4   176   218    78   121    76   124 0.88 -
NW_025965322.1_RagTag:1227246-1228055 -            270 9761at314147         -            647   7.8e-09   30.6  11.3   1   3   5.6e-09   1.1e-06   23.5   1.5     2    38     5    41     4    61 0.82 -
NW_025965322.1_RagTag:1227246-1228055 -            270 9761at314147         -            647   7.8e-09   30.6  11.3   2   3      0.25        50   -1.8   0.0   103   135    54    86    49    90 0.87 -
NW_025965322.1_RagTag:1227246-1228055 -            270 9761at314147         -            647   7.8e-09   30.6  11.3   3   3     2e-05    0.0039   11.8   2.9   172   341    92   262    79   267 0.61 -
NW_025965148.1_RagTag:7181-6385       -            265 9761at314147         -            647   7.8e-06   20.7   0.0   1   1     5e-08   9.8e-06   20.4   0.0   468   596    88   224    77   238 0.70 -
NW_025965319.1_RagTag:4123940-4123488 -            151 9761at314147         -            647   0.00015   16.5   1.4   1   1     1e-06   0.00021   16.0   1.4     2    38    40    77    39    96 0.86 -
NW_025965209.1_RagTag:161057-161341   -             95 9761at314147         -            647   0.00021   16.0   0.6   1   1   1.2e-06   0.00023   15.8   0.6     5    32    27    54    24    69 0.90 -
NW_025965363.1_RagTag:44864-40287     -            244 9761at314147         -            647   0.00073   14.2   0.0   1   1   4.8e-06   0.00095   13.8   0.0   474   540    58   133    51   158 0.70 -
NW_025965289.1_RagTag:138840-140296   -            232 9761at314147         -            647     0.016    9.8   0.0   1   1   8.8e-05     0.017    9.6   0.0   474   537    46   119    38   182 0.80 -
#
# Program:         hmmsearch
# Version:         3.1b2 (February 2015)
# Pipeline mode:   SEARCH
# Query file:      /home/bgerda/guppy_SUP/busco_downloads/lineages/glires_odb10/hmms/9761at314147.hmm
# Target file:     /home/bgerda/guppy_SUP/busco_results_racon/run_glires_odb10/metaeuk_output/rerun_results/ragtag.scaffold.fasta.modified.fas
# Option settings: hmmsearch --domtblout /home/bgerda/guppy_SUP/busco_results_racon/run_glires_odb10/hmmer_output/rerun_results/9761at314147.out --cpu 1 /home/bgerda/guppy_SUP/busco_downloads/lineages/glires_odb10/hmms/9761at314147.hmm /home/bgerda/guppy_SUP/busco_results_racon/run_glires_odb10/metaeuk_output/rerun_results/ragtag.scaffold.fasta.modified.fas 
# Current dir:     /home/bgerda/guppy_SUP
# Date:            Sun May 21 17:29:53 2023
# [ok]
