#                                                                                             --- full sequence --- -------------- this domain -------------   hmm coord   ali coord   env coord
# target name                         accession   tlen query name           accession   qlen   E-value  score  bias   #  of  c-Evalue  i-Evalue  score  bias  from    to  from    to  from    to  acc description of target
#                 ------------------- ---------- ----- -------------------- ---------- ----- --------- ------ ----- --- --- --------- --------- ------ ----- ----- ----- ----- ----- ----- ----- ---- ---------------------
NW_025965324.1_RagTag:3129234-3106873 -            664 9977at314147         -            597   1.1e-21   73.3   2.0   1   5   0.00012     0.033    8.9   0.0   288   351    13    90     4    98 0.72 -
NW_025965324.1_RagTag:3129234-3106873 -            664 9977at314147         -            597   1.1e-21   73.3   2.0   2   5   9.6e-07   0.00027   15.8   0.1   114   160   148   195   135   223 0.82 -
NW_025965324.1_RagTag:3129234-3106873 -            664 9977at314147         -            597   1.1e-21   73.3   2.0   3   5     0.011         3    2.5   0.0   318   352   193   227   191   241 0.87 -
NW_025965324.1_RagTag:3129234-3106873 -            664 9977at314147         -            597   1.1e-21   73.3   2.0   4   5   9.8e-09   2.7e-06   22.4   0.0   280   371   280   388   276   392 0.79 -
NW_025965324.1_RagTag:3129234-3106873 -            664 9977at314147         -            597   1.1e-21   73.3   2.0   5   5     7e-08   1.9e-05   19.6   0.0   313   395   415   495   399   536 0.81 -
NW_025965315.1_RagTag:2684245-2683970 -             92 9977at314147         -            597   7.3e-06   21.0   0.0   1   2   9.7e-05     0.027    9.2   0.0     2    38     1    38     1    49 0.76 -
NW_025965315.1_RagTag:2684245-2683970 -             92 9977at314147         -            597   7.3e-06   21.0   0.0   2   2   3.9e-05     0.011   10.5   0.0   311   351    51    91    40    92 0.85 -
NW_025965324.1_RagTag:3109520-3108461 -            208 9977at314147         -            597    0.0009   14.1   0.0   1   1   1.1e-05     0.003   12.4   0.0   316   355    58    97    10   115 0.71 -
NW_025965209.1_RagTag:151458-151925   -            156 9977at314147         -            597     0.002   12.9   0.0   1   1     1e-05    0.0029   12.4   0.0   309   346    72   109    53   116 0.87 -
NW_025965060.1_RagTag:51624-47830     -            167 9977at314147         -            597    0.0056   11.4   0.0   1   1   2.4e-05    0.0066   11.2   0.0   284   361    10    95     4   120 0.79 -
#
# Program:         hmmsearch
# Version:         3.1b2 (February 2015)
# Pipeline mode:   SEARCH
# Query file:      /home/bgerda/guppy_SUP/busco_downloads/lineages/glires_odb10/hmms/9977at314147.hmm
# Target file:     /home/bgerda/guppy_SUP/busco_results_racon/run_glires_odb10/metaeuk_output/rerun_results/ragtag.scaffold.fasta.modified.fas
# Option settings: hmmsearch --domtblout /home/bgerda/guppy_SUP/busco_results_racon/run_glires_odb10/hmmer_output/rerun_results/9977at314147.out --cpu 1 /home/bgerda/guppy_SUP/busco_downloads/lineages/glires_odb10/hmms/9977at314147.hmm /home/bgerda/guppy_SUP/busco_results_racon/run_glires_odb10/metaeuk_output/rerun_results/ragtag.scaffold.fasta.modified.fas 
# Current dir:     /home/bgerda/guppy_SUP
# Date:            Sun May 21 17:29:53 2023
# [ok]
