#                                                                                             --- full sequence --- -------------- this domain -------------   hmm coord   ali coord   env coord
# target name                         accession   tlen query name           accession   qlen   E-value  score  bias   #  of  c-Evalue  i-Evalue  score  bias  from    to  from    to  from    to  acc description of target
#                 ------------------- ---------- ----- -------------------- ---------- ----- --------- ------ ----- --- --- --------- --------- ------ ----- ----- ----- ----- ----- ----- ----- ---- ---------------------
NW_025965314.1_RagTag:1505831-1506974 -            342 10010at314147        -            840   5.6e-14   47.8   0.7   1   3   1.5e-05    0.0042   11.8   0.0   712   785   100   174    95   179 0.79 -
NW_025965314.1_RagTag:1505831-1506974 -            342 10010at314147        -            840   5.6e-14   47.8   0.7   2   3   1.4e-05    0.0038   11.9   0.2   714   773   194   254   174   261 0.75 -
NW_025965314.1_RagTag:1505831-1506974 -            342 10010at314147        -            840   5.6e-14   47.8   0.7   3   3     1e-08   2.8e-06   22.3   0.0   712   778   255   321   250   332 0.88 -
NW_025965310.1_RagTag:4038738-4037689 -            350 10010at314147        -            840   1.6e-06   23.0   0.3   1   2   1.2e-06   0.00034   15.4   0.0   722   776     6    64     3    84 0.83 -
NW_025965310.1_RagTag:4038738-4037689 -            350 10010at314147        -            840   1.6e-06   23.0   0.3   2   2   0.00091      0.26    5.9   0.1   724   774    99   149    81   172 0.86 -
NW_025965319.1_RagTag:1173749-1173339 -            133 10010at314147        -            840   1.6e-05   19.8   0.1   1   2    0.0024      0.69    4.4   0.0   737   769     5    39     2    54 0.72 -
NW_025965319.1_RagTag:1173749-1173339 -            133 10010at314147        -            840   1.6e-05   19.8   0.1   2   2   3.4e-06   0.00097   13.9   0.0   712   768    62   119    42   123 0.79 -
NW_025965172.1_RagTag:1495386-1494922 -            155 10010at314147        -            840   0.00023   15.9   0.0   1   1   9.9e-07   0.00028   15.7   0.0   724   785     8    73     2    85 0.79 -
NW_025965364.1_RagTag:5928-5515       -            138 10010at314147        -            840   0.00036   15.3   0.0   1   1   1.8e-06   0.00052   14.8   0.0   722   774     6    60     2    72 0.84 -
#
# Program:         hmmsearch
# Version:         3.1b2 (February 2015)
# Pipeline mode:   SEARCH
# Query file:      /home/bgerda/guppy_SUP/busco_downloads/lineages/glires_odb10/hmms/10010at314147.hmm
# Target file:     /home/bgerda/guppy_SUP/busco_results/run_glires_odb10/metaeuk_output/rerun_results/ragtag.scaffold.fasta.modified.fas
# Option settings: hmmsearch --domtblout /home/bgerda/guppy_SUP/busco_results/run_glires_odb10/hmmer_output/rerun_results/10010at314147.out --cpu 1 /home/bgerda/guppy_SUP/busco_downloads/lineages/glires_odb10/hmms/10010at314147.hmm /home/bgerda/guppy_SUP/busco_results/run_glires_odb10/metaeuk_output/rerun_results/ragtag.scaffold.fasta.modified.fas 
# Current dir:     /home/bgerda/guppy_SUP
# Date:            Sun May 21 15:29:14 2023
# [ok]
