#                                                                                             --- full sequence --- -------------- this domain -------------   hmm coord   ali coord   env coord
# target name                         accession   tlen query name           accession   qlen   E-value  score  bias   #  of  c-Evalue  i-Evalue  score  bias  from    to  from    to  from    to  acc description of target
#                 ------------------- ---------- ----- -------------------- ---------- ----- --------- ------ ----- --- --- --------- --------- ------ ----- ----- ----- ----- ----- ----- ----- ---- ---------------------
NW_025965324.1_RagTag:2609398-2601381 -            228 1013at314147         -           1890   3.6e-11   37.3  39.8   1   4   4.6e-09   1.3e-06   22.2   4.3   874   921    16    64    10    66 0.91 -
NW_025965324.1_RagTag:2609398-2601381 -            228 1013at314147         -           1890   3.6e-11   37.3  39.8   2   4   8.3e-06    0.0023   11.4   5.0  1490  1522    66    98    61   107 0.73 -
NW_025965324.1_RagTag:2609398-2601381 -            228 1013at314147         -           1890   3.6e-11   37.3  39.8   3   4     0.002      0.55    3.5  11.1  1704  1749    83   141    83   153 0.68 -
NW_025965324.1_RagTag:2609398-2601381 -            228 1013at314147         -           1890   3.6e-11   37.3  39.8   4   4   2.2e-07   6.3e-05   16.6   9.0  1293  1328   150   186   140   192 0.74 -
NW_025965259.1_RagTag:106045-105034   -            229 1013at314147         -           1890     1e-05   19.2  17.4   1   2   8.1e-07   0.00023   14.7   6.2  1288  1327    77   116    71   124 0.86 -
NW_025965259.1_RagTag:106045-105034   -            229 1013at314147         -           1890     1e-05   19.2  17.4   2   2   9.4e-06    0.0026   11.2   3.0  1289  1326   124   164   115   174 0.59 -
NW_025965214.1_RagTag:218060-185891   -            510 1013at314147         -           1890   0.00042   13.9   0.5   1   2    0.0013      0.36    4.1   0.0   366   796   281   344   267   388 0.52 -
NW_025965214.1_RagTag:218060-185891   -            510 1013at314147         -           1890   0.00042   13.9   0.5   2   2   8.4e-05     0.024    8.0   0.2  1789  1844   438   497   413   508 0.78 -
NW_025965091.1_RagTag:237017-237190   -             58 1013at314147         -           1890    0.0074    9.7   0.0   1   1   2.7e-05    0.0076    9.7   0.0  1810  1857     1    54     1    58 0.75 -
NW_025965324.1_RagTag:2614947-2595004 -            377 1013at314147         -           1890     0.089    6.1  29.3   1   3   9.5e-05     0.027    7.8   4.0   885   920     5    39     1    42 0.39 -
NW_025965324.1_RagTag:2614947-2595004 -            377 1013at314147         -           1890     0.089    6.1  29.3   2   3   6.5e-06    0.0018   11.7  10.6  1485  1523    38    75    33   100 0.85 -
NW_025965324.1_RagTag:2614947-2595004 -            377 1013at314147         -           1890     0.089    6.1  29.3   3   3         5   1.4e+03   -8.0   6.9  1698  1761    83   146    77   163 0.59 -
#
# Program:         hmmsearch
# Version:         3.1b2 (February 2015)
# Pipeline mode:   SEARCH
# Query file:      /home/bgerda/guppy_SUP/busco_downloads/lineages/glires_odb10/hmms/1013at314147.hmm
# Target file:     /home/bgerda/guppy_SUP/busco_results/run_glires_odb10/metaeuk_output/rerun_results/ragtag.scaffold.fasta.modified.fas
# Option settings: hmmsearch --domtblout /home/bgerda/guppy_SUP/busco_results/run_glires_odb10/hmmer_output/rerun_results/1013at314147.out --cpu 1 /home/bgerda/guppy_SUP/busco_downloads/lineages/glires_odb10/hmms/1013at314147.hmm /home/bgerda/guppy_SUP/busco_results/run_glires_odb10/metaeuk_output/rerun_results/ragtag.scaffold.fasta.modified.fas 
# Current dir:     /home/bgerda/guppy_SUP
# Date:            Sun May 21 15:29:12 2023
# [ok]
