#                                                                                             --- full sequence --- -------------- this domain -------------   hmm coord   ali coord   env coord
# target name                         accession   tlen query name           accession   qlen   E-value  score  bias   #  of  c-Evalue  i-Evalue  score  bias  from    to  from    to  from    to  acc description of target
#                 ------------------- ---------- ----- -------------------- ---------- ----- --------- ------ ----- --- --- --------- --------- ------ ----- ----- ----- ----- ----- ----- ----- ---- ---------------------
NW_025965300.1_RagTag:1789104-1791056 -            651 11070at314147        -            645   1.9e-10   36.2   0.8   1   3     8e-05     0.012   10.3   0.0   182   223   343   384   333   392 0.90 -
NW_025965300.1_RagTag:1789104-1791056 -            651 11070at314147        -            645   1.9e-10   36.2   0.8   2   3   0.00011     0.018    9.8   0.1   175   227   423   479   415   510 0.81 -
NW_025965300.1_RagTag:1789104-1791056 -            651 11070at314147        -            645   1.9e-10   36.2   0.8   3   3   1.4e-05    0.0022   12.8   0.0   179   221   529   571   515   579 0.86 -
NW_025965028.1_RagTag:496577-495038   -            234 11070at314147        -            645   4.6e-06   21.7   0.1   1   1   3.8e-08   5.9e-06   21.3   0.1   182   223    16    60     8    88 0.80 -
NW_025965218.1_RagTag:1407529-1405062 -            220 11070at314147        -            645     1e-05   20.5   0.1   1   1     8e-08   1.3e-05   20.2   0.1   174   227    92   145    69   159 0.90 -
NW_025965284.1_RagTag:361032-362971   -            167 11070at314147        -            645   1.7e-05   19.8   0.2   1   1   1.3e-07     2e-05   19.6   0.2   172   220   119   167    94   167 0.88 -
NW_025965228.1_RagTag:17255-16782     -             74 11070at314147        -            645   2.2e-05   19.4   0.6   1   1   1.4e-07   2.2e-05   19.4   0.6   172   225    17    70     3    74 0.86 -
NW_025965324.1_RagTag:3071272-3072113 -            184 11070at314147        -            645   0.00027   15.8   0.1   1   1   2.1e-06   0.00033   15.5   0.1   175   229    92   147    82   167 0.84 -
NW_025965177.1_RagTag:240898-240590   -            103 11070at314147        -            645   0.00059   14.7   0.3   1   1   4.3e-06   0.00067   14.5   0.3   183   221    64   102    46   103 0.88 -
NW_025965309.1_RagTag:3399239-3398628 -            204 11070at314147        -            645    0.0013   13.6   0.2   1   1   1.2e-05     0.002   13.0   0.2   181   223    83   125    65   135 0.84 -
NW_025965275.1_RagTag:451305-451114   -             64 11070at314147        -            645     0.005   11.6   0.8   1   1   3.2e-05    0.0051   11.6   0.8   183   226    19    62     6    64 0.84 -
#
# Program:         hmmsearch
# Version:         3.1b2 (February 2015)
# Pipeline mode:   SEARCH
# Query file:      /home/bgerda/guppy_SUP/busco_downloads/lineages/glires_odb10/hmms/11070at314147.hmm
# Target file:     /home/bgerda/guppy_SUP/busco_results/run_glires_odb10/metaeuk_output/rerun_results/ragtag.scaffold.fasta.modified.fas
# Option settings: hmmsearch --domtblout /home/bgerda/guppy_SUP/busco_results/run_glires_odb10/hmmer_output/rerun_results/11070at314147.out --cpu 1 /home/bgerda/guppy_SUP/busco_downloads/lineages/glires_odb10/hmms/11070at314147.hmm /home/bgerda/guppy_SUP/busco_results/run_glires_odb10/metaeuk_output/rerun_results/ragtag.scaffold.fasta.modified.fas 
# Current dir:     /home/bgerda/guppy_SUP
# Date:            Sun May 21 15:29:14 2023
# [ok]
