#                                                                                             --- full sequence --- -------------- this domain -------------   hmm coord   ali coord   env coord
# target name                         accession   tlen query name           accession   qlen   E-value  score  bias   #  of  c-Evalue  i-Evalue  score  bias  from    to  from    to  from    to  acc description of target
#                 ------------------- ---------- ----- -------------------- ---------- ----- --------- ------ ----- --- --- --------- --------- ------ ----- ----- ----- ----- ----- ----- ----- ---- ---------------------
NW_025965223.1_RagTag:176334-174169   -            722 11405at314147        -            720  7.1e-124  411.1  18.3   1   3   2.8e-23   6.5e-21   70.7   3.5    20   166    56   208    32   220 0.67 -
NW_025965223.1_RagTag:176334-174169   -            722 11405at314147        -            720  7.1e-124  411.1  18.3   2   3       0.4        95   -2.6   0.2    28    69   231   273   213   289 0.62 -
NW_025965223.1_RagTag:176334-174169   -            722 11405at314147        -            720  7.1e-124  411.1  18.3   3   3  3.1e-109  7.3e-107  354.8   6.9   189   528   292   642   286   646 0.79 -
NW_025965314.1_RagTag:1505831-1506974 -            342 11405at314147        -            720   2.8e-17   58.7   0.3   1   4    0.0052       1.2    3.7   0.0    75   140     9    78     4    98 0.66 -
NW_025965314.1_RagTag:1505831-1506974 -            342 11405at314147        -            720   2.8e-17   58.7   0.3   2   4   2.1e-08   4.9e-06   21.5   0.0   166   292    53   180    36   185 0.85 -
NW_025965314.1_RagTag:1505831-1506974 -            342 11405at314147        -            720   2.8e-17   58.7   0.3   3   4   3.3e-06   0.00077   14.3   0.1   205   277   188   259   180   267 0.86 -
NW_025965314.1_RagTag:1505831-1506974 -            342 11405at314147        -            720   2.8e-17   58.7   0.3   4   4   1.1e-07   2.6e-05   19.1   0.0   222   297   267   341   257   342 0.90 -
NW_025965310.1_RagTag:4038738-4037689 -            350 11405at314147        -            720   9.9e-10   33.7   0.0   1   2   4.1e-06   0.00097   13.9   0.0   220   287     6    74     2    82 0.76 -
NW_025965310.1_RagTag:4038738-4037689 -            350 11405at314147        -            720   9.9e-10   33.7   0.0   2   2   2.8e-07   6.6e-05   17.8   0.1   218   288    95   166    80   178 0.83 -
NW_025965364.1_RagTag:5928-5515       -            138 11405at314147        -            720   1.3e-05   20.1   0.0   1   1   1.4e-07   3.2e-05   18.8   0.0   219   332     5   128     2   135 0.67 -
NW_025965172.1_RagTag:1495386-1494922 -            155 11405at314147        -            720   1.4e-05   20.0   0.1   1   1   7.4e-08   1.7e-05   19.7   0.1   221   302     7    90     3   105 0.79 -
NW_025965053.1_RagTag:18284-17499     -            262 11405at314147        -            720    0.0012   13.7   0.0   1   1   7.5e-06    0.0018   13.1   0.0   179   370    58   260    10   262 0.70 -
#
# Program:         hmmsearch
# Version:         3.1b2 (February 2015)
# Pipeline mode:   SEARCH
# Query file:      /home/bgerda/guppy_SUP/busco_downloads/lineages/glires_odb10/hmms/11405at314147.hmm
# Target file:     /home/bgerda/guppy_SUP/busco_results/run_glires_odb10/metaeuk_output/rerun_results/ragtag.scaffold.fasta.modified.fas
# Option settings: hmmsearch --domtblout /home/bgerda/guppy_SUP/busco_results/run_glires_odb10/hmmer_output/rerun_results/11405at314147.out --cpu 1 /home/bgerda/guppy_SUP/busco_downloads/lineages/glires_odb10/hmms/11405at314147.hmm /home/bgerda/guppy_SUP/busco_results/run_glires_odb10/metaeuk_output/rerun_results/ragtag.scaffold.fasta.modified.fas 
# Current dir:     /home/bgerda/guppy_SUP
# Date:            Sun May 21 15:29:16 2023
# [ok]
