#                                                                                             --- full sequence --- -------------- this domain -------------   hmm coord   ali coord   env coord
# target name                         accession   tlen query name           accession   qlen   E-value  score  bias   #  of  c-Evalue  i-Evalue  score  bias  from    to  from    to  from    to  acc description of target
#                 ------------------- ---------- ----- -------------------- ---------- ----- --------- ------ ----- --- --- --------- --------- ------ ----- ----- ----- ----- ----- ----- ----- ---- ---------------------
NW_025965188.1_RagTag:479271-479684   -            138 11606at314147        -            533   1.3e-12   43.4   0.1   1   3   5.5e-06    0.0011   13.9   0.0   438   486     1    50     1    51 0.91 -
NW_025965188.1_RagTag:479271-479684   -            138 11606at314147        -            533   1.3e-12   43.4   0.1   2   3     3e-10     6e-08   28.0   0.2   405   483    48   126    44   129 0.93 -
NW_025965188.1_RagTag:479271-479684   -            138 11606at314147        -            533   1.3e-12   43.4   0.1   3   3   0.00022     0.045    8.6   0.0   436   462   112   138   107   138 0.93 -
NW_025965287.1_RagTag:1597561-1602211 -            433 11606at314147        -            533   2.8e-05   19.2   0.1   1   1     2e-07   3.9e-05   18.7   0.1    84   145   353   414   322   423 0.83 -
NW_025965182.1_RagTag:1208376-1208540 -             55 11606at314147        -            533   7.8e-05   17.7   0.0   1   1   3.9e-07   7.8e-05   17.7   0.0    82   119    13    50     1    54 0.86 -
NW_025965163.1_RagTag:39467-30573     -            706 11606at314147        -            533   0.00015   16.8   0.0   1   1   1.1e-06   0.00023   16.2   0.0   126   178   437   490   421   507 0.76 -
NW_025965288.1_RagTag:106193-105948   -             82 11606at314147        -            533    0.0005   15.0   0.0   1   1   3.1e-06   0.00062   14.7   0.0   106   150     8    55     4    72 0.79 -
NW_025965344.1_RagTag:44177-38824     -            169 11606at314147        -            533   0.00065   14.7   0.0   1   1   7.7e-06    0.0016   13.4   0.0    42   119    42   116    30   127 0.89 -
NW_025965352.1_RagTag:113601-115107   -            273 11606at314147        -            533    0.0016   13.4   0.0   1   1   1.2e-05    0.0025   12.7   0.0    91   144     3    56     1    73 0.61 -
#
# Program:         hmmsearch
# Version:         3.1b2 (February 2015)
# Pipeline mode:   SEARCH
# Query file:      /home/bgerda/guppy_SUP/busco_downloads/lineages/glires_odb10/hmms/11606at314147.hmm
# Target file:     /home/bgerda/guppy_SUP/busco_results/run_glires_odb10/metaeuk_output/rerun_results/ragtag.scaffold.fasta.modified.fas
# Option settings: hmmsearch --domtblout /home/bgerda/guppy_SUP/busco_results/run_glires_odb10/hmmer_output/rerun_results/11606at314147.out --cpu 1 /home/bgerda/guppy_SUP/busco_downloads/lineages/glires_odb10/hmms/11606at314147.hmm /home/bgerda/guppy_SUP/busco_results/run_glires_odb10/metaeuk_output/rerun_results/ragtag.scaffold.fasta.modified.fas 
# Current dir:     /home/bgerda/guppy_SUP
# Date:            Sun May 21 15:29:18 2023
# [ok]
