#                                                                                             --- full sequence --- -------------- this domain -------------   hmm coord   ali coord   env coord
# target name                         accession   tlen query name           accession   qlen   E-value  score  bias   #  of  c-Evalue  i-Evalue  score  bias  from    to  from    to  from    to  acc description of target
#                 ------------------- ---------- ----- -------------------- ---------- ----- --------- ------ ----- --- --- --------- --------- ------ ----- ----- ----- ----- ----- ----- ----- ---- ---------------------
contig_4568_pilon:1337-1579           -             81 118at314147          -           4425   1.3e-06   21.2   3.6   1   1   1.2e-08   1.4e-06   21.1   3.6  3291  3356     2    70     1    76 0.83 -
contig_5411_pilon:437-201             -             79 118at314147          -           4425   1.5e-05   17.6   0.5   1   1   1.3e-07   1.6e-05   17.6   0.5  3288  3333    26    73     9    77 0.78 -
NW_025965308.1_RagTag:1044641-945532  -             70 118at314147          -           4425   1.9e-05   17.3   4.7   1   1   1.9e-07   2.3e-05   17.0   4.7  3289  3331     4    48     2    53 0.85 -
contig_83093_pilon:417-680            -             88 118at314147          -           4425   2.6e-05   16.8   0.3   1   1   2.2e-07   2.6e-05   16.8   0.3  3288  3333    35    82     7    86 0.82 -
contig_50121_pilon:804-1229           -            142 118at314147          -           4425   2.9e-05   16.7   4.3   1   1   3.1e-07   3.7e-05   16.3   4.3  3292  3335     1    45     1    57 0.85 -
NW_025965309.1_RagTag:3490785-3490423 -            121 118at314147          -           4425   0.00012   14.7   1.1   1   1   1.1e-06   0.00012   14.6   1.1  3272  3336    42   113    19   119 0.68 -
NW_025965322.1_RagTag:1301223-1302032 -            270 118at314147          -           4425   0.00037   13.0   2.0   1   1   4.2e-06   0.00049   12.6   2.0  3291  3323     9    41     4    64 0.90 -
NW_025965314.1_RagTag:669681-667945   -            579 118at314147          -           4425   0.00042   12.8   0.3   1   1     5e-06   0.00058   12.3   0.3  3288  3332   528   574   497   578 0.78 -
NW_025965319.1_RagTag:4372733-4372377 -            119 118at314147          -           4425   0.00061   12.3   4.7   1   1   6.1e-06   0.00071   12.1   4.7  3292  3332     4    45     2    58 0.90 -
NW_025965316.1_RagTag:426262-426588   -            109 118at314147          -           4425    0.0026   10.2   6.4   1   1   2.5e-05    0.0029   10.0   6.4  3292  3333     2    45     1    52 0.79 -
NW_025965075.1_RagTag:69361-62353     -            353 118at314147          -           4425    0.0089    8.4   6.6   1   1   9.5e-05     0.011    8.1   6.6  3292  3335    51    93    47   121 0.86 -
NW_025965075.1_RagTag:19329-24571     -            378 118at314147          -           4425      0.04    6.3   3.1   1   1   0.00045     0.053    5.8   3.1  3291  3332   324   367   314   372 0.81 -
#
# Program:         hmmsearch
# Version:         3.1b2 (February 2015)
# Pipeline mode:   SEARCH
# Query file:      /home/bgerda/guppy_SUP/busco_downloads/lineages/glires_odb10/hmms/118at314147.hmm
# Target file:     /home/bgerda/guppy_SUP/busco_results/run_glires_odb10/metaeuk_output/rerun_results/ragtag.scaffold.fasta.modified.fas
# Option settings: hmmsearch --domtblout /home/bgerda/guppy_SUP/busco_results/run_glires_odb10/hmmer_output/rerun_results/118at314147.out --cpu 1 /home/bgerda/guppy_SUP/busco_downloads/lineages/glires_odb10/hmms/118at314147.hmm /home/bgerda/guppy_SUP/busco_results/run_glires_odb10/metaeuk_output/rerun_results/ragtag.scaffold.fasta.modified.fas 
# Current dir:     /home/bgerda/guppy_SUP
# Date:            Sun May 21 15:29:12 2023
# [ok]
