#                                                                                             --- full sequence --- -------------- this domain -------------   hmm coord   ali coord   env coord
# target name                         accession   tlen query name           accession   qlen   E-value  score  bias   #  of  c-Evalue  i-Evalue  score  bias  from    to  from    to  from    to  acc description of target
#                 ------------------- ---------- ----- -------------------- ---------- ----- --------- ------ ----- --- --- --------- --------- ------ ----- ----- ----- ----- ----- ----- ----- ---- ---------------------
NW_025965233.1_RagTag:125981-124584   -            466 16156at314147        -            379   5.9e-07   25.2   0.0   1   1   7.5e-09   8.9e-07   24.6   0.0   106   192    70   155    58   162 0.87 -
contig_31429_pilon:267-1247           -            327 16156at314147        -            379   2.1e-06   23.4   0.1   1   1   4.5e-08   5.3e-06   22.1   0.1   108   195    77   163     7   175 0.87 -
NW_025965256.1_RagTag:50814-50329     -            106 16156at314147        -            379   3.8e-05   19.3   0.0   1   1   3.3e-07   3.9e-05   19.2   0.0   147   194    51    96    23   103 0.87 -
NW_025965321.1_RagTag:4470492-4469881 -            204 16156at314147        -            379   4.7e-05   19.0   0.0   1   1   6.3e-07   7.4e-05   18.3   0.0   111   187    74   151    60   158 0.85 -
NW_025965499.1_RagTag:3945-3043       -            301 16156at314147        -            379   8.1e-05   18.2   0.1   1   1     9e-07   0.00011   17.8   0.1   108   188    66   145    20   155 0.87 -
contig_66008_pilon:1767-2642          -            292 16156at314147        -            379   0.00019   16.9   0.2   1   1   2.7e-06   0.00032   16.2   0.2    71   185    22   132    16   139 0.77 -
contig_37224_pilon:1702-2604          -            301 16156at314147        -            379   0.00021   16.8   0.0   1   1   2.9e-06   0.00034   16.1   0.0   136   187   103   152    70   162 0.81 -
NW_025965279.1_RagTag:90332-90961     -            210 16156at314147        -            379   0.00027   16.5   0.0   1   1   2.7e-06   0.00032   16.2   0.0   136   189    23    74     1    79 0.77 -
contig_34501_pilon:2309-1611          -            233 16156at314147        -            379    0.0025   13.2   0.1   1   1   2.9e-05    0.0034   12.8   0.1   115   187     2    73     1    80 0.87 -
contig_34309_pilon:451-104            -            116 16156at314147        -            379    0.0033   12.9   0.0   1   1   3.3e-05    0.0039   12.6   0.0   145   187    27    67     3    75 0.78 -
NW_025965313.1_RagTag:91092-92565     -            198 16156at314147        -            379    0.0034   12.8   0.0   1   1   4.5e-05    0.0053   12.2   0.0   146   186    74   112    52   120 0.87 -
NW_025965099.1_RagTag:15127-16038     -            304 16156at314147        -            379    0.0055   12.1   0.2   1   1   9.3e-05     0.011   11.2   0.1   111   187    96   171    77   177 0.87 -
#
# Program:         hmmsearch
# Version:         3.1b2 (February 2015)
# Pipeline mode:   SEARCH
# Query file:      /home/bgerda/guppy_SUP/busco_downloads/lineages/glires_odb10/hmms/16156at314147.hmm
# Target file:     /home/bgerda/guppy_SUP/busco_results/run_glires_odb10/metaeuk_output/rerun_results/ragtag.scaffold.fasta.modified.fas
# Option settings: hmmsearch --domtblout /home/bgerda/guppy_SUP/busco_results/run_glires_odb10/hmmer_output/rerun_results/16156at314147.out --cpu 1 /home/bgerda/guppy_SUP/busco_downloads/lineages/glires_odb10/hmms/16156at314147.hmm /home/bgerda/guppy_SUP/busco_results/run_glires_odb10/metaeuk_output/rerun_results/ragtag.scaffold.fasta.modified.fas 
# Current dir:     /home/bgerda/guppy_SUP
# Date:            Sun May 21 15:29:15 2023
# [ok]
