#                                                                                             --- full sequence --- -------------- this domain -------------   hmm coord   ali coord   env coord
# target name                         accession   tlen query name           accession   qlen   E-value  score  bias   #  of  c-Evalue  i-Evalue  score  bias  from    to  from    to  from    to  acc description of target
#                 ------------------- ---------- ----- -------------------- ---------- ----- --------- ------ ----- --- --- --------- --------- ------ ----- ----- ----- ----- ----- ----- ----- ---- ---------------------
NW_025965287.1_RagTag:1528602-1528006 -            199 16165at314147        -            400   4.8e-11   38.3   1.8   1   2   1.9e-10   6.6e-08   28.0   0.5   207   326     3   119     1   122 0.89 -
NW_025965287.1_RagTag:1528602-1528006 -            199 16165at314147        -            400   4.8e-11   38.3   1.8   2   2   5.3e-07   0.00019   16.6   0.1    68   161    93   182    85   187 0.85 -
NW_025965310.1_RagTag:498729-512410   -            308 16165at314147        -            400     4e-06   22.1   0.3   1   2   1.5e-05    0.0052   11.9   0.0   222   329    95   205    83   234 0.77 -
NW_025965310.1_RagTag:498729-512410   -            308 16165at314147        -            400     4e-06   22.1   0.3   2   2   3.4e-05     0.012   10.7   0.1   270   332   191   259   188   271 0.66 -
contig_13085_pilon:902-46             -            239 16165at314147        -            400   8.4e-05   17.8   0.6   1   2     7e-07   0.00025   16.2   0.4   210   352    39   176    20   194 0.81 -
contig_13085_pilon:902-46             -            239 16165at314147        -            400   8.4e-05   17.8   0.6   2   2     0.026       9.3    1.2   0.0    68   117   156   201   141   223 0.64 -
NW_025965155.1_RagTag:69793-68825     -            323 16165at314147        -            400   0.00011   17.4   0.1   1   3    0.0074       2.6    3.0   0.0   208   316    20   130     7   148 0.69 -
NW_025965155.1_RagTag:69793-68825     -            323 16165at314147        -            400   0.00011   17.4   0.1   2   3     0.063        22   -0.1   0.0   308   327   163   182   132   189 0.70 -
NW_025965155.1_RagTag:69793-68825     -            323 16165at314147        -            400   0.00011   17.4   0.1   3   3   2.6e-05    0.0093   11.0   0.1   211   318   197   312   156   320 0.65 -
#
# Program:         hmmsearch
# Version:         3.1b2 (February 2015)
# Pipeline mode:   SEARCH
# Query file:      /home/bgerda/guppy_SUP/busco_downloads/lineages/glires_odb10/hmms/16165at314147.hmm
# Target file:     /home/bgerda/guppy_SUP/busco_results/run_glires_odb10/metaeuk_output/rerun_results/ragtag.scaffold.fasta.modified.fas
# Option settings: hmmsearch --domtblout /home/bgerda/guppy_SUP/busco_results/run_glires_odb10/hmmer_output/rerun_results/16165at314147.out --cpu 1 /home/bgerda/guppy_SUP/busco_downloads/lineages/glires_odb10/hmms/16165at314147.hmm /home/bgerda/guppy_SUP/busco_results/run_glires_odb10/metaeuk_output/rerun_results/ragtag.scaffold.fasta.modified.fas 
# Current dir:     /home/bgerda/guppy_SUP
# Date:            Sun May 21 15:29:11 2023
# [ok]
