#                                                                                             --- full sequence --- -------------- this domain -------------   hmm coord   ali coord   env coord
# target name                         accession   tlen query name           accession   qlen   E-value  score  bias   #  of  c-Evalue  i-Evalue  score  bias  from    to  from    to  from    to  acc description of target
#                 ------------------- ---------- ----- -------------------- ---------- ----- --------- ------ ----- --- --- --------- --------- ------ ----- ----- ----- ----- ----- ----- ----- ---- ---------------------
NW_025965287.1_RagTag:1528602-1528006 -            199 16753at314147        -            371   1.3e-09   33.9   0.3   1   3   2.4e-05    0.0067   11.7   0.0   237   285     1    47     1    57 0.85 -
NW_025965287.1_RagTag:1528602-1528006 -            199 16753at314147        -            371   1.3e-09   33.9   0.3   2   3   8.7e-07   0.00025   16.5   0.0   205   287    56   134    48   146 0.83 -
NW_025965287.1_RagTag:1528602-1528006 -            199 16753at314147        -            371   1.3e-09   33.9   0.3   3   3     0.012       3.4    2.9   0.1   333   351   146   163   134   181 0.71 -
contig_13085_pilon:902-46             -            239 16753at314147        -            371   1.6e-06   23.6   1.0   1   2   2.9e-07   8.3e-05   18.0   0.2   136   175    71   109    63   122 0.85 -
contig_13085_pilon:902-46             -            239 16753at314147        -            371   1.6e-06   23.6   1.0   2   2     0.013       3.6    2.8   0.0   242   285   154   193   143   213 0.70 -
NW_025965114.1_RagTag:29739-29566     -             58 16753at314147        -            371   0.00014   17.3   0.0   1   1   5.1e-07   0.00014   17.2   0.0   229   267     5    42     2    54 0.89 -
NW_025965310.1_RagTag:498729-512410   -            308 16753at314147        -            371   0.00093   14.6   2.3   1   2   3.7e-06     0.001   14.4   0.7   152   268   130   250   122   256 0.72 -
NW_025965310.1_RagTag:498729-512410   -            308 16753at314147        -            371   0.00093   14.6   2.3   2   2   0.00033     0.094    8.0   0.2    88   172   219   296   215   303 0.70 -
NW_025965321.1_RagTag:3116636-3114253 -            522 16753at314147        -            371    0.0071   11.7   0.1   1   1   4.6e-05     0.013   10.8   0.1   132   221   175   260   147   306 0.82 -
#
# Program:         hmmsearch
# Version:         3.1b2 (February 2015)
# Pipeline mode:   SEARCH
# Query file:      /home/bgerda/guppy_SUP/busco_downloads/lineages/glires_odb10/hmms/16753at314147.hmm
# Target file:     /home/bgerda/guppy_SUP/busco_results/run_glires_odb10/metaeuk_output/rerun_results/ragtag.scaffold.fasta.modified.fas
# Option settings: hmmsearch --domtblout /home/bgerda/guppy_SUP/busco_results/run_glires_odb10/hmmer_output/rerun_results/16753at314147.out --cpu 1 /home/bgerda/guppy_SUP/busco_downloads/lineages/glires_odb10/hmms/16753at314147.hmm /home/bgerda/guppy_SUP/busco_results/run_glires_odb10/metaeuk_output/rerun_results/ragtag.scaffold.fasta.modified.fas 
# Current dir:     /home/bgerda/guppy_SUP
# Date:            Sun May 21 15:29:15 2023
# [ok]
