#                                                                                             --- full sequence --- -------------- this domain -------------   hmm coord   ali coord   env coord
# target name                         accession   tlen query name           accession   qlen   E-value  score  bias   #  of  c-Evalue  i-Evalue  score  bias  from    to  from    to  from    to  acc description of target
#                 ------------------- ---------- ----- -------------------- ---------- ----- --------- ------ ----- --- --- --------- --------- ------ ----- ----- ----- ----- ----- ----- ----- ---- ---------------------
contig_83093_pilon:417-680            -             88 17040at314147        -            409   1.3e-06   23.6   0.9   1   1   8.2e-09   1.4e-06   23.4   0.9   326   376    31    83     8    87 0.73 -
contig_5411_pilon:437-201             -             79 17040at314147        -            409   4.5e-06   21.8   0.7   1   1   2.6e-08   4.5e-06   21.8   0.7   328   376    24    74     2    78 0.75 -
NW_025965309.1_RagTag:3490785-3490423 -            121 17040at314147        -            409   5.9e-06   21.4   1.2   1   1   3.9e-08   6.8e-06   21.2   1.2   347   380    83   115    53   121 0.82 -
NW_025965314.1_RagTag:669681-667945   -            579 17040at314147        -            409   0.00013   17.0   0.6   1   1     1e-06   0.00018   16.5   0.6   328   376   526   576   492   579 0.73 -
contig_4568_pilon:1337-1579           -             81 17040at314147        -            409   0.00022   16.2   1.9   1   1   1.3e-06   0.00023   16.2   1.9   334   378     3    49     1    74 0.75 -
NW_025965319.1_RagTag:4372733-4372377 -            119 17040at314147        -            409   0.00033   15.6   4.7   1   2   1.9e-06   0.00033   15.6   4.7   333   375     3    46     1    56 0.91 -
NW_025965319.1_RagTag:4372733-4372377 -            119 17040at314147        -            409   0.00033   15.6   4.7   2   2         1   1.8e+02   -3.2   0.4   352   368   101   117    99   119 0.77 -
NW_025965316.1_RagTag:426262-426588   -            109 17040at314147        -            409    0.0063   11.5   4.9   1   1   4.2e-05    0.0074   11.2   4.9   334   375     2    45     1    58 0.83 -
contig_50121_pilon:804-1229           -            142 17040at314147        -            409    0.0073   11.2   3.7   1   1   7.2e-05     0.013   10.5   3.7   334   376     1    44     1    51 0.86 -
#
# Program:         hmmsearch
# Version:         3.1b2 (February 2015)
# Pipeline mode:   SEARCH
# Query file:      /home/bgerda/guppy_SUP/busco_downloads/lineages/glires_odb10/hmms/17040at314147.hmm
# Target file:     /home/bgerda/guppy_SUP/busco_results/run_glires_odb10/metaeuk_output/rerun_results/ragtag.scaffold.fasta.modified.fas
# Option settings: hmmsearch --domtblout /home/bgerda/guppy_SUP/busco_results/run_glires_odb10/hmmer_output/rerun_results/17040at314147.out --cpu 1 /home/bgerda/guppy_SUP/busco_downloads/lineages/glires_odb10/hmms/17040at314147.hmm /home/bgerda/guppy_SUP/busco_results/run_glires_odb10/metaeuk_output/rerun_results/ragtag.scaffold.fasta.modified.fas 
# Current dir:     /home/bgerda/guppy_SUP
# Date:            Sun May 21 15:29:14 2023
# [ok]
