#                                                                                             --- full sequence --- -------------- this domain -------------   hmm coord   ali coord   env coord
# target name                         accession   tlen query name           accession   qlen   E-value  score  bias   #  of  c-Evalue  i-Evalue  score  bias  from    to  from    to  from    to  acc description of target
#                 ------------------- ---------- ----- -------------------- ---------- ----- --------- ------ ----- --- --- --------- --------- ------ ----- ----- ----- ----- ----- ----- ----- ---- ---------------------
NW_025965188.1_RagTag:479271-479684   -            138 17503at314147        -            425   8.4e-12   41.1   0.0   1   1   5.4e-14   9.5e-12   40.9   0.0    54   160    21   136     3   138 0.86 -
NW_025965352.1_RagTag:113601-115107   -            273 17503at314147        -            425   1.1e-06   24.3   0.0   1   1   8.4e-09   1.5e-06   23.8   0.0   124   175     6    57     3    82 0.91 -
NW_025965276.1_RagTag:401916-402389   -            158 17503at314147        -            425   5.8e-06   21.9   0.2   1   1   6.3e-08   1.1e-05   20.9   0.2    50   151    12   115     4   146 0.73 -
NW_025965182.1_RagTag:1208376-1208540 -             55 17503at314147        -            425   9.3e-06   21.2   0.0   1   1   5.4e-08   9.4e-06   21.2   0.0   133   180     1    48     1    54 0.91 -
NW_025965163.1_RagTag:39467-30573     -            706 17503at314147        -            425   0.00042   15.7   0.1   1   1   3.4e-06   0.00061   15.2   0.1   111   179   423   493   408   507 0.86 -
NW_025965344.1_RagTag:44177-38824     -            169 17503at314147        -            425   0.00054   15.4   0.0   1   2   8.8e-05     0.015   10.6   0.0    50   117    56   117    32   123 0.69 -
NW_025965344.1_RagTag:44177-38824     -            169 17503at314147        -            425   0.00054   15.4   0.0   2   2     0.057        10    1.3   0.0   140   170   125   155   119   166 0.84 -
NW_025965288.1_RagTag:106193-105948   -             82 17503at314147        -            425   0.00071   15.0   0.0   1   1   7.2e-06    0.0013   14.2   0.0   136   199     8    74     5    82 0.62 -
NW_025965287.1_RagTag:1597561-1602211 -            433 17503at314147        -            425     0.011   11.1   0.2   1   1   9.2e-05     0.016   10.5   0.2   134   181   373   419   320   429 0.85 -
#
# Program:         hmmsearch
# Version:         3.1b2 (February 2015)
# Pipeline mode:   SEARCH
# Query file:      /home/bgerda/guppy_SUP/busco_downloads/lineages/glires_odb10/hmms/17503at314147.hmm
# Target file:     /home/bgerda/guppy_SUP/busco_results/run_glires_odb10/metaeuk_output/rerun_results/ragtag.scaffold.fasta.modified.fas
# Option settings: hmmsearch --domtblout /home/bgerda/guppy_SUP/busco_results/run_glires_odb10/hmmer_output/rerun_results/17503at314147.out --cpu 1 /home/bgerda/guppy_SUP/busco_downloads/lineages/glires_odb10/hmms/17503at314147.hmm /home/bgerda/guppy_SUP/busco_results/run_glires_odb10/metaeuk_output/rerun_results/ragtag.scaffold.fasta.modified.fas 
# Current dir:     /home/bgerda/guppy_SUP
# Date:            Sun May 21 15:29:12 2023
# [ok]
