#                                                                                             --- full sequence --- -------------- this domain -------------   hmm coord   ali coord   env coord
# target name                         accession   tlen query name           accession   qlen   E-value  score  bias   #  of  c-Evalue  i-Evalue  score  bias  from    to  from    to  from    to  acc description of target
#                 ------------------- ---------- ----- -------------------- ---------- ----- --------- ------ ----- --- --- --------- --------- ------ ----- ----- ----- ----- ----- ----- ----- ---- ---------------------
NW_025965287.1_RagTag:1528602-1528006 -            199 17774at314147        -            431   1.1e-25   86.7   3.5   1   3   3.4e-08   9.5e-06   21.1   0.1   261   300     1    40     1    43 0.95 -
NW_025965287.1_RagTag:1528602-1528006 -            199 17774at314147        -            431   1.1e-25   86.7   3.5   2   3   1.4e-18   3.9e-16   55.3   0.1   260   347    42   128    39   144 0.91 -
NW_025965287.1_RagTag:1528602-1528006 -            199 17774at314147        -            431   1.1e-25   86.7   3.5   3   3   4.1e-05     0.011   10.9   0.1   159   192   160   193   152   198 0.90 -
NW_025965155.1_RagTag:69793-68825     -            323 17774at314147        -            431   7.2e-10   34.7   1.7   1   3   0.00072       0.2    6.8   0.0   259   356    15   113     4   125 0.73 -
NW_025965155.1_RagTag:69793-68825     -            323 17774at314147        -            431   7.2e-10   34.7   1.7   2   3   3.4e-05    0.0095   11.2   1.2   272   333   159   219   148   225 0.77 -
NW_025965155.1_RagTag:69793-68825     -            323 17774at314147        -            431   7.2e-10   34.7   1.7   3   3   5.1e-06    0.0014   13.9   0.0   162   248   229   319   217   323 0.77 -
contig_13085_pilon:902-46             -            239 17774at314147        -            431   2.9e-09   32.6   2.6   1   2   4.6e-07   0.00013   17.3   0.7   263   345    36   116    32   121 0.88 -
contig_13085_pilon:902-46             -            239 17774at314147        -            431   2.9e-09   32.6   2.6   2   2   9.1e-06    0.0026   13.1   0.0   268   347   124   189   113   202 0.76 -
NW_025965114.1_RagTag:29739-29566     -             58 17774at314147        -            431   6.2e-05   18.4   0.0   1   1   2.3e-07   6.4e-05   18.4   0.0   259   300    11    54     3    57 0.55 -
NW_025965310.1_RagTag:498729-512410   -            308 17774at314147        -            431    0.0001   17.7   0.4   1   3    0.0014      0.39    5.9   0.1   229   291    91   150    82   190 0.78 -
NW_025965310.1_RagTag:498729-512410   -            308 17774at314147        -            431    0.0001   17.7   0.4   2   3    0.0001     0.028    9.6   0.0   171   204   218   252   195   271 0.66 -
NW_025965310.1_RagTag:498729-512410   -            308 17774at314147        -            431    0.0001   17.7   0.4   3   3   0.00011     0.031    9.5   0.0   260   291   218   250   212   297 0.69 -
#
# Program:         hmmsearch
# Version:         3.1b2 (February 2015)
# Pipeline mode:   SEARCH
# Query file:      /home/bgerda/guppy_SUP/busco_downloads/lineages/glires_odb10/hmms/17774at314147.hmm
# Target file:     /home/bgerda/guppy_SUP/busco_results/run_glires_odb10/metaeuk_output/rerun_results/ragtag.scaffold.fasta.modified.fas
# Option settings: hmmsearch --domtblout /home/bgerda/guppy_SUP/busco_results/run_glires_odb10/hmmer_output/rerun_results/17774at314147.out --cpu 1 /home/bgerda/guppy_SUP/busco_downloads/lineages/glires_odb10/hmms/17774at314147.hmm /home/bgerda/guppy_SUP/busco_results/run_glires_odb10/metaeuk_output/rerun_results/ragtag.scaffold.fasta.modified.fas 
# Current dir:     /home/bgerda/guppy_SUP
# Date:            Sun May 21 15:29:21 2023
# [ok]
