#                                                                                             --- full sequence --- -------------- this domain -------------   hmm coord   ali coord   env coord
# target name                         accession   tlen query name           accession   qlen   E-value  score  bias   #  of  c-Evalue  i-Evalue  score  bias  from    to  from    to  from    to  acc description of target
#                 ------------------- ---------- ----- -------------------- ---------- ----- --------- ------ ----- --- --- --------- --------- ------ ----- ----- ----- ----- ----- ----- ----- ---- ---------------------
NW_025965287.1_RagTag:1528602-1528006 -            199 18709at314147        -            362   1.4e-17   59.9   1.0   1   2   5.8e-12     2e-09   33.1   0.2   180   253     1    74     1   107 0.89 -
NW_025965287.1_RagTag:1528602-1528006 -            199 18709at314147        -            362   1.4e-17   59.9   1.0   2   2   1.2e-11   4.2e-09   32.0   0.1   131   243    68   194    66   198 0.78 -
contig_13085_pilon:902-46             -            239 18709at314147        -            362   7.3e-13   44.4   0.8   1   3     0.013       4.4    2.4   0.0   220   251    36    63    25    65 0.75 -
contig_13085_pilon:902-46             -            239 18709at314147        -            362   7.3e-13   44.4   0.8   2   3   5.6e-14     2e-11   39.7   0.2   159   259    55   156    45   165 0.85 -
contig_13085_pilon:902-46             -            239 18709at314147        -            362   7.3e-13   44.4   0.8   3   3    0.0065       2.3    3.3   0.0    26    61   156   191   149   207 0.76 -
NW_025965155.1_RagTag:69793-68825     -            323 18709at314147        -            362     1e-05   20.9   0.4   1   3    0.0017       0.6    5.2   0.0   184   252    21    92    12   123 0.75 -
NW_025965155.1_RagTag:69793-68825     -            323 18709at314147        -            362     1e-05   20.9   0.4   2   3   7.3e-05     0.026    9.7   0.0   182   252   109   178    95   188 0.84 -
NW_025965155.1_RagTag:69793-68825     -            323 18709at314147        -            362     1e-05   20.9   0.4   3   3   0.00014     0.048    8.8   0.1   258   343   131   220   130   236 0.72 -
NW_025965114.1_RagTag:29739-29566     -             58 18709at314147        -            362   0.00047   15.4   0.0   1   1   1.4e-06   0.00048   15.4   0.0   217   253     8    44     2    53 0.81 -
#
# Program:         hmmsearch
# Version:         3.1b2 (February 2015)
# Pipeline mode:   SEARCH
# Query file:      /home/bgerda/guppy_SUP/busco_downloads/lineages/glires_odb10/hmms/18709at314147.hmm
# Target file:     /home/bgerda/guppy_SUP/busco_results/run_glires_odb10/metaeuk_output/rerun_results/ragtag.scaffold.fasta.modified.fas
# Option settings: hmmsearch --domtblout /home/bgerda/guppy_SUP/busco_results/run_glires_odb10/hmmer_output/rerun_results/18709at314147.out --cpu 1 /home/bgerda/guppy_SUP/busco_downloads/lineages/glires_odb10/hmms/18709at314147.hmm /home/bgerda/guppy_SUP/busco_results/run_glires_odb10/metaeuk_output/rerun_results/ragtag.scaffold.fasta.modified.fas 
# Current dir:     /home/bgerda/guppy_SUP
# Date:            Sun May 21 15:29:09 2023
# [ok]
