#                                                                                             --- full sequence --- -------------- this domain -------------   hmm coord   ali coord   env coord
# target name                         accession   tlen query name           accession   qlen   E-value  score  bias   #  of  c-Evalue  i-Evalue  score  bias  from    to  from    to  from    to  acc description of target
#                 ------------------- ---------- ----- -------------------- ---------- ----- --------- ------ ----- --- --- --------- --------- ------ ----- ----- ----- ----- ----- ----- ----- ---- ---------------------
NW_025965287.1_RagTag:1528602-1528006 -            199 19050at314147        -            409   2.3e-32  108.5   0.3   1   1   1.3e-34     3e-32  108.2   0.3   112   285     7   184     1   198 0.88 -
contig_13085_pilon:902-46             -            239 19050at314147        -            409   5.9e-23   77.5   0.4   1   2   9.4e-20   2.2e-17   59.2   0.1   146   260    36   145    11   151 0.82 -
contig_13085_pilon:902-46             -            239 19050at314147        -            409   5.9e-23   77.5   0.4   2   2   1.4e-07   3.3e-05   19.1   0.0   182   278   140   237   137   239 0.77 -
NW_025965310.1_RagTag:498729-512410   -            308 19050at314147        -            409   3.7e-09   32.1   0.7   1   2     5e-07   0.00012   17.3   0.0   124   213    96   187    71   201 0.80 -
NW_025965310.1_RagTag:498729-512410   -            308 19050at314147        -            409   3.7e-09   32.1   0.7   2   2   8.1e-06    0.0019   13.3   0.3   104   179   217   297   200   305 0.75 -
NW_025965114.1_RagTag:29739-29566     -             58 19050at314147        -            409   9.6e-07   24.1   0.0   1   1   4.3e-09     1e-06   24.1   0.0   143   179     8    44     3    57 0.86 -
NW_025965321.1_RagTag:3116636-3114253 -            522 19050at314147        -            409   6.8e-05   18.1   0.1   1   1   5.4e-07   0.00013   17.2   0.1   142   262   178   303   166   308 0.83 -
NW_025965155.1_RagTag:69793-68825     -            323 19050at314147        -            409    0.0045   12.1   0.1   1   2      0.04       9.3    1.1   0.0   153   225    22    97     6   147 0.57 -
NW_025965155.1_RagTag:69793-68825     -            323 19050at314147        -            409    0.0045   12.1   0.1   2   2   0.00022     0.052    8.6   0.0   340   406   152   219   119   224 0.82 -
#
# Program:         hmmsearch
# Version:         3.1b2 (February 2015)
# Pipeline mode:   SEARCH
# Query file:      /home/bgerda/guppy_SUP/busco_downloads/lineages/glires_odb10/hmms/19050at314147.hmm
# Target file:     /home/bgerda/guppy_SUP/busco_results/run_glires_odb10/metaeuk_output/rerun_results/ragtag.scaffold.fasta.modified.fas
# Option settings: hmmsearch --domtblout /home/bgerda/guppy_SUP/busco_results/run_glires_odb10/hmmer_output/rerun_results/19050at314147.out --cpu 1 /home/bgerda/guppy_SUP/busco_downloads/lineages/glires_odb10/hmms/19050at314147.hmm /home/bgerda/guppy_SUP/busco_results/run_glires_odb10/metaeuk_output/rerun_results/ragtag.scaffold.fasta.modified.fas 
# Current dir:     /home/bgerda/guppy_SUP
# Date:            Sun May 21 15:29:18 2023
# [ok]
