#                                                                                             --- full sequence --- -------------- this domain -------------   hmm coord   ali coord   env coord
# target name                         accession   tlen query name           accession   qlen   E-value  score  bias   #  of  c-Evalue  i-Evalue  score  bias  from    to  from    to  from    to  acc description of target
#                 ------------------- ---------- ----- -------------------- ---------- ----- --------- ------ ----- --- --- --------- --------- ------ ----- ----- ----- ----- ----- ----- ----- ---- ---------------------
NW_025965287.1_RagTag:1528602-1528006 -            199 19079at314147        -            372     1e-08   30.9   0.4   1   3   1.4e-06    0.0005   15.5   0.0   179   251     1    72     1    75 0.87 -
NW_025965287.1_RagTag:1528602-1528006 -            199 19079at314147        -            372     1e-08   30.9   0.4   2   3   0.00013     0.047    9.0   0.0    35   105    64   133    59   149 0.82 -
NW_025965287.1_RagTag:1528602-1528006 -            199 19079at314147        -            372     1e-08   30.9   0.4   3   3    0.0004      0.14    7.4   0.0   195   234   147   183   142   194 0.77 -
NW_025965114.1_RagTag:29739-29566     -             58 19079at314147        -            372   0.00089   14.7   0.0   1   1   2.7e-06   0.00096   14.5   0.0   219   251    10    42     5    50 0.90 -
NW_025965321.1_RagTag:3116636-3114253 -            522 19079at314147        -            372    0.0064   11.8   3.1   1   3   0.00027     0.094    8.0   0.3   176   253   181   262   175   268 0.75 -
NW_025965321.1_RagTag:3116636-3114253 -            522 19079at314147        -            372    0.0064   11.8   3.1   2   3    0.0046       1.6    3.9   0.3   174   213   267   307   261   354 0.90 -
NW_025965321.1_RagTag:3116636-3114253 -            522 19079at314147        -            372    0.0064   11.8   3.1   3   3      0.44   1.6e+02   -2.6   0.0   215   248   403   438   400   444 0.77 -
NW_025965375.1_RagTag:158111-157530   -            194 19079at314147        -            372       1.1    4.5  17.1   1   5   0.00023      0.08    8.2   3.1   267   309     6    49     3    70 0.81 -
NW_025965375.1_RagTag:158111-157530   -            194 19079at314147        -            372       1.1    4.5  17.1   2   5      0.02       7.2    1.8   0.7   268   305    63   101    52   106 0.56 -
NW_025965375.1_RagTag:158111-157530   -            194 19079at314147        -            372       1.1    4.5  17.1   3   5     0.012       4.4    2.5   1.1   267   306    90   130    77   139 0.75 -
NW_025965375.1_RagTag:158111-157530   -            194 19079at314147        -            372       1.1    4.5  17.1   4   5     0.033        12    1.1   1.2   268   305   119   157   115   166 0.74 -
NW_025965375.1_RagTag:158111-157530   -            194 19079at314147        -            372       1.1    4.5  17.1   5   5     0.057        20    0.3   0.3   267   300   146   180   132   188 0.52 -
#
# Program:         hmmsearch
# Version:         3.1b2 (February 2015)
# Pipeline mode:   SEARCH
# Query file:      /home/bgerda/guppy_SUP/busco_downloads/lineages/glires_odb10/hmms/19079at314147.hmm
# Target file:     /home/bgerda/guppy_SUP/busco_results/run_glires_odb10/metaeuk_output/rerun_results/ragtag.scaffold.fasta.modified.fas
# Option settings: hmmsearch --domtblout /home/bgerda/guppy_SUP/busco_results/run_glires_odb10/hmmer_output/rerun_results/19079at314147.out --cpu 1 /home/bgerda/guppy_SUP/busco_downloads/lineages/glires_odb10/hmms/19079at314147.hmm /home/bgerda/guppy_SUP/busco_results/run_glires_odb10/metaeuk_output/rerun_results/ragtag.scaffold.fasta.modified.fas 
# Current dir:     /home/bgerda/guppy_SUP
# Date:            Sun May 21 15:29:20 2023
# [ok]
