#                                                                                             --- full sequence --- -------------- this domain -------------   hmm coord   ali coord   env coord
# target name                         accession   tlen query name           accession   qlen   E-value  score  bias   #  of  c-Evalue  i-Evalue  score  bias  from    to  from    to  from    to  acc description of target
#                 ------------------- ---------- ----- -------------------- ---------- ----- --------- ------ ----- --- --- --------- --------- ------ ----- ----- ----- ----- ----- ----- ----- ---- ---------------------
NW_025965318.1_RagTag:919384-924781   -            276 19357at314147        -            377   6.8e-13   44.8  19.6   1   3     1e-06   0.00029   16.4   8.6    89   137   107   156   102   163 0.90 -
NW_025965318.1_RagTag:919384-924781   -            276 19357at314147        -            377   6.8e-13   44.8  19.6   2   3   6.7e-06    0.0019   13.7   0.3    44    98   157   215   154   217 0.83 -
NW_025965318.1_RagTag:919384-924781   -            276 19357at314147        -            377   6.8e-13   44.8  19.6   3   3     1e-08   2.8e-06   23.0   0.7    43    99   216   276   215   276 0.88 -
NW_025965314.1_RagTag:2004116-2007059 -            259 19357at314147        -            377   1.7e-08   30.4   3.4   1   2   3.7e-08   1.1e-05   21.1   0.2    45   108    18    82     7    91 0.79 -
NW_025965314.1_RagTag:2004116-2007059 -            259 19357at314147        -            377   1.7e-08   30.4   3.4   2   2   8.4e-05     0.024   10.1   0.3    35    99   149   215   134   225 0.76 -
NW_025965324.1_RagTag:2614947-2595004 -            377 19357at314147        -            377     2e-07   26.8  27.9   1   2   3.6e-06     0.001   14.6  19.0   139   218    52   126     3   128 0.69 -
NW_025965324.1_RagTag:2614947-2595004 -            377 19357at314147        -            377     2e-07   26.8  27.9   2   2   3.1e-08   8.7e-06   21.4  24.6    90   213    39   162    33   168 0.81 -
NW_025965163.1_RagTag:43448-47727     -            498 19357at314147        -            377    0.0033   12.9   0.1   1   1   2.2e-05    0.0062   12.0   0.1    45   101     8    65     2    80 0.85 -
NW_025965321.1_RagTag:3127613-3129709 -            699 19357at314147        -            377     0.019   10.4   0.1   1   2   0.00044      0.12    7.7   0.0   290   342   142   191   124   199 0.79 -
NW_025965321.1_RagTag:3127613-3129709 -            699 19357at314147        -            377     0.019   10.4   0.1   2   2      0.12        35   -0.3   0.1   300   327   361   388   352   399 0.83 -
#
# Program:         hmmsearch
# Version:         3.1b2 (February 2015)
# Pipeline mode:   SEARCH
# Query file:      /home/bgerda/guppy_SUP/busco_downloads/lineages/glires_odb10/hmms/19357at314147.hmm
# Target file:     /home/bgerda/guppy_SUP/busco_results/run_glires_odb10/metaeuk_output/rerun_results/ragtag.scaffold.fasta.modified.fas
# Option settings: hmmsearch --domtblout /home/bgerda/guppy_SUP/busco_results/run_glires_odb10/hmmer_output/rerun_results/19357at314147.out --cpu 1 /home/bgerda/guppy_SUP/busco_downloads/lineages/glires_odb10/hmms/19357at314147.hmm /home/bgerda/guppy_SUP/busco_results/run_glires_odb10/metaeuk_output/rerun_results/ragtag.scaffold.fasta.modified.fas 
# Current dir:     /home/bgerda/guppy_SUP
# Date:            Sun May 21 15:29:16 2023
# [ok]
