#                                                                                             --- full sequence --- -------------- this domain -------------   hmm coord   ali coord   env coord
# target name                         accession   tlen query name           accession   qlen   E-value  score  bias   #  of  c-Evalue  i-Evalue  score  bias  from    to  from    to  from    to  acc description of target
#                 ------------------- ---------- ----- -------------------- ---------- ----- --------- ------ ----- --- --- --------- --------- ------ ----- ----- ----- ----- ----- ----- ----- ---- ---------------------
NW_025965304.1_RagTag:548807-549493   -            139 19483at314147        -            415   1.8e-22   76.1  14.2   1   2   5.9e-18   2.1e-15   52.8   4.5   183   257     1    77     1    80 0.90 -
NW_025965304.1_RagTag:548807-549493   -            139 19483at314147        -            415   1.8e-22   76.1  14.2   2   2   1.1e-10     4e-08   28.8   4.4   192   235    75   118    68   133 0.63 -
NW_025965324.1_RagTag:2609398-2601381 -            228 19483at314147        -            415   2.4e-09   32.8  44.8   1   4   2.9e-06     0.001   14.3   6.0   249   278    27    57    16    63 0.84 -
NW_025965324.1_RagTag:2609398-2601381 -            228 19483at314147        -            415   2.4e-09   32.8  44.8   2   4   0.00028       0.1    7.7   7.7   248   279    67    98    56   104 0.88 -
NW_025965324.1_RagTag:2609398-2601381 -            228 19483at314147        -            415   2.4e-09   32.8  44.8   3   4   0.00031      0.11    7.6   1.6   249   278   109   139   102   146 0.81 -
NW_025965324.1_RagTag:2609398-2601381 -            228 19483at314147        -            415   2.4e-09   32.8  44.8   4   4   7.1e-08   2.5e-05   19.6   8.6   244   281   148   185   141   190 0.92 -
NW_025965324.1_RagTag:2614947-2595004 -            377 19483at314147        -            415   3.3e-05   19.2  29.4   1   2   3.9e-07   0.00014   17.2   6.0   246   281     2    37     1    42 0.93 -
NW_025965324.1_RagTag:2614947-2595004 -            377 19483at314147        -            415   3.3e-05   19.2  29.4   2   2   0.00027     0.096    7.8  16.0   247   289    42    86    36   140 0.76 -
NW_025965259.1_RagTag:106045-105034   -            229 19483at314147        -            415   0.00081   14.6  20.7   1   2   7.6e-06    0.0027   12.9   7.6   242   282    78   117    70   127 0.82 -
NW_025965259.1_RagTag:106045-105034   -            229 19483at314147        -            415   0.00081   14.6  20.7   2   2   0.00053      0.19    6.8   6.0   255   280   139   164   122   168 0.76 -
#
# Program:         hmmsearch
# Version:         3.1b2 (February 2015)
# Pipeline mode:   SEARCH
# Query file:      /home/bgerda/guppy_SUP/busco_downloads/lineages/glires_odb10/hmms/19483at314147.hmm
# Target file:     /home/bgerda/guppy_SUP/busco_results/run_glires_odb10/metaeuk_output/rerun_results/ragtag.scaffold.fasta.modified.fas
# Option settings: hmmsearch --domtblout /home/bgerda/guppy_SUP/busco_results/run_glires_odb10/hmmer_output/rerun_results/19483at314147.out --cpu 1 /home/bgerda/guppy_SUP/busco_downloads/lineages/glires_odb10/hmms/19483at314147.hmm /home/bgerda/guppy_SUP/busco_results/run_glires_odb10/metaeuk_output/rerun_results/ragtag.scaffold.fasta.modified.fas 
# Current dir:     /home/bgerda/guppy_SUP
# Date:            Sun May 21 15:29:11 2023
# [ok]
