#                                                                                             --- full sequence --- -------------- this domain -------------   hmm coord   ali coord   env coord
# target name                         accession   tlen query name           accession   qlen   E-value  score  bias   #  of  c-Evalue  i-Evalue  score  bias  from    to  from    to  from    to  acc description of target
#                 ------------------- ---------- ----- -------------------- ---------- ----- --------- ------ ----- --- --- --------- --------- ------ ----- ----- ----- ----- ----- ----- ----- ---- ---------------------
NW_025965319.1_RagTag:190315-191133   -            273 20409at314147        -            341   1.7e-08   30.6  18.4   1   1   2.7e-09   3.8e-07   26.1  18.4    43   285     4   273     1   273 0.70 -
NW_025965314.1_RagTag:120014-121839   -            303 20409at314147        -            341   8.7e-08   28.3  17.6   1   1   6.9e-09   9.7e-07   24.8  17.6    37   244    14   257     6   300 0.70 -
NW_025965278.1_RagTag:272984-272433   -            184 20409at314147        -            341   1.1e-06   24.6   4.1   1   1   1.9e-08   2.7e-06   23.4   4.0   169   295    65   182    51   184 0.75 -
NW_025965108.1_RagTag:146437-147393   -            319 20409at314147        -            341   2.8e-05   20.0   0.3   1   2      0.18        25    0.4   0.3    41   110    22   102    12   123 0.62 -
NW_025965108.1_RagTag:146437-147393   -            319 20409at314147        -            341   2.8e-05   20.0   0.3   2   2     2e-07   2.8e-05   20.0   0.3   220   291   232   302   177   314 0.86 -
NW_025965277.1_RagTag:1826576-1826301 -             92 20409at314147        -            341   0.00013   17.9   4.5   1   1   1.6e-06   0.00023   17.0   4.5    43   124     4    86     2    91 0.75 -
NW_025965151.1_RagTag:195795-193827   -            195 20409at314147        -            341    0.0003   16.6   7.0   1   1   2.5e-06   0.00035   16.4   7.0   127   261    37   176    11   187 0.80 -
NW_025965148.1_RagTag:252022-250949   -            288 20409at314147        -            341   0.00038   16.3   3.5   1   1   2.7e-06   0.00038   16.3   3.5    17    97    30   110    14   152 0.76 -
NW_025965161.1_RagTag:422252-421546   -            235 20409at314147        -            341   0.00059   15.7   8.7   1   1     2e-05    0.0028   13.5   8.7    37   124    41   130    34   235 0.83 -
NW_025965209.1_RagTag:637992-638492   -            167 20409at314147        -            341    0.0011   14.8  12.2   1   1   2.8e-05    0.0039   13.0  12.2   172   307    35   163    14   167 0.65 -
NW_025965266.1_RagTag:245866-244338   -            282 20409at314147        -            341    0.0019   14.0  10.7   1   1   8.2e-05     0.012   11.4  10.7    30   121    42   139    26   244 0.64 -
#
# Program:         hmmsearch
# Version:         3.1b2 (February 2015)
# Pipeline mode:   SEARCH
# Query file:      /home/bgerda/guppy_SUP/busco_downloads/lineages/glires_odb10/hmms/20409at314147.hmm
# Target file:     /home/bgerda/guppy_SUP/busco_results/run_glires_odb10/metaeuk_output/rerun_results/ragtag.scaffold.fasta.modified.fas
# Option settings: hmmsearch --domtblout /home/bgerda/guppy_SUP/busco_results/run_glires_odb10/hmmer_output/rerun_results/20409at314147.out --cpu 1 /home/bgerda/guppy_SUP/busco_downloads/lineages/glires_odb10/hmms/20409at314147.hmm /home/bgerda/guppy_SUP/busco_results/run_glires_odb10/metaeuk_output/rerun_results/ragtag.scaffold.fasta.modified.fas 
# Current dir:     /home/bgerda/guppy_SUP
# Date:            Sun May 21 15:29:13 2023
# [ok]
