#                                                                                             --- full sequence --- -------------- this domain -------------   hmm coord   ali coord   env coord
# target name                         accession   tlen query name           accession   qlen   E-value  score  bias   #  of  c-Evalue  i-Evalue  score  bias  from    to  from    to  from    to  acc description of target
#                 ------------------- ---------- ----- -------------------- ---------- ----- --------- ------ ----- --- --- --------- --------- ------ ----- ----- ----- ----- ----- ----- ----- ---- ---------------------
NW_025965287.1_RagTag:1528602-1528006 -            199 2086at314147         -           1146   5.2e-19   63.8   2.3   1   2   3.5e-14   9.9e-12   39.7   0.3   495   580     1    85     1    89 0.90 -
NW_025965287.1_RagTag:1528602-1528006 -            199 2086at314147         -           1146   5.2e-19   63.8   2.3   2   2   1.4e-09   3.9e-07   24.5   0.1   499   596    90   189    87   199 0.86 -
contig_13085_pilon:902-46             -            239 2086at314147         -           1146   1.1e-11   39.6   1.9   1   2   2.1e-11   5.8e-09   30.5   0.4   501   593    40   131    32   146 0.82 -
contig_13085_pilon:902-46             -            239 2086at314147         -           1146   1.1e-11   39.6   1.9   2   2   8.6e-05     0.024    8.6   0.1   342   410   156   224   152   234 0.85 -
NW_025965321.1_RagTag:3116636-3114253 -            522 2086at314147         -           1146   3.8e-10   34.4   0.4   1   2   9.2e-10   2.6e-07   25.1   0.3   466   613   150   305   123   320 0.79 -
NW_025965321.1_RagTag:3116636-3114253 -            522 2086at314147         -           1146   3.8e-10   34.4   0.4   2   2   0.00019     0.052    7.5   0.0   318   391   341   423   313   438 0.76 -
NW_025965310.1_RagTag:498729-512410   -            308 2086at314147         -           1146   2.1e-07   25.3   1.1   1   3   0.00013     0.036    8.0   0.0   440   526    63   150    48   160 0.79 -
NW_025965310.1_RagTag:498729-512410   -            308 2086at314147         -           1146   2.1e-07   25.3   1.1   2   3    0.0017      0.49    4.3   0.1   465   526   134   199   131   209 0.79 -
NW_025965310.1_RagTag:498729-512410   -            308 2086at314147         -           1146   2.1e-07   25.3   1.1   3   3   2.2e-06   0.00061   13.9   0.3   328   406   212   293   202   302 0.78 -
NW_025965114.1_RagTag:29739-29566     -             58 2086at314147         -           1146   0.00029   15.0   0.1   1   1     1e-06   0.00029   15.0   0.1   577   610    10    42     2    51 0.81 -
#
# Program:         hmmsearch
# Version:         3.1b2 (February 2015)
# Pipeline mode:   SEARCH
# Query file:      /home/bgerda/guppy_SUP/busco_downloads/lineages/glires_odb10/hmms/2086at314147.hmm
# Target file:     /home/bgerda/guppy_SUP/busco_results/run_glires_odb10/metaeuk_output/rerun_results/ragtag.scaffold.fasta.modified.fas
# Option settings: hmmsearch --domtblout /home/bgerda/guppy_SUP/busco_results/run_glires_odb10/hmmer_output/rerun_results/2086at314147.out --cpu 1 /home/bgerda/guppy_SUP/busco_downloads/lineages/glires_odb10/hmms/2086at314147.hmm /home/bgerda/guppy_SUP/busco_results/run_glires_odb10/metaeuk_output/rerun_results/ragtag.scaffold.fasta.modified.fas 
# Current dir:     /home/bgerda/guppy_SUP
# Date:            Sun May 21 15:29:12 2023
# [ok]
