#                                                                                             --- full sequence --- -------------- this domain -------------   hmm coord   ali coord   env coord
# target name                         accession   tlen query name           accession   qlen   E-value  score  bias   #  of  c-Evalue  i-Evalue  score  bias  from    to  from    to  from    to  acc description of target
#                 ------------------- ---------- ----- -------------------- ---------- ----- --------- ------ ----- --- --- --------- --------- ------ ----- ----- ----- ----- ----- ----- ----- ---- ---------------------
NW_025965075.1_RagTag:19329-24571     -            378 21015at314147        -            354   6.4e-20   67.7   0.2   1   1   6.3e-22   9.8e-20   67.0   0.2   270   345   291   368   278   375 0.89 -
contig_5411_pilon:437-201             -             79 21015at314147        -            354   9.1e-19   63.9   0.5   1   1   6.3e-21   9.9e-19   63.7   0.5   272   344     3    72     1    77 0.90 -
contig_83093_pilon:417-680            -             88 21015at314147        -            354   2.8e-17   59.0   0.6   1   1   2.1e-19   3.3e-17   58.7   0.6   273   344    13    81     7    86 0.87 -
NW_025965314.1_RagTag:669681-667945   -            579 21015at314147        -            354   1.9e-16   56.2   0.2   1   1   2.8e-18   4.4e-16   55.0   0.2   273   344   506   574   488   578 0.89 -
NW_025965308.1_RagTag:1044641-945532  -             70 21015at314147        -            354   2.6e-10   36.0   1.2   1   1   1.9e-12   2.9e-10   35.9   1.2   301   343     6    48     1    52 0.94 -
NW_025965309.1_RagTag:3490785-3490423 -            121 21015at314147        -            354   0.00022   16.5   0.6   1   1     2e-06   0.00031   16.1   0.6   302   345    63   110    52   115 0.73 -
NW_025965322.1_RagTag:1301223-1302032 -            270 21015at314147        -            354    0.0015   13.8   0.3   1   1   1.8e-05    0.0028   12.9   0.3   300   338     8    43     1    52 0.81 -
NW_025965316.1_RagTag:426262-426588   -            109 21015at314147        -            354    0.0016   13.8   5.8   1   1   1.3e-05     0.002   13.4   5.8   302   344     2    44     1    51 0.89 -
NW_025965118.1_RagTag:431038-433188   -            717 21015at314147        -            354     0.022   10.0   3.8   1   1   0.00023     0.036    9.3   3.8   302   344     4    44     1    52 0.84 -
#
# Program:         hmmsearch
# Version:         3.1b2 (February 2015)
# Pipeline mode:   SEARCH
# Query file:      /home/bgerda/guppy_SUP/busco_downloads/lineages/glires_odb10/hmms/21015at314147.hmm
# Target file:     /home/bgerda/guppy_SUP/busco_results/run_glires_odb10/metaeuk_output/rerun_results/ragtag.scaffold.fasta.modified.fas
# Option settings: hmmsearch --domtblout /home/bgerda/guppy_SUP/busco_results/run_glires_odb10/hmmer_output/rerun_results/21015at314147.out --cpu 1 /home/bgerda/guppy_SUP/busco_downloads/lineages/glires_odb10/hmms/21015at314147.hmm /home/bgerda/guppy_SUP/busco_results/run_glires_odb10/metaeuk_output/rerun_results/ragtag.scaffold.fasta.modified.fas 
# Current dir:     /home/bgerda/guppy_SUP
# Date:            Sun May 21 15:29:18 2023
# [ok]
