#                                                                                             --- full sequence --- -------------- this domain -------------   hmm coord   ali coord   env coord
# target name                         accession   tlen query name           accession   qlen   E-value  score  bias   #  of  c-Evalue  i-Evalue  score  bias  from    to  from    to  from    to  acc description of target
#                 ------------------- ---------- ----- -------------------- ---------- ----- --------- ------ ----- --- --- --------- --------- ------ ----- ----- ----- ----- ----- ----- ----- ---- ---------------------
NW_025965272.1_RagTag:161174-162205   -            205 22652at314147        -            477   1.4e-08   30.3   0.1   1   2      0.28        44   -1.0   0.8   325   352    63    90    37    98 0.72 -
NW_025965272.1_RagTag:161174-162205   -            205 22652at314147        -            477   1.4e-08   30.3   0.1   2   2   9.2e-11   1.4e-08   30.3   0.1   131   172   159   204    96   205 0.76 -
NW_025965309.1_RagTag:3399239-3398628 -            204 22652at314147        -            477   2.6e-07   26.1   0.0   1   1   2.1e-09   3.3e-07   25.8   0.0   233   306    65   140    51   179 0.81 -
NW_025965324.1_RagTag:3058918-3059127 -             70 22652at314147        -            477   5.7e-06   21.7   0.9   1   1   4.1e-08   6.3e-06   21.6   0.9   234   297     3    65     1    68 0.89 -
NW_025965159.1_RagTag:437244-436957   -             96 22652at314147        -            477   2.7e-05   19.5   0.0   1   1   1.7e-07   2.7e-05   19.5   0.0   242   295     4    57     1    90 0.83 -
NW_025965324.1_RagTag:3071272-3072113 -            184 22652at314147        -            477     6e-05   18.4   0.1   1   1   5.2e-07   8.1e-05   17.9   0.1   242   296    89   143    80   178 0.88 -
NW_025965275.1_RagTag:451305-451114   -             64 22652at314147        -            477   8.5e-05   17.9   2.0   1   1   5.4e-07   8.5e-05   17.9   2.0   239   297     5    63     1    64 0.83 -
NW_025965177.1_RagTag:240898-240590   -            103 22652at314147        -            477   0.00021   16.6   0.5   1   1   1.4e-06   0.00021   16.6   0.5   235   292    46   103    36   103 0.93 -
NW_025965218.1_RagTag:1407529-1405062 -            220 22652at314147        -            477   0.00034   15.9   0.1   1   1   2.6e-06   0.00041   15.6   0.1   235   295    83   143    66   175 0.88 -
NW_025965228.1_RagTag:17255-16782     -             74 22652at314147        -            477     0.007   11.6   1.2   1   1   5.2e-05    0.0081   11.3   1.2   237   294    12    69     5    73 0.76 -
#
# Program:         hmmsearch
# Version:         3.1b2 (February 2015)
# Pipeline mode:   SEARCH
# Query file:      /home/bgerda/guppy_SUP/busco_downloads/lineages/glires_odb10/hmms/22652at314147.hmm
# Target file:     /home/bgerda/guppy_SUP/busco_results/run_glires_odb10/metaeuk_output/rerun_results/ragtag.scaffold.fasta.modified.fas
# Option settings: hmmsearch --domtblout /home/bgerda/guppy_SUP/busco_results/run_glires_odb10/hmmer_output/rerun_results/22652at314147.out --cpu 1 /home/bgerda/guppy_SUP/busco_downloads/lineages/glires_odb10/hmms/22652at314147.hmm /home/bgerda/guppy_SUP/busco_results/run_glires_odb10/metaeuk_output/rerun_results/ragtag.scaffold.fasta.modified.fas 
# Current dir:     /home/bgerda/guppy_SUP
# Date:            Sun May 21 15:29:11 2023
# [ok]
