#                                                                                             --- full sequence --- -------------- this domain -------------   hmm coord   ali coord   env coord
# target name                         accession   tlen query name           accession   qlen   E-value  score  bias   #  of  c-Evalue  i-Evalue  score  bias  from    to  from    to  from    to  acc description of target
#                 ------------------- ---------- ----- -------------------- ---------- ----- --------- ------ ----- --- --- --------- --------- ------ ----- ----- ----- ----- ----- ----- ----- ---- ---------------------
NW_025965314.1_RagTag:624247-623562   -            157 22761at314147        -            382   7.1e-10   34.6   1.1   1   1   6.3e-12   8.9e-10   34.3   1.1     8    83     8    83     3   111 0.91 -
contig_83093_pilon:417-680            -             88 22761at314147        -            382     3e-07   26.0   0.4   1   1   2.3e-09   3.2e-07   25.9   0.4    12    63    30    83    19    87 0.79 -
NW_025965319.1_RagTag:4372733-4372377 -            119 22761at314147        -            382     5e-07   25.2   0.5   1   1   4.3e-09     6e-07   25.0   0.5    19    81     2    65     1    76 0.90 -
contig_4568_pilon:1337-1579           -             81 22761at314147        -            382   5.7e-06   21.7   1.6   1   1   4.4e-08   6.2e-06   21.6   1.6    19    84     1    65     1    78 0.76 -
contig_5411_pilon:437-201             -             79 22761at314147        -            382   9.7e-06   21.0   0.3   1   1   7.2e-08     1e-05   20.9   0.3    15    63    24    74    10    78 0.77 -
contig_50121_pilon:804-1229           -            142 22761at314147        -            382   2.2e-05   19.8   1.2   1   1   1.6e-07   2.3e-05   19.8   0.7    23    82     3    63     1    80 0.78 -
NW_025965316.1_RagTag:426262-426588   -            109 22761at314147        -            382   8.4e-05   17.9   1.0   1   1   6.6e-07   9.4e-05   17.8   1.0    21    74     2    59     1    76 0.72 -
NW_025965309.1_RagTag:3490785-3490423 -            121 22761at314147        -            382   0.00028   16.2   3.2   1   1     2e-06   0.00028   16.2   3.2    20    61    62   109    58   116 0.75 -
NW_025965314.1_RagTag:669681-667945   -            579 22761at314147        -            382   0.00042   15.6   0.4   1   1   4.4e-06   0.00062   15.1   0.4    16    63   527   576   513   579 0.77 -
NW_025965075.1_RagTag:69361-62353     -            353 22761at314147        -            382   0.00072   14.8   2.9   1   1   7.8e-06    0.0011   14.2   2.9    13    57    43    86    34   121 0.87 -
#
# Program:         hmmsearch
# Version:         3.1b2 (February 2015)
# Pipeline mode:   SEARCH
# Query file:      /home/bgerda/guppy_SUP/busco_downloads/lineages/glires_odb10/hmms/22761at314147.hmm
# Target file:     /home/bgerda/guppy_SUP/busco_results/run_glires_odb10/metaeuk_output/rerun_results/ragtag.scaffold.fasta.modified.fas
# Option settings: hmmsearch --domtblout /home/bgerda/guppy_SUP/busco_results/run_glires_odb10/hmmer_output/rerun_results/22761at314147.out --cpu 1 /home/bgerda/guppy_SUP/busco_downloads/lineages/glires_odb10/hmms/22761at314147.hmm /home/bgerda/guppy_SUP/busco_results/run_glires_odb10/metaeuk_output/rerun_results/ragtag.scaffold.fasta.modified.fas 
# Current dir:     /home/bgerda/guppy_SUP
# Date:            Sun May 21 15:29:19 2023
# [ok]
