#                                                                                             --- full sequence --- -------------- this domain -------------   hmm coord   ali coord   env coord
# target name                         accession   tlen query name           accession   qlen   E-value  score  bias   #  of  c-Evalue  i-Evalue  score  bias  from    to  from    to  from    to  acc description of target
#                 ------------------- ---------- ----- -------------------- ---------- ----- --------- ------ ----- --- --- --------- --------- ------ ----- ----- ----- ----- ----- ----- ----- ---- ---------------------
NW_025965272.1_RagTag:161174-162205   -            205 23224at314147        -            369   2.1e-09   33.1   0.2   1   2       1.9   3.8e+02   -3.9   1.3   309   332    64    87    57    96 0.71 -
NW_025965272.1_RagTag:161174-162205   -            205 23224at314147        -            369   2.1e-09   33.1   0.2   2   2     1e-11   2.1e-09   33.1   0.2   128   174   157   204   102   205 0.77 -
NW_025965309.1_RagTag:3399239-3398628 -            204 23224at314147        -            369   0.00019   16.8   0.0   1   1   1.3e-06   0.00025   16.4   0.0   214   282    57   128    48   156 0.76 -
NW_025965159.1_RagTag:437244-436957   -             96 23224at314147        -            369   0.00021   16.6   0.0   1   1   1.1e-06   0.00023   16.5   0.0   246   281    22    57     1    69 0.82 -
NW_025965228.1_RagTag:17255-16782     -             74 23224at314147        -            369    0.0017   13.6   0.4   1   1   9.1e-06    0.0018   13.5   0.4   223   280     9    69     1    73 0.77 -
NW_025965218.1_RagTag:1407529-1405062 -            220 23224at314147        -            369    0.0025   13.1   0.2   1   1   1.6e-05    0.0032   12.8   0.2   240   282   102   144    63   156 0.74 -
NW_025965177.1_RagTag:240898-240590   -            103 23224at314147        -            369    0.0066   11.7   0.1   1   1   3.9e-05    0.0078   11.5   0.1   226   278    48   103    38   103 0.78 -
NW_025965324.1_RagTag:3071272-3072113 -            184 23224at314147        -            369     0.047    8.9   8.1   1   2     0.008       1.6    3.8   1.3   316   341    36    61    26    80 0.84 -
NW_025965324.1_RagTag:3071272-3072113 -            184 23224at314147        -            369     0.047    8.9   8.1   2   2   0.00016     0.033    9.4   0.8   256   281   117   142    62   157 0.76 -
#
# Program:         hmmsearch
# Version:         3.1b2 (February 2015)
# Pipeline mode:   SEARCH
# Query file:      /home/bgerda/guppy_SUP/busco_downloads/lineages/glires_odb10/hmms/23224at314147.hmm
# Target file:     /home/bgerda/guppy_SUP/busco_results/run_glires_odb10/metaeuk_output/rerun_results/ragtag.scaffold.fasta.modified.fas
# Option settings: hmmsearch --domtblout /home/bgerda/guppy_SUP/busco_results/run_glires_odb10/hmmer_output/rerun_results/23224at314147.out --cpu 1 /home/bgerda/guppy_SUP/busco_downloads/lineages/glires_odb10/hmms/23224at314147.hmm /home/bgerda/guppy_SUP/busco_results/run_glires_odb10/metaeuk_output/rerun_results/ragtag.scaffold.fasta.modified.fas 
# Current dir:     /home/bgerda/guppy_SUP
# Date:            Sun May 21 15:29:14 2023
# [ok]
