#                                                                                             --- full sequence --- -------------- this domain -------------   hmm coord   ali coord   env coord
# target name                         accession   tlen query name           accession   qlen   E-value  score  bias   #  of  c-Evalue  i-Evalue  score  bias  from    to  from    to  from    to  acc description of target
#                 ------------------- ---------- ----- -------------------- ---------- ----- --------- ------ ----- --- --- --------- --------- ------ ----- ----- ----- ----- ----- ----- ----- ---- ---------------------
NW_025965287.1_RagTag:1528602-1528006 -            199 23746at314147        -            285   4.6e-19   65.2   0.7   1   2     4e-09   1.1e-06   24.5   0.1   110   180     3    71     1    76 0.63 -
NW_025965287.1_RagTag:1528602-1528006 -            199 23746at314147        -            285   4.6e-19   65.2   0.7   2   2   7.5e-14   2.1e-11   40.1   0.2    10   130    77   195    70   199 0.86 -
contig_13085_pilon:902-46             -            239 23746at314147        -            285   4.8e-13   45.5   0.6   1   2   2.1e-14   5.9e-12   41.9   0.3    25   140    40   149    34   156 0.90 -
contig_13085_pilon:902-46             -            239 23746at314147        -            285   4.8e-13   45.5   0.6   2   2     0.034       9.6    1.8   0.0    26    68   156   194   151   220 0.77 -
NW_025965114.1_RagTag:29739-29566     -             58 23746at314147        -            285   5.1e-12   42.1   0.1   1   1   1.8e-14   5.1e-12   42.1   0.1   144   182     5    43     1    58 0.81 -
NW_025965310.1_RagTag:498729-512410   -            308 23746at314147        -            285   5.5e-06   22.3   0.1   1   2     2e-08   5.5e-06   22.3   0.1   123   283    93   248    68   250 0.79 -
NW_025965310.1_RagTag:498729-512410   -            308 23746at314147        -            285   5.5e-06   22.3   0.1   2   2       1.4   3.8e+02   -3.4   0.3   257   280   268   291   258   295 0.57 -
NW_025965321.1_RagTag:3116636-3114253 -            522 23746at314147        -            285   0.00038   16.3   0.1   1   2   2.7e-05    0.0075   12.0   0.0   149   181   181   213   170   231 0.78 -
NW_025965321.1_RagTag:3116636-3114253 -            522 23746at314147        -            285   0.00038   16.3   0.1   2   2     0.045        13    1.4   0.0    31    91   243   301   222   316 0.71 -
#
# Program:         hmmsearch
# Version:         3.1b2 (February 2015)
# Pipeline mode:   SEARCH
# Query file:      /home/bgerda/guppy_SUP/busco_downloads/lineages/glires_odb10/hmms/23746at314147.hmm
# Target file:     /home/bgerda/guppy_SUP/busco_results/run_glires_odb10/metaeuk_output/rerun_results/ragtag.scaffold.fasta.modified.fas
# Option settings: hmmsearch --domtblout /home/bgerda/guppy_SUP/busco_results/run_glires_odb10/hmmer_output/rerun_results/23746at314147.out --cpu 1 /home/bgerda/guppy_SUP/busco_downloads/lineages/glires_odb10/hmms/23746at314147.hmm /home/bgerda/guppy_SUP/busco_results/run_glires_odb10/metaeuk_output/rerun_results/ragtag.scaffold.fasta.modified.fas 
# Current dir:     /home/bgerda/guppy_SUP
# Date:            Sun May 21 15:29:18 2023
# [ok]
