#                                                                                             --- full sequence --- -------------- this domain -------------   hmm coord   ali coord   env coord
# target name                         accession   tlen query name           accession   qlen   E-value  score  bias   #  of  c-Evalue  i-Evalue  score  bias  from    to  from    to  from    to  acc description of target
#                 ------------------- ---------- ----- -------------------- ---------- ----- --------- ------ ----- --- --- --------- --------- ------ ----- ----- ----- ----- ----- ----- ----- ---- ---------------------
NW_025965321.1_RagTag:3116636-3114253 -            522 25564at314147        -            305     1e-07   28.0   0.9   1   3      0.04        11    1.6   0.0   140   176   179   215   167   220 0.87 -
NW_025965321.1_RagTag:3116636-3114253 -            522 25564at314147        -            305     1e-07   28.0   0.9   2   3   2.7e-08   7.6e-06   21.9   0.3   116   175   244   303   181   308 0.86 -
NW_025965321.1_RagTag:3116636-3114253 -            522 25564at314147        -            305     1e-07   28.0   0.9   3   3     0.062        18    1.0   0.0   163   208   431   487   382   505 0.54 -
NW_025965287.1_RagTag:1528602-1528006 -            199 25564at314147        -            305   1.6e-07   27.4   0.0   1   3   0.00069      0.19    7.4   0.0   145   175     1    31     1    33 0.96 -
NW_025965287.1_RagTag:1528602-1528006 -            199 25564at314147        -            305   1.6e-07   27.4   0.0   2   3   0.00011     0.031   10.0   0.0   133   175    31    73    30    78 0.94 -
NW_025965287.1_RagTag:1528602-1528006 -            199 25564at314147        -            305   1.6e-07   27.4   0.0   3   3   0.00054      0.15    7.7   0.0   113   176    96   162    82   176 0.78 -
NW_025965114.1_RagTag:29739-29566     -             58 25564at314147        -            305   7.3e-05   18.6   0.0   1   1   2.6e-07   7.3e-05   18.6   0.0   138   185     6    53     2    58 0.84 -
contig_13085_pilon:902-46             -            239 25564at314147        -            305   8.7e-05   18.4   0.0   1   3   0.00013     0.037    9.8   0.0    96   176    27   107    23   111 0.80 -
contig_13085_pilon:902-46             -            239 25564at314147        -            305   8.7e-05   18.4   0.0   2   3   8.4e-06    0.0024   13.7   0.0   116   170    89   142    78   148 0.83 -
contig_13085_pilon:902-46             -            239 25564at314147        -            305   8.7e-05   18.4   0.0   3   3      0.26        75   -1.1   0.0   168   215   172   220   156   235 0.63 -
NW_025965310.1_RagTag:498729-512410   -            308 25564at314147        -            305    0.0018   14.1   0.0   1   2   8.8e-05     0.025   10.3   0.0   124   178    99   153    86   204 0.81 -
NW_025965310.1_RagTag:498729-512410   -            308 25564at314147        -            305    0.0018   14.1   0.0   2   2     0.041        11    1.6   0.0   144   176   218   251   205   306 0.76 -
#
# Program:         hmmsearch
# Version:         3.1b2 (February 2015)
# Pipeline mode:   SEARCH
# Query file:      /home/bgerda/guppy_SUP/busco_downloads/lineages/glires_odb10/hmms/25564at314147.hmm
# Target file:     /home/bgerda/guppy_SUP/busco_results/run_glires_odb10/metaeuk_output/rerun_results/ragtag.scaffold.fasta.modified.fas
# Option settings: hmmsearch --domtblout /home/bgerda/guppy_SUP/busco_results/run_glires_odb10/hmmer_output/rerun_results/25564at314147.out --cpu 1 /home/bgerda/guppy_SUP/busco_downloads/lineages/glires_odb10/hmms/25564at314147.hmm /home/bgerda/guppy_SUP/busco_results/run_glires_odb10/metaeuk_output/rerun_results/ragtag.scaffold.fasta.modified.fas 
# Current dir:     /home/bgerda/guppy_SUP
# Date:            Sun May 21 15:29:20 2023
# [ok]
