#                                                                                             --- full sequence --- -------------- this domain -------------   hmm coord   ali coord   env coord
# target name                         accession   tlen query name           accession   qlen   E-value  score  bias   #  of  c-Evalue  i-Evalue  score  bias  from    to  from    to  from    to  acc description of target
#                 ------------------- ---------- ----- -------------------- ---------- ----- --------- ------ ----- --- --- --------- --------- ------ ----- ----- ----- ----- ----- ----- ----- ---- ---------------------
NW_025965324.1_RagTag:3058918-3059127 -             70 25639at314147        -            320   5.8e-26   87.8   2.0   1   1   3.8e-28   5.9e-26   87.8   2.0   245   308     5    68     1    70 0.90 -
NW_025965275.1_RagTag:451305-451114   -             64 25639at314147        -            320   1.4e-23   80.0   5.1   1   1   9.5e-26   1.5e-23   79.9   5.1   247   306     5    64     1    64 0.93 -
NW_025965324.1_RagTag:3071272-3072113 -            184 25639at314147        -            320   1.2e-20   70.4   1.1   1   1   9.6e-23   1.5e-20   70.0   1.1   245   310    84   149    62   157 0.88 -
NW_025965309.1_RagTag:3399239-3398628 -            204 25639at314147        -            320   2.8e-12   42.9   0.0   1   1   2.3e-14   3.6e-12   42.5   0.0   219   303    40   127     6   136 0.83 -
NW_025965177.1_RagTag:240898-240590   -            103 25639at314147        -            320   1.4e-11   40.6   0.7   1   1     1e-13   1.6e-11   40.4   0.7   246   300    49   103    40   103 0.93 -
NW_025965266.1_RagTag:217834-219103   -            166 25639at314147        -            320   2.6e-10   36.4   0.7   1   1   1.6e-12   2.6e-10   36.4   0.7   246   286   125   165    24   166 0.88 -
NW_025965284.1_RagTag:361032-362971   -            167 25639at314147        -            320   7.3e-10   34.9   0.8   1   1   6.2e-12   9.7e-10   34.5   0.5   226   298    96   167    79   167 0.86 -
NW_025965228.1_RagTag:17255-16782     -             74 25639at314147        -            320   4.4e-07   25.8   1.6   1   1   3.1e-09   4.9e-07   25.7   1.6   245   306    12    73     6    74 0.92 -
NW_025965159.1_RagTag:437244-436957   -             96 25639at314147        -            320   0.00074   15.2   0.2   1   1   5.5e-06   0.00086   15.0   0.2   251   302     5    56     1    62 0.83 -
#
# Program:         hmmsearch
# Version:         3.1b2 (February 2015)
# Pipeline mode:   SEARCH
# Query file:      /home/bgerda/guppy_SUP/busco_downloads/lineages/glires_odb10/hmms/25639at314147.hmm
# Target file:     /home/bgerda/guppy_SUP/busco_results/run_glires_odb10/metaeuk_output/rerun_results/ragtag.scaffold.fasta.modified.fas
# Option settings: hmmsearch --domtblout /home/bgerda/guppy_SUP/busco_results/run_glires_odb10/hmmer_output/rerun_results/25639at314147.out --cpu 1 /home/bgerda/guppy_SUP/busco_downloads/lineages/glires_odb10/hmms/25639at314147.hmm /home/bgerda/guppy_SUP/busco_results/run_glires_odb10/metaeuk_output/rerun_results/ragtag.scaffold.fasta.modified.fas 
# Current dir:     /home/bgerda/guppy_SUP
# Date:            Sun May 21 15:29:18 2023
# [ok]
