#                                                                                             --- full sequence --- -------------- this domain -------------   hmm coord   ali coord   env coord
# target name                         accession   tlen query name           accession   qlen   E-value  score  bias   #  of  c-Evalue  i-Evalue  score  bias  from    to  from    to  from    to  acc description of target
#                 ------------------- ---------- ----- -------------------- ---------- ----- --------- ------ ----- --- --- --------- --------- ------ ----- ----- ----- ----- ----- ----- ----- ---- ---------------------
NW_025965028.1_RagTag:496577-495038   -            234 26471at314147        -            333   3.8e-13   45.6   0.0   1   1   3.9e-15   7.8e-13   44.6   0.0    34    89     5    60     2    71 0.94 -
NW_025965324.1_RagTag:3058918-3059127 -             70 26471at314147        -            333   3.5e-05   19.4   0.3   1   1   1.9e-07   3.8e-05   19.3   0.3    51    94    23    66     5    68 0.87 -
NW_025965275.1_RagTag:451305-451114   -             64 26471at314147        -            333   9.1e-05   18.0   1.3   1   1   4.5e-07   9.1e-05   18.0   1.3    51    94    21    64     2    64 0.86 -
NW_025965177.1_RagTag:240898-240590   -            103 26471at314147        -            333    0.0001   17.9   0.2   1   1   5.3e-07   0.00011   17.8   0.2    36    87    49   102    15   103 0.72 -
NW_025965324.1_RagTag:3071272-3072113 -            184 26471at314147        -            333   0.00018   17.1   0.9   1   2      0.57   1.1e+02   -2.0   0.3   197   216    31    50    14    66 0.58 -
NW_025965324.1_RagTag:3071272-3072113 -            184 26471at314147        -            333   0.00018   17.1   0.9   2   2     9e-07   0.00018   17.1   0.9    35    93    84   144    65   154 0.83 -
NW_025965300.1_RagTag:1789104-1791056 -            651 26471at314147        -            333    0.0002   16.9   7.4   1   5    0.0011      0.21    7.0   0.1    44    89   159   202   143   216 0.83 -
NW_025965300.1_RagTag:1789104-1791056 -            651 26471at314147        -            333    0.0002   16.9   7.4   2   5      0.29        58   -1.0   0.7   167   200   301   334   293   350 0.74 -
NW_025965300.1_RagTag:1789104-1791056 -            651 26471at314147        -            333    0.0002   16.9   7.4   3   5     0.054        11    1.4   0.0    55   104   350   400   332   409 0.78 -
NW_025965300.1_RagTag:1789104-1791056 -            651 26471at314147        -            333    0.0002   16.9   7.4   4   5   0.00024     0.048    9.1   0.0    17    90   406   474   391   490 0.81 -
NW_025965300.1_RagTag:1789104-1791056 -            651 26471at314147        -            333    0.0002   16.9   7.4   5   5      0.24        49   -0.8   0.0    56    91   540   575   532   585 0.85 -
NW_025965228.1_RagTag:17255-16782     -             74 26471at314147        -            333     0.001   14.6   0.9   1   1   5.1e-06     0.001   14.6   0.9    30    93     9    72     1    74 0.86 -
#
# Program:         hmmsearch
# Version:         3.1b2 (February 2015)
# Pipeline mode:   SEARCH
# Query file:      /home/bgerda/guppy_SUP/busco_downloads/lineages/glires_odb10/hmms/26471at314147.hmm
# Target file:     /home/bgerda/guppy_SUP/busco_results/run_glires_odb10/metaeuk_output/rerun_results/ragtag.scaffold.fasta.modified.fas
# Option settings: hmmsearch --domtblout /home/bgerda/guppy_SUP/busco_results/run_glires_odb10/hmmer_output/rerun_results/26471at314147.out --cpu 1 /home/bgerda/guppy_SUP/busco_downloads/lineages/glires_odb10/hmms/26471at314147.hmm /home/bgerda/guppy_SUP/busco_results/run_glires_odb10/metaeuk_output/rerun_results/ragtag.scaffold.fasta.modified.fas 
# Current dir:     /home/bgerda/guppy_SUP
# Date:            Sun May 21 15:29:15 2023
# [ok]
