#                                                                                             --- full sequence --- -------------- this domain -------------   hmm coord   ali coord   env coord
# target name                         accession   tlen query name           accession   qlen   E-value  score  bias   #  of  c-Evalue  i-Evalue  score  bias  from    to  from    to  from    to  acc description of target
#                 ------------------- ---------- ----- -------------------- ---------- ----- --------- ------ ----- --- --- --------- --------- ------ ----- ----- ----- ----- ----- ----- ----- ---- ---------------------
NW_025965287.1_RagTag:1528602-1528006 -            199 27424at314147        -            297   3.3e-21   72.3   0.5   1   2   4.7e-19   1.1e-16   57.4   0.1   144   272     5   134     1   142 0.93 -
NW_025965287.1_RagTag:1528602-1528006 -            199 27424at314147        -            297   3.3e-21   72.3   0.5   2   2   1.4e-05    0.0033   13.2   0.0   152   201   143   192   132   198 0.67 -
contig_13085_pilon:902-46             -            239 27424at314147        -            297   3.7e-20   68.8   0.5   1   2   3.6e-19   8.5e-17   57.8   0.1   145   252    39   145    22   151 0.93 -
contig_13085_pilon:902-46             -            239 27424at314147        -            297   3.7e-20   68.8   0.5   2   2   0.00015     0.035    9.8   0.1   104   167   155   219   145   237 0.79 -
NW_025965155.1_RagTag:69793-68825     -            323 27424at314147        -            297   2.8e-15   52.8   0.2   1   3   1.8e-11   4.3e-09   32.5   0.1   121   266    40   190    19   195 0.76 -
NW_025965155.1_RagTag:69793-68825     -            323 27424at314147        -            297   2.8e-15   52.8   0.2   2   3   9.7e-07   0.00023   17.0   0.0   145   203   196   260   190   273 0.82 -
NW_025965155.1_RagTag:69793-68825     -            323 27424at314147        -            297   2.8e-15   52.8   0.2   3   3      0.67   1.6e+02   -2.2   0.0   103   124   292   313   284   318 0.77 -
NW_025965310.1_RagTag:498729-512410   -            308 27424at314147        -            297   1.5e-05   20.9   0.2   1   2   0.00016     0.038    9.7   0.0   197   254    93   150    80   161 0.76 -
NW_025965310.1_RagTag:498729-512410   -            308 27424at314147        -            297   1.5e-05   20.9   0.2   2   2   0.00031     0.074    8.7   0.0   144   174   223   254   214   300 0.59 -
NW_025965114.1_RagTag:29739-29566     -             58 27424at314147        -            297     3e-05   19.9   0.0   1   1   1.4e-07   3.3e-05   19.8   0.0   175   212     6    43     3    55 0.73 -
NW_025965321.1_RagTag:3116636-3114253 -            522 27424at314147        -            297    0.0011   14.8   0.1   1   2   1.8e-05    0.0043   12.8   0.1   221   288   181   254   171   262 0.79 -
NW_025965321.1_RagTag:3116636-3114253 -            522 27424at314147        -            297    0.0011   14.8   0.1   2   2      0.21        48   -0.5   0.0   156   210   247   301   243   311 0.64 -
#
# Program:         hmmsearch
# Version:         3.1b2 (February 2015)
# Pipeline mode:   SEARCH
# Query file:      /home/bgerda/guppy_SUP/busco_downloads/lineages/glires_odb10/hmms/27424at314147.hmm
# Target file:     /home/bgerda/guppy_SUP/busco_results/run_glires_odb10/metaeuk_output/rerun_results/ragtag.scaffold.fasta.modified.fas
# Option settings: hmmsearch --domtblout /home/bgerda/guppy_SUP/busco_results/run_glires_odb10/hmmer_output/rerun_results/27424at314147.out --cpu 1 /home/bgerda/guppy_SUP/busco_downloads/lineages/glires_odb10/hmms/27424at314147.hmm /home/bgerda/guppy_SUP/busco_results/run_glires_odb10/metaeuk_output/rerun_results/ragtag.scaffold.fasta.modified.fas 
# Current dir:     /home/bgerda/guppy_SUP
# Date:            Sun May 21 15:29:16 2023
# [ok]
