#                                                                                             --- full sequence --- -------------- this domain -------------   hmm coord   ali coord   env coord
# target name                         accession   tlen query name           accession   qlen   E-value  score  bias   #  of  c-Evalue  i-Evalue  score  bias  from    to  from    to  from    to  acc description of target
#                 ------------------- ---------- ----- -------------------- ---------- ----- --------- ------ ----- --- --- --------- --------- ------ ----- ----- ----- ----- ----- ----- ----- ---- ---------------------
NW_025965309.1_RagTag:3399239-3398628 -            204 28225at314147        -            275   2.4e-14   49.8   0.0   1   1   1.8e-16   3.2e-14   49.3   0.0   132   194    64   128    33   153 0.85 -
NW_025965324.1_RagTag:3071272-3072113 -            184 28225at314147        -            275   9.3e-13   44.6   6.1   1   1   1.3e-14   2.4e-12   43.2   6.1   103   211    41   159    29   172 0.73 -
NW_025965228.1_RagTag:17255-16782     -             74 28225at314147        -            275   6.7e-12   41.8   1.9   1   1     4e-14   7.1e-12   41.7   1.9   139   194    16    71     6    74 0.91 -
NW_025965324.1_RagTag:3058918-3059127 -             70 28225at314147        -            275     7e-12   41.7   1.8   1   1   4.2e-14   7.3e-12   41.6   1.8   140   196    10    66     2    70 0.89 -
NW_025965275.1_RagTag:451305-451114   -             64 28225at314147        -            275     2e-11   40.2   3.4   1   1   1.2e-13   2.1e-11   40.1   3.4   141   193     9    61     4    64 0.90 -
NW_025965284.1_RagTag:361032-362971   -            167 28225at314147        -            275     6e-11   38.6   1.8   1   2       0.8   1.4e+02   -2.0   0.0   245   266    75    96    57   106 0.63 -
NW_025965284.1_RagTag:361032-362971   -            167 28225at314147        -            275     6e-11   38.6   1.8   2   2   3.4e-13     6e-11   38.6   1.8   139   188   118   167   102   167 0.91 -
NW_025965177.1_RagTag:240898-240590   -            103 28225at314147        -            275   4.8e-10   35.7   2.1   1   1     3e-12   5.3e-10   35.5   2.1   140   190    53   103    11   103 0.88 -
NW_025965159.1_RagTag:437244-436957   -             96 28225at314147        -            275   0.00042   16.2   0.0   1   1   2.6e-06   0.00046   16.0   0.0   151   194    12    58     7    91 0.69 -
#
# Program:         hmmsearch
# Version:         3.1b2 (February 2015)
# Pipeline mode:   SEARCH
# Query file:      /home/bgerda/guppy_SUP/busco_downloads/lineages/glires_odb10/hmms/28225at314147.hmm
# Target file:     /home/bgerda/guppy_SUP/busco_results/run_glires_odb10/metaeuk_output/rerun_results/ragtag.scaffold.fasta.modified.fas
# Option settings: hmmsearch --domtblout /home/bgerda/guppy_SUP/busco_results/run_glires_odb10/hmmer_output/rerun_results/28225at314147.out --cpu 1 /home/bgerda/guppy_SUP/busco_downloads/lineages/glires_odb10/hmms/28225at314147.hmm /home/bgerda/guppy_SUP/busco_results/run_glires_odb10/metaeuk_output/rerun_results/ragtag.scaffold.fasta.modified.fas 
# Current dir:     /home/bgerda/guppy_SUP
# Date:            Sun May 21 15:29:13 2023
# [ok]
