#                                                                                             --- full sequence --- -------------- this domain -------------   hmm coord   ali coord   env coord
# target name                         accession   tlen query name           accession   qlen   E-value  score  bias   #  of  c-Evalue  i-Evalue  score  bias  from    to  from    to  from    to  acc description of target
#                 ------------------- ---------- ----- -------------------- ---------- ----- --------- ------ ----- --- --- --------- --------- ------ ----- ----- ----- ----- ----- ----- ----- ---- ---------------------
NW_025965317.1_RagTag:2490045-2490833 -            263 28911at314147        -            255   1.1e-19   67.0   0.0   1   1   6.4e-22   1.3e-19   66.8   0.0    28   226    42   239    20   260 0.85 -
NW_025965022.1_RagTag:228144-227269   -            292 28911at314147        -            255   6.4e-16   54.7   0.6   1   2   3.2e-05    0.0064   12.1   0.0   166   240     5    82     1    93 0.77 -
NW_025965022.1_RagTag:228144-227269   -            292 28911at314147        -            255   6.4e-16   54.7   0.6   2   2   1.9e-12   3.8e-10   35.7   0.2   120   247   163   288   157   291 0.88 -
NW_025965230.1_RagTag:1010459-1010037 -            141 28911at314147        -            255   4.9e-08   28.8   0.0   1   1   3.6e-10   7.2e-08   28.3   0.0   142   248    14   126     3   132 0.72 -
NW_025965103.1_RagTag:1143138-1143686 -            183 28911at314147        -            255   5.5e-08   28.7   0.0   1   2       0.2        41   -0.4   0.0     4    22    13    31    10    53 0.70 -
NW_025965103.1_RagTag:1143138-1143686 -            183 28911at314147        -            255   5.5e-08   28.7   0.0   2   2   1.1e-09   2.1e-07   26.7   0.0   121   247    54   179    45   183 0.82 -
NW_025965069.1_RagTag:26668-26101     -            189 28911at314147        -            255   0.00037   16.1   0.1   1   1   5.3e-06    0.0011   14.6   0.1    79   187     3   117     1   163 0.70 -
NW_025965256.1_RagTag:649684-647213   -            143 28911at314147        -            255   0.00045   15.8   0.1   1   2   0.00037     0.075    8.6   0.1    30   102     1    81     1    88 0.75 -
NW_025965256.1_RagTag:649684-647213   -            143 28911at314147        -            255   0.00045   15.8   0.1   2   2     0.003      0.61    5.6   0.0   181   220   103   140    86   142 0.77 -
NW_025965022.1_RagTag:228165-227920   -             82 28911at314147        -            255   0.00075   15.1   0.0   1   1   5.9e-06    0.0012   14.5   0.0   158   233     4    82     2    82 0.87 -
#
# Program:         hmmsearch
# Version:         3.1b2 (February 2015)
# Pipeline mode:   SEARCH
# Query file:      /home/bgerda/guppy_SUP/busco_downloads/lineages/glires_odb10/hmms/28911at314147.hmm
# Target file:     /home/bgerda/guppy_SUP/busco_results/run_glires_odb10/metaeuk_output/rerun_results/ragtag.scaffold.fasta.modified.fas
# Option settings: hmmsearch --domtblout /home/bgerda/guppy_SUP/busco_results/run_glires_odb10/hmmer_output/rerun_results/28911at314147.out --cpu 1 /home/bgerda/guppy_SUP/busco_downloads/lineages/glires_odb10/hmms/28911at314147.hmm /home/bgerda/guppy_SUP/busco_results/run_glires_odb10/metaeuk_output/rerun_results/ragtag.scaffold.fasta.modified.fas 
# Current dir:     /home/bgerda/guppy_SUP
# Date:            Sun May 21 15:29:18 2023
# [ok]
