#                                                                                             --- full sequence --- -------------- this domain -------------   hmm coord   ali coord   env coord
# target name                         accession   tlen query name           accession   qlen   E-value  score  bias   #  of  c-Evalue  i-Evalue  score  bias  from    to  from    to  from    to  acc description of target
#                 ------------------- ---------- ----- -------------------- ---------- ----- --------- ------ ----- --- --- --------- --------- ------ ----- ----- ----- ----- ----- ----- ----- ---- ---------------------
NW_025965022.1_RagTag:228144-227269   -            292 31651at314147        -            275   9.6e-13   44.6   1.9   1   4     0.024       6.9    2.4   0.0   180   206     7    33     2    42 0.67 -
NW_025965022.1_RagTag:228144-227269   -            292 31651at314147        -            275   9.6e-13   44.6   1.9   2   4   3.2e-09   9.1e-07   25.0   0.7   107   263    29   191    11   197 0.77 -
NW_025965022.1_RagTag:228144-227269   -            292 31651at314147        -            275   9.6e-13   44.6   1.9   3   4   1.9e-05    0.0054   12.6   0.0    86   203   115   232   102   243 0.75 -
NW_025965022.1_RagTag:228144-227269   -            292 31651at314147        -            275   9.6e-13   44.6   1.9   4   4   2.4e-06   0.00067   15.6   0.0    84   168   209   291   202   292 0.84 -
NW_025965103.1_RagTag:1143138-1143686 -            183 31651at314147        -            275   2.2e-06   23.7   0.0   1   1   9.2e-07   0.00026   16.9   0.0    16   168     6   182     2   183 0.63 -
NW_025965317.1_RagTag:2490045-2490833 -            263 31651at314147        -            275   3.2e-06   23.2   0.1   1   2   4.8e-08   1.4e-05   21.1   0.0   125   215    31   124    11   179 0.81 -
NW_025965317.1_RagTag:2490045-2490833 -            263 31651at314147        -            275   3.2e-06   23.2   0.1   2   2     0.088        25    0.6   0.0   135   202   133   205   121   240 0.59 -
NW_025965022.1_RagTag:228165-227920   -             82 31651at314147        -            275    0.0011   14.8   0.1   1   2    0.0026      0.74    5.6   0.1   179   206    13    40     6    46 0.76 -
NW_025965022.1_RagTag:228165-227920   -             82 31651at314147        -            275    0.0011   14.8   0.1   2   2   0.00076      0.22    7.4   0.0   122   149    51    79    42    82 0.84 -
NW_025965230.1_RagTag:1010459-1010037 -            141 31651at314147        -            275    0.0098   11.8   0.0   1   1   4.5e-05     0.013   11.4   0.0   167   263    27   124     5   129 0.73 -
#
# Program:         hmmsearch
# Version:         3.1b2 (February 2015)
# Pipeline mode:   SEARCH
# Query file:      /home/bgerda/guppy_SUP/busco_downloads/lineages/glires_odb10/hmms/31651at314147.hmm
# Target file:     /home/bgerda/guppy_SUP/busco_results/run_glires_odb10/metaeuk_output/rerun_results/ragtag.scaffold.fasta.modified.fas
# Option settings: hmmsearch --domtblout /home/bgerda/guppy_SUP/busco_results/run_glires_odb10/hmmer_output/rerun_results/31651at314147.out --cpu 1 /home/bgerda/guppy_SUP/busco_downloads/lineages/glires_odb10/hmms/31651at314147.hmm /home/bgerda/guppy_SUP/busco_results/run_glires_odb10/metaeuk_output/rerun_results/ragtag.scaffold.fasta.modified.fas 
# Current dir:     /home/bgerda/guppy_SUP
# Date:            Sun May 21 15:29:12 2023
# [ok]
