#                                                                                             --- full sequence --- -------------- this domain -------------   hmm coord   ali coord   env coord
# target name                         accession   tlen query name           accession   qlen   E-value  score  bias   #  of  c-Evalue  i-Evalue  score  bias  from    to  from    to  from    to  acc description of target
#                 ------------------- ---------- ----- -------------------- ---------- ----- --------- ------ ----- --- --- --------- --------- ------ ----- ----- ----- ----- ----- ----- ----- ---- ---------------------
NW_025965188.1_RagTag:479271-479684   -            138 3182at314147         -           1032   3.2e-12   41.4   0.5   1   2     1e-07   2.4e-05   18.7   0.0   384   684     6    59     1    67 0.49 -
NW_025965188.1_RagTag:479271-479684   -            138 3182at314147         -           1032   3.2e-12   41.4   0.5   2   2   1.4e-08   3.2e-06   21.5   0.1   824   883    79   137    69   138 0.81 -
NW_025965352.1_RagTag:113601-115107   -            273 3182at314147         -           1032   2.9e-07   25.0   0.0   1   1   1.5e-09   3.6e-07   24.7   0.0   395   476     3    84     1    97 0.93 -
NW_025965163.1_RagTag:39467-30573     -            706 3182at314147         -           1032   5.2e-07   24.1   0.1   1   1   3.3e-09   7.8e-07   23.6   0.1   640   696   432   488   414   499 0.84 -
NW_025965287.1_RagTag:1597561-1602211 -            433 3182at314147         -           1032     6e-06   20.7   1.0   1   2      0.15        35   -1.8   0.0   430   458   326   353   320   359 0.66 -
NW_025965287.1_RagTag:1597561-1602211 -            433 3182at314147         -           1032     6e-06   20.7   1.0   2   2   5.6e-08   1.3e-05   19.5   0.8   642   696   359   413   345   424 0.92 -
NW_025965276.1_RagTag:401916-402389   -            158 3182at314147         -           1032   0.00023   15.4   0.1   1   1   1.5e-06   0.00036   14.8   0.1   736   823    50   133     5   152 0.74 -
NW_025965344.1_RagTag:44177-38824     -            169 3182at314147         -           1032     0.011    9.9   0.0   1   2   0.00018     0.042    7.9   0.0   777   840    58   119    50   124 0.84 -
NW_025965344.1_RagTag:44177-38824     -            169 3182at314147         -           1032     0.011    9.9   0.0   2   2      0.11        26   -1.3   0.0   639   664   135   159   127   163 0.70 -
#
# Program:         hmmsearch
# Version:         3.1b2 (February 2015)
# Pipeline mode:   SEARCH
# Query file:      /home/bgerda/guppy_SUP/busco_downloads/lineages/glires_odb10/hmms/3182at314147.hmm
# Target file:     /home/bgerda/guppy_SUP/busco_results/run_glires_odb10/metaeuk_output/rerun_results/ragtag.scaffold.fasta.modified.fas
# Option settings: hmmsearch --domtblout /home/bgerda/guppy_SUP/busco_results/run_glires_odb10/hmmer_output/rerun_results/3182at314147.out --cpu 1 /home/bgerda/guppy_SUP/busco_downloads/lineages/glires_odb10/hmms/3182at314147.hmm /home/bgerda/guppy_SUP/busco_results/run_glires_odb10/metaeuk_output/rerun_results/ragtag.scaffold.fasta.modified.fas 
# Current dir:     /home/bgerda/guppy_SUP
# Date:            Sun May 21 15:29:11 2023
# [ok]
