#                                                                                             --- full sequence --- -------------- this domain -------------   hmm coord   ali coord   env coord
# target name                         accession   tlen query name           accession   qlen   E-value  score  bias   #  of  c-Evalue  i-Evalue  score  bias  from    to  from    to  from    to  acc description of target
#                 ------------------- ---------- ----- -------------------- ---------- ----- --------- ------ ----- --- --- --------- --------- ------ ----- ----- ----- ----- ----- ----- ----- ---- ---------------------
NW_025965272.1_RagTag:161174-162205   -            205 33199at314147        -            215   7.3e-17   58.4  42.9   1   3         4   6.3e+02   -3.5   3.8    32    40    43    51    29    52 0.49 -
NW_025965272.1_RagTag:161174-162205   -            205 33199at314147        -            215   7.3e-17   58.4  42.9   2   3    0.0017      0.26    7.6  36.0     8    59    52   119    37   128 0.61 -
NW_025965272.1_RagTag:161174-162205   -            205 33199at314147        -            215   7.3e-17   58.4  42.9   3   3   1.8e-16   2.9e-14   49.9   0.6    51    93   161   205   122   205 0.64 -
NW_025965309.1_RagTag:3399239-3398628 -            204 33199at314147        -            215   5.4e-07   26.1   0.3   1   1   4.7e-09   7.4e-07   25.7   0.3   147   208    66   127    49   132 0.94 -
NW_025965159.1_RagTag:437244-436957   -             96 33199at314147        -            215   2.3e-06   24.1   0.0   1   1   1.8e-08   2.9e-06   23.8   0.0   152   208     1    57     1    63 0.89 -
NW_025965218.1_RagTag:1407529-1405062 -            220 33199at314147        -            215   4.4e-06   23.2   0.3   1   1   4.1e-08   6.4e-06   22.6   0.3   142   209    76   144    63   149 0.86 -
NW_025965177.1_RagTag:240898-240590   -            103 33199at314147        -            215   0.00023   17.6   0.6   1   1   1.7e-06   0.00027   17.3   0.6   150   205    48   103    35   103 0.94 -
NW_025965324.1_RagTag:3071272-3072113 -            184 33199at314147        -            215    0.0021   14.4   0.6   1   1   1.7e-05    0.0027   14.0   0.6   155   208    89   142    64   147 0.82 -
NW_025965228.1_RagTag:17255-16782     -             74 33199at314147        -            215     0.005   13.2   1.5   1   1   3.2e-05    0.0051   13.2   1.5   150   208    12    70     3    74 0.88 -
NW_025965275.1_RagTag:451305-451114   -             64 33199at314147        -            215    0.0067   12.8   0.4   1   1   4.4e-05    0.0068   12.7   0.4   148   208     1    61     1    64 0.91 -
NW_025965324.1_RagTag:3058918-3059127 -             70 33199at314147        -            215    0.0086   12.4   0.3   1   1   5.6e-05    0.0088   12.4   0.3   152   208     7    63     3    70 0.85 -
#
# Program:         hmmsearch
# Version:         3.1b2 (February 2015)
# Pipeline mode:   SEARCH
# Query file:      /home/bgerda/guppy_SUP/busco_downloads/lineages/glires_odb10/hmms/33199at314147.hmm
# Target file:     /home/bgerda/guppy_SUP/busco_results/run_glires_odb10/metaeuk_output/rerun_results/ragtag.scaffold.fasta.modified.fas
# Option settings: hmmsearch --domtblout /home/bgerda/guppy_SUP/busco_results/run_glires_odb10/hmmer_output/rerun_results/33199at314147.out --cpu 1 /home/bgerda/guppy_SUP/busco_downloads/lineages/glires_odb10/hmms/33199at314147.hmm /home/bgerda/guppy_SUP/busco_results/run_glires_odb10/metaeuk_output/rerun_results/ragtag.scaffold.fasta.modified.fas 
# Current dir:     /home/bgerda/guppy_SUP
# Date:            Sun May 21 15:29:09 2023
# [ok]
