#                                                                                             --- full sequence --- -------------- this domain -------------   hmm coord   ali coord   env coord
# target name                         accession   tlen query name           accession   qlen   E-value  score  bias   #  of  c-Evalue  i-Evalue  score  bias  from    to  from    to  from    to  acc description of target
#                 ------------------- ---------- ----- -------------------- ---------- ----- --------- ------ ----- --- --- --------- --------- ------ ----- ----- ----- ----- ----- ----- ----- ---- ---------------------
NW_025965324.1_RagTag:3279529-3256974 -            664 33265at314147        -            273   6.4e-12   41.8   9.7   1   5   1.2e-05    0.0029   13.4   0.1   125   227    11   115     9   125 0.76 -
NW_025965324.1_RagTag:3279529-3256974 -            664 33265at314147        -            273   6.4e-12   41.8   9.7   2   5   2.6e-05    0.0061   12.3   0.0   114   200   136   227   133   235 0.74 -
NW_025965324.1_RagTag:3279529-3256974 -            664 33265at314147        -            273   6.4e-12   41.8   9.7   3   5    0.0001     0.023   10.4   0.1   171   201   340   370   285   379 0.69 -
NW_025965324.1_RagTag:3279529-3256974 -            664 33265at314147        -            273   6.4e-12   41.8   9.7   4   5    0.0021      0.49    6.1   0.2   169   198   423   454   375   466 0.75 -
NW_025965324.1_RagTag:3279529-3256974 -            664 33265at314147        -            273   6.4e-12   41.8   9.7   5   5     0.051        12    1.5   0.0   140   198   475   539   463   548 0.68 -
NW_025965315.1_RagTag:2826704-2826429 -             92 33265at314147        -            273   8.1e-05   18.5   0.0   1   1   3.7e-07   8.8e-05   18.4   0.0   131   199    17    91     4    92 0.73 -
NW_025965056.1_RagTag:174511-173993   -            173 33265at314147        -            273   0.00017   17.4   0.0   1   1   9.5e-07   0.00022   17.0   0.0   212   244    17    49     7    78 0.83 -
NW_025965291.1_RagTag:212549-211896   -            218 33265at314147        -            273    0.0042   12.9   0.4   1   1   2.5e-05    0.0058   12.4   0.4   171   244    21    94    11   107 0.86 -
NW_025965314.1_RagTag:1537288-1539264 -            659 33265at314147        -            273    0.0051   12.6   0.3   1   2     0.045        10    1.7   0.1    57    89   284   316   279   319 0.90 -
NW_025965314.1_RagTag:1537288-1539264 -            659 33265at314147        -            273    0.0051   12.6   0.3   2   2   0.00037     0.088    8.5   0.0   190   246   442   498   425   528 0.72 -
NW_025965242.1_RagTag:1180315-1179337 -            106 33265at314147        -            273    0.0056   12.4   0.2   1   1   4.3e-05      0.01   11.6   0.2    75    96    84   105    14   106 0.70 -
#
# Program:         hmmsearch
# Version:         3.1b2 (February 2015)
# Pipeline mode:   SEARCH
# Query file:      /home/bgerda/guppy_SUP/busco_downloads/lineages/glires_odb10/hmms/33265at314147.hmm
# Target file:     /home/bgerda/guppy_SUP/busco_results/run_glires_odb10/metaeuk_output/rerun_results/ragtag.scaffold.fasta.modified.fas
# Option settings: hmmsearch --domtblout /home/bgerda/guppy_SUP/busco_results/run_glires_odb10/hmmer_output/rerun_results/33265at314147.out --cpu 1 /home/bgerda/guppy_SUP/busco_downloads/lineages/glires_odb10/hmms/33265at314147.hmm /home/bgerda/guppy_SUP/busco_results/run_glires_odb10/metaeuk_output/rerun_results/ragtag.scaffold.fasta.modified.fas 
# Current dir:     /home/bgerda/guppy_SUP
# Date:            Sun May 21 15:29:18 2023
# [ok]
