#                                                                                             --- full sequence --- -------------- this domain -------------   hmm coord   ali coord   env coord
# target name                         accession   tlen query name           accession   qlen   E-value  score  bias   #  of  c-Evalue  i-Evalue  score  bias  from    to  from    to  from    to  acc description of target
#                 ------------------- ---------- ----- -------------------- ---------- ----- --------- ------ ----- --- --- --------- --------- ------ ----- ----- ----- ----- ----- ----- ----- ---- ---------------------
NW_025965188.1_RagTag:479271-479684   -            138 34713at314147        -            247     3e-14   49.2   0.5   1   2   2.2e-06   0.00039   16.1   0.0   150   193     4    48     1    66 0.53 -
NW_025965188.1_RagTag:479271-479684   -            138 34713at314147        -            247     3e-14   49.2   0.5   2   2   3.3e-11   5.9e-09   31.9   0.1   111   171    78   138    70   138 0.90 -
NW_025965352.1_RagTag:113601-115107   -            273 34713at314147        -            247   8.3e-09   31.4   0.2   1   1   7.4e-11   1.3e-08   30.7   0.2   134   183     7    56     2    78 0.62 -
NW_025965287.1_RagTag:1597561-1602211 -            433 34713at314147        -            247   1.4e-07   27.4   0.3   1   1   1.3e-09   2.3e-07   26.6   0.3    99   183   326   413   304   424 0.80 -
NW_025965163.1_RagTag:39467-30573     -            706 34713at314147        -            247   1.4e-07   27.3   1.2   1   2       1.2   2.1e+02   -2.7   0.5    49    66   162   178   153   183 0.75 -
NW_025965163.1_RagTag:39467-30573     -            706 34713at314147        -            247   1.4e-07   27.3   1.2   2   2   1.3e-09   2.2e-07   26.7   0.0    95   157   433   495   419   501 0.74 -
NW_025965182.1_RagTag:1208376-1208540 -             55 34713at314147        -            247   7.9e-06   21.6   0.0   1   1   4.7e-08   8.3e-06   21.6   0.0   109   162     1    54     1    55 0.92 -
NW_025965276.1_RagTag:401916-402389   -            158 34713at314147        -            247   0.00013   17.6   0.1   1   2     0.035       6.3    2.3   0.0   166   187    16    37     5    43 0.78 -
NW_025965276.1_RagTag:401916-402389   -            158 34713at314147        -            247   0.00013   17.6   0.1   2   2   1.5e-05    0.0027   13.3   0.0    91   159    49   114    39   134 0.84 -
NW_025965288.1_RagTag:106193-105948   -             82 34713at314147        -            247   0.00083   15.0   0.0   1   1   5.2e-06   0.00092   14.9   0.0   113   166     9    65     2    79 0.65 -
NW_025965344.1_RagTag:44177-38824     -            169 34713at314147        -            247    0.0018   13.9   0.0   1   1   1.3e-05    0.0023   13.5   0.0    85   161    45   119    10   156 0.84 -
#
# Program:         hmmsearch
# Version:         3.1b2 (February 2015)
# Pipeline mode:   SEARCH
# Query file:      /home/bgerda/guppy_SUP/busco_downloads/lineages/glires_odb10/hmms/34713at314147.hmm
# Target file:     /home/bgerda/guppy_SUP/busco_results/run_glires_odb10/metaeuk_output/rerun_results/ragtag.scaffold.fasta.modified.fas
# Option settings: hmmsearch --domtblout /home/bgerda/guppy_SUP/busco_results/run_glires_odb10/hmmer_output/rerun_results/34713at314147.out --cpu 1 /home/bgerda/guppy_SUP/busco_downloads/lineages/glires_odb10/hmms/34713at314147.hmm /home/bgerda/guppy_SUP/busco_results/run_glires_odb10/metaeuk_output/rerun_results/ragtag.scaffold.fasta.modified.fas 
# Current dir:     /home/bgerda/guppy_SUP
# Date:            Sun May 21 15:29:14 2023
# [ok]
