#                                                                                             --- full sequence --- -------------- this domain -------------   hmm coord   ali coord   env coord
# target name                         accession   tlen query name           accession   qlen   E-value  score  bias   #  of  c-Evalue  i-Evalue  score  bias  from    to  from    to  from    to  acc description of target
#                 ------------------- ---------- ----- -------------------- ---------- ----- --------- ------ ----- --- --- --------- --------- ------ ----- ----- ----- ----- ----- ----- ----- ---- ---------------------
NW_025965300.1_RagTag:1789104-1791056 -            651 34784at314147        -            217   2.3e-09   33.7   0.8   1   3   0.00048     0.068    9.3   0.0   135   176   344   385   331   402 0.87 -
NW_025965300.1_RagTag:1789104-1791056 -            651 34784at314147        -            217   2.3e-09   33.7   0.8   2   3     0.011       1.5    4.9   0.0   127   175   423   475   417   487 0.80 -
NW_025965300.1_RagTag:1789104-1791056 -            651 34784at314147        -            217   2.3e-09   33.7   0.8   3   3   4.3e-06   0.00061   16.0   0.1   131   173   529   571   521   589 0.90 -
NW_025965218.1_RagTag:1407529-1405062 -            220 34784at314147        -            217   2.2e-08   30.5   0.6   1   1   2.2e-10     3e-08   30.1   0.6   126   187    92   154    71   173 0.85 -
NW_025965028.1_RagTag:496577-495038   -            234 34784at314147        -            217     3e-05   20.3   0.0   1   1   2.8e-07   3.9e-05   19.9   0.0   132   174    14    59     5    96 0.83 -
NW_025965324.1_RagTag:3058918-3059127 -             70 34784at314147        -            217   0.00014   18.2   0.5   1   1   9.6e-07   0.00014   18.2   0.5   135   177    21    63     5    70 0.81 -
NW_025965228.1_RagTag:17255-16782     -             74 34784at314147        -            217   0.00022   17.5   1.1   1   1   1.8e-06   0.00025   17.3   1.1   129   176    22    69     8    73 0.84 -
NW_025965309.1_RagTag:3399239-3398628 -            204 34784at314147        -            217   0.00037   16.7   0.2   1   1   4.8e-06   0.00068   15.9   0.2   135   178    85   128    64   148 0.73 -
NW_025965177.1_RagTag:240898-240590   -            103 34784at314147        -            217    0.0011   15.2   0.3   1   1   9.4e-06    0.0013   14.9   0.3   136   173    65   102    30   103 0.84 -
NW_025965275.1_RagTag:451305-451114   -             64 34784at314147        -            217    0.0012   15.1   0.8   1   1   8.7e-06    0.0012   15.0   0.8   131   174    16    58     3    63 0.79 -
NW_025965324.1_RagTag:3071272-3072113 -            184 34784at314147        -            217    0.0014   14.8   0.1   1   1   1.4e-05     0.002   14.4   0.1   136   177   102   142    86   167 0.78 -
NW_025965159.1_RagTag:437244-436957   -             96 34784at314147        -            217    0.0046   13.1   0.0   1   1   3.4e-05    0.0048   13.1   0.0   134   179    14    59     4    82 0.86 -
#
# Program:         hmmsearch
# Version:         3.1b2 (February 2015)
# Pipeline mode:   SEARCH
# Query file:      /home/bgerda/guppy_SUP/busco_downloads/lineages/glires_odb10/hmms/34784at314147.hmm
# Target file:     /home/bgerda/guppy_SUP/busco_results/run_glires_odb10/metaeuk_output/rerun_results/ragtag.scaffold.fasta.modified.fas
# Option settings: hmmsearch --domtblout /home/bgerda/guppy_SUP/busco_results/run_glires_odb10/hmmer_output/rerun_results/34784at314147.out --cpu 1 /home/bgerda/guppy_SUP/busco_downloads/lineages/glires_odb10/hmms/34784at314147.hmm /home/bgerda/guppy_SUP/busco_results/run_glires_odb10/metaeuk_output/rerun_results/ragtag.scaffold.fasta.modified.fas 
# Current dir:     /home/bgerda/guppy_SUP
# Date:            Sun May 21 15:29:09 2023
# [ok]
