#                                                                                             --- full sequence --- -------------- this domain -------------   hmm coord   ali coord   env coord
# target name                         accession   tlen query name           accession   qlen   E-value  score  bias   #  of  c-Evalue  i-Evalue  score  bias  from    to  from    to  from    to  acc description of target
#                 ------------------- ---------- ----- -------------------- ---------- ----- --------- ------ ----- --- --- --------- --------- ------ ----- ----- ----- ----- ----- ----- ----- ---- ---------------------
NW_025965016.1_RagTag:328147-328811   -            169 37145at314147        -            183   1.2e-14   50.9   0.4   1   2   1.2e-14     2e-12   43.6   0.1     7   108     2   121     1   131 0.74 -
NW_025965016.1_RagTag:328147-328811   -            169 37145at314147        -            183   1.2e-14   50.9   0.4   2   2    0.0057         1    5.5   0.1   137   156   136   155   121   168 0.83 -
NW_025965218.1_RagTag:905689-892082   -            159 37145at314147        -            183   3.6e-09   33.0   0.4   1   1   8.3e-11   1.5e-08   31.1   0.4    12   102    33   141    24   152 0.73 -
NW_025965066.1_RagTag:302419-304244   -            147 37145at314147        -            183   6.4e-07   25.7   0.2   1   2   2.1e-06   0.00038   16.7   0.0    40    71    14    45     5    87 0.91 -
NW_025965066.1_RagTag:302419-304244   -            147 37145at314147        -            183   6.4e-07   25.7   0.2   2   2    0.0015      0.27    7.4   0.0   138   157    92   111    84   118 0.86 -
NW_025965256.1_RagTag:1009673-1010269 -            199 37145at314147        -            183   8.1e-06   22.1   0.0   1   1   1.2e-05    0.0021   14.2   0.0    12   119    17   142     6   190 0.70 -
contig_28026_pilon:2038-2154          -             39 37145at314147        -            183   8.3e-05   18.8   0.1   1   1   4.7e-07   8.3e-05   18.8   0.1    41    70     3    32     1    37 0.91 -
NW_025965152.1_RagTag:101615-101481   -             45 37145at314147        -            183   0.00013   18.2   0.0   1   1   7.2e-07   0.00013   18.2   0.0    44    70     1    27     1    38 0.94 -
NW_025965350.1_RagTag:49664-49999     -            112 37145at314147        -            183   0.00037   16.7   0.1   1   1   3.1e-05    0.0055   12.9   0.1    12    52    18    72     9    86 0.71 -
NW_025965045.1_RagTag:9470-9155       -            102 37145at314147        -            183    0.0011   15.1   0.0   1   1   8.5e-06    0.0015   14.7   0.0    44   129     1    85     1    94 0.75 -
#
# Program:         hmmsearch
# Version:         3.1b2 (February 2015)
# Pipeline mode:   SEARCH
# Query file:      /home/bgerda/guppy_SUP/busco_downloads/lineages/glires_odb10/hmms/37145at314147.hmm
# Target file:     /home/bgerda/guppy_SUP/busco_results/run_glires_odb10/metaeuk_output/rerun_results/ragtag.scaffold.fasta.modified.fas
# Option settings: hmmsearch --domtblout /home/bgerda/guppy_SUP/busco_results/run_glires_odb10/hmmer_output/rerun_results/37145at314147.out --cpu 1 /home/bgerda/guppy_SUP/busco_downloads/lineages/glires_odb10/hmms/37145at314147.hmm /home/bgerda/guppy_SUP/busco_results/run_glires_odb10/metaeuk_output/rerun_results/ragtag.scaffold.fasta.modified.fas 
# Current dir:     /home/bgerda/guppy_SUP
# Date:            Sun May 21 15:29:17 2023
# [ok]
