#                                                                                             --- full sequence --- -------------- this domain -------------   hmm coord   ali coord   env coord
# target name                         accession   tlen query name           accession   qlen   E-value  score  bias   #  of  c-Evalue  i-Evalue  score  bias  from    to  from    to  from    to  acc description of target
#                 ------------------- ---------- ----- -------------------- ---------- ----- --------- ------ ----- --- --- --------- --------- ------ ----- ----- ----- ----- ----- ----- ----- ---- ---------------------
NW_025965307.1_RagTag:1485809-1486255 -            149 37557at314147        -            202   1.1e-32  109.8   5.7   1   1   5.6e-35   1.3e-32  109.5   5.7    52   201     4   148     2   149 0.95 -
NW_025965318.1_RagTag:3881400-3882474 -            128 37557at314147        -            202   6.2e-18   61.6   9.4   1   1   3.5e-20   8.1e-18   61.2   9.4    72   193     9   128     1   128 0.94 -
NW_025965315.1_RagTag:2621896-2622413 -            110 37557at314147        -            202     1e-10   38.0   0.1   1   1     5e-13   1.2e-10   37.8   0.1    60   163     1   104     1   110 0.79 -
NW_025965135.1_RagTag:478480-478860   -            127 37557at314147        -            202   2.5e-08   30.2   0.0   1   2   1.4e-08   3.2e-06   23.3   0.0   135   201    24    91     7    92 0.84 -
NW_025965135.1_RagTag:478480-478860   -            127 37557at314147        -            202   2.5e-08   30.2   0.0   2   2    0.0049       1.1    5.2   0.0    60    83   100   123    94   127 0.78 -
NW_025965296.1_RagTag:255913-255011   -            301 37557at314147        -            202   0.00012   18.2   8.3   1   5     0.033       7.9    2.5   0.1    52    82    60    91    20    99 0.76 -
NW_025965296.1_RagTag:255913-255011   -            301 37557at314147        -            202   0.00012   18.2   8.3   2   5     0.005       1.2    5.2   0.0   141   172   109   141   103   184 0.66 -
NW_025965296.1_RagTag:255913-255011   -            301 37557at314147        -            202   0.00012   18.2   8.3   3   5   3.3e-05    0.0077   12.3   1.2   168   199   187   218   151   221 0.66 -
NW_025965296.1_RagTag:255913-255011   -            301 37557at314147        -            202   0.00012   18.2   8.3   4   5      0.26        61   -0.4   0.0   182   195   242   255   232   260 0.77 -
NW_025965296.1_RagTag:255913-255011   -            301 37557at314147        -            202   0.00012   18.2   8.3   5   5       2.9   6.9e+02   -3.9   0.0   143   158   276   291   270   294 0.72 -
NW_025965190.1_RagTag:123275-123967   -            231 37557at314147        -            202    0.0015   14.6   0.1   1   1   1.1e-05    0.0025   13.9   0.1   112   167    97   158    87   166 0.78 -
#
# Program:         hmmsearch
# Version:         3.1b2 (February 2015)
# Pipeline mode:   SEARCH
# Query file:      /home/bgerda/guppy_SUP/busco_downloads/lineages/glires_odb10/hmms/37557at314147.hmm
# Target file:     /home/bgerda/guppy_SUP/busco_results/run_glires_odb10/metaeuk_output/rerun_results/ragtag.scaffold.fasta.modified.fas
# Option settings: hmmsearch --domtblout /home/bgerda/guppy_SUP/busco_results/run_glires_odb10/hmmer_output/rerun_results/37557at314147.out --cpu 1 /home/bgerda/guppy_SUP/busco_downloads/lineages/glires_odb10/hmms/37557at314147.hmm /home/bgerda/guppy_SUP/busco_results/run_glires_odb10/metaeuk_output/rerun_results/ragtag.scaffold.fasta.modified.fas 
# Current dir:     /home/bgerda/guppy_SUP
# Date:            Sun May 21 15:29:20 2023
# [ok]
