#                                                                                             --- full sequence --- -------------- this domain -------------   hmm coord   ali coord   env coord
# target name                         accession   tlen query name           accession   qlen   E-value  score  bias   #  of  c-Evalue  i-Evalue  score  bias  from    to  from    to  from    to  acc description of target
#                 ------------------- ---------- ----- -------------------- ---------- ----- --------- ------ ----- --- --- --------- --------- ------ ----- ----- ----- ----- ----- ----- ----- ---- ---------------------
NW_025965209.1_RagTag:273034-273354   -            107 39270at314147        -            146   1.2e-11   41.1   0.6   1   1   5.2e-14   1.5e-11   40.9   0.6    62   138    30   106    22   107 0.86 -
NW_025965240.1_RagTag:118871-118551   -            107 39270at314147        -            146   0.00031   17.2   0.0   1   1   1.3e-06   0.00038   16.9   0.0    98   140    32    74    15    79 0.88 -
NW_025965152.1_RagTag:33978-30986     -            143 39270at314147        -            146   0.00044   16.7   0.0   1   1   2.2e-06   0.00063   16.2   0.0    88   138    23    73    16    78 0.92 -
NW_025965320.1_RagTag:3302585-3303088 -            168 39270at314147        -            146    0.0034   13.8   0.2   1   1     2e-05    0.0057   13.0   0.2    86   138    17    71    10    76 0.86 -
NW_025965375.1_RagTag:158111-157530   -            194 39270at314147        -            146      0.76    6.2   6.7   1   5     0.018         5    3.5   0.2    75    97    34    56    29    62 0.84 -
NW_025965375.1_RagTag:158111-157530   -            194 39270at314147        -            146      0.76    6.2   6.7   2   5     0.058        16    1.8   0.1    75   100    62    87    58    92 0.85 -
NW_025965375.1_RagTag:158111-157530   -            194 39270at314147        -            146      0.76    6.2   6.7   3   5      0.23        65   -0.1   0.1    75    97    90   112    85   125 0.81 -
NW_025965375.1_RagTag:158111-157530   -            194 39270at314147        -            146      0.76    6.2   6.7   4   5       0.3        85   -0.5   0.0    75    94   118   137   114   147 0.78 -
NW_025965375.1_RagTag:158111-157530   -            194 39270at314147        -            146      0.76    6.2   6.7   5   5      0.26        72   -0.3   0.0    75    93   146   164   142   177 0.78 -
#
# Program:         hmmsearch
# Version:         3.1b2 (February 2015)
# Pipeline mode:   SEARCH
# Query file:      /home/bgerda/guppy_SUP/busco_downloads/lineages/glires_odb10/hmms/39270at314147.hmm
# Target file:     /home/bgerda/guppy_SUP/busco_results/run_glires_odb10/metaeuk_output/rerun_results/ragtag.scaffold.fasta.modified.fas
# Option settings: hmmsearch --domtblout /home/bgerda/guppy_SUP/busco_results/run_glires_odb10/hmmer_output/rerun_results/39270at314147.out --cpu 1 /home/bgerda/guppy_SUP/busco_downloads/lineages/glires_odb10/hmms/39270at314147.hmm /home/bgerda/guppy_SUP/busco_results/run_glires_odb10/metaeuk_output/rerun_results/ragtag.scaffold.fasta.modified.fas 
# Current dir:     /home/bgerda/guppy_SUP
# Date:            Sun May 21 15:29:19 2023
# [ok]
