#                                                                                             --- full sequence --- -------------- this domain -------------   hmm coord   ali coord   env coord
# target name                         accession   tlen query name           accession   qlen   E-value  score  bias   #  of  c-Evalue  i-Evalue  score  bias  from    to  from    to  from    to  acc description of target
#                 ------------------- ---------- ----- -------------------- ---------- ----- --------- ------ ----- --- --- --------- --------- ------ ----- ----- ----- ----- ----- ----- ----- ---- ---------------------
NW_025965316.1_RagTag:913447-913899   -            140 39384at314147        -            191   7.8e-19   64.7   5.4   1   1   1.8e-20   5.1e-18   62.1   5.4    23   157     1   129     1   140 0.82 -
contig_7816_pilon:143-2076            -            194 39384at314147        -            191   9.7e-16   54.7  14.1   1   3   2.9e-10   8.1e-08   28.8   1.2   115   173     6    65     3    76 0.87 -
contig_7816_pilon:143-2076            -            194 39384at314147        -            191   9.7e-16   54.7  14.1   2   3     2e-07   5.7e-05   19.5   1.5     9    69    67   127    64   134 0.54 -
contig_7816_pilon:143-2076            -            194 39384at314147        -            191   9.7e-16   54.7  14.1   3   3   7.4e-06    0.0021   14.4   1.3   128   170   145   191   127   193 0.70 -
NW_025965080.1_RagTag:544012-542013   -            215 39384at314147        -            191   3.4e-14   49.6  16.0   1   4   9.8e-09   2.8e-06   23.8   0.3   125   178    16    69     1    73 0.86 -
NW_025965080.1_RagTag:544012-542013   -            215 39384at314147        -            191   3.4e-14   49.6  16.0   2   4   5.9e-05     0.017   11.5   1.2   143   180    67   105    65   112 0.85 -
NW_025965080.1_RagTag:544012-542013   -            215 39384at314147        -            191   3.4e-14   49.6  16.0   3   4   0.00034     0.096    9.0   0.3   116   171   101   154   100   162 0.77 -
NW_025965080.1_RagTag:544012-542013   -            215 39384at314147        -            191   3.4e-14   49.6  16.0   4   4   8.7e-07   0.00025   17.4   2.6     8    64   158   213   155   215 0.70 -
NW_025965218.1_RagTag:1407529-1405062 -            220 39384at314147        -            191   1.6e-05   21.3   1.3   1   1   1.1e-07   3.2e-05   20.4   1.3   135   171    27    64     7    69 0.86 -
NW_025965284.1_RagTag:31995-31434     -             98 39384at314147        -            191   0.00013   18.4   0.4   1   1   5.1e-07   0.00015   18.2   0.4    95   169     5    80     1    93 0.75 -
#
# Program:         hmmsearch
# Version:         3.1b2 (February 2015)
# Pipeline mode:   SEARCH
# Query file:      /home/bgerda/guppy_SUP/busco_downloads/lineages/glires_odb10/hmms/39384at314147.hmm
# Target file:     /home/bgerda/guppy_SUP/busco_results/run_glires_odb10/metaeuk_output/rerun_results/ragtag.scaffold.fasta.modified.fas
# Option settings: hmmsearch --domtblout /home/bgerda/guppy_SUP/busco_results/run_glires_odb10/hmmer_output/rerun_results/39384at314147.out --cpu 1 /home/bgerda/guppy_SUP/busco_downloads/lineages/glires_odb10/hmms/39384at314147.hmm /home/bgerda/guppy_SUP/busco_results/run_glires_odb10/metaeuk_output/rerun_results/ragtag.scaffold.fasta.modified.fas 
# Current dir:     /home/bgerda/guppy_SUP
# Date:            Sun May 21 15:29:10 2023
# [ok]
