#                                                                                             --- full sequence --- -------------- this domain -------------   hmm coord   ali coord   env coord
# target name                         accession   tlen query name           accession   qlen   E-value  score  bias   #  of  c-Evalue  i-Evalue  score  bias  from    to  from    to  from    to  acc description of target
#                 ------------------- ---------- ----- -------------------- ---------- ----- --------- ------ ----- --- --- --------- --------- ------ ----- ----- ----- ----- ----- ----- ----- ---- ---------------------
NW_025965188.1_RagTag:479271-479684   -            138 41843at314147        -            126     2e-09   33.9   0.4   1   2   2.1e-05    0.0049   13.2   0.0     3    59     3    59     1    73 0.83 -
NW_025965188.1_RagTag:479271-479684   -            138 41843at314147        -            126     2e-09   33.9   0.4   2   2   2.8e-07   6.6e-05   19.3   0.1     4    58    84   137    80   138 0.88 -
NW_025965344.1_RagTag:44177-38824     -            169 41843at314147        -            126   0.00012   18.5   0.0   1   2   3.7e-05    0.0086   12.4   0.0     8   104    15   108    10   113 0.81 -
NW_025965344.1_RagTag:44177-38824     -            169 41843at314147        -            126   0.00012   18.5   0.0   2   2     0.013       3.1    4.2   0.0    65   102   120   157   112   165 0.85 -
NW_025965288.1_RagTag:106193-105948   -             82 41843at314147        -            126    0.0003   17.2   0.0   1   1   1.4e-06   0.00033   17.0   0.0    31    86     9    64     2    75 0.85 -
NW_025965163.1_RagTag:39467-30573     -            706 41843at314147        -            126   0.00038   16.8   0.0   1   1   2.9e-06   0.00069   16.0   0.0    52   106   436   490   424   505 0.73 -
NW_025965287.1_RagTag:1597561-1602211 -            433 41843at314147        -            126    0.0061   12.9   0.4   1   2      0.14        32    0.9   0.0    48    94   321   370   311   374 0.75 -
NW_025965287.1_RagTag:1597561-1602211 -            433 41843at314147        -            126    0.0061   12.9   0.4   2   2   0.00016     0.037   10.4   0.2    33    68   375   410   357   428 0.73 -
NW_025965352.1_RagTag:113601-115107   -            273 41843at314147        -            126    0.0074   12.7   0.0   1   1   6.1e-05     0.014   11.7   0.0    51   101     3    53     1    66 0.85 -
#
# Program:         hmmsearch
# Version:         3.1b2 (February 2015)
# Pipeline mode:   SEARCH
# Query file:      /home/bgerda/guppy_SUP/busco_downloads/lineages/glires_odb10/hmms/41843at314147.hmm
# Target file:     /home/bgerda/guppy_SUP/busco_results/run_glires_odb10/metaeuk_output/rerun_results/ragtag.scaffold.fasta.modified.fas
# Option settings: hmmsearch --domtblout /home/bgerda/guppy_SUP/busco_results/run_glires_odb10/hmmer_output/rerun_results/41843at314147.out --cpu 1 /home/bgerda/guppy_SUP/busco_downloads/lineages/glires_odb10/hmms/41843at314147.hmm /home/bgerda/guppy_SUP/busco_results/run_glires_odb10/metaeuk_output/rerun_results/ragtag.scaffold.fasta.modified.fas 
# Current dir:     /home/bgerda/guppy_SUP
# Date:            Sun May 21 15:29:18 2023
# [ok]
