#                                                                                             --- full sequence --- -------------- this domain -------------   hmm coord   ali coord   env coord
# target name                         accession   tlen query name           accession   qlen   E-value  score  bias   #  of  c-Evalue  i-Evalue  score  bias  from    to  from    to  from    to  acc description of target
#                 ------------------- ---------- ----- -------------------- ---------- ----- --------- ------ ----- --- --- --------- --------- ------ ----- ----- ----- ----- ----- ----- ----- ---- ---------------------
NW_025965188.1_RagTag:479271-479684   -            138 5091at314147         -            841   9.1e-12   40.3   4.5   1   2   1.3e-06   0.00026   15.7   0.2   235   279    16    61     3    66 0.82 -
NW_025965188.1_RagTag:479271-479684   -            138 5091at314147         -            841   9.1e-12   40.3   4.5   2   2   5.7e-10   1.2e-07   26.8   0.7    72   143    67   138    62   138 0.89 -
NW_025965287.1_RagTag:1597561-1602211 -            433 5091at314147         -            841   4.5e-09   31.4   0.2   1   1   3.2e-11   6.4e-09   30.9   0.2   200   289   321   413   310   423 0.86 -
NW_025965352.1_RagTag:113601-115107   -            273 5091at314147         -            841   7.6e-07   24.1   0.1   1   1   4.9e-09   9.8e-07   23.7   0.1   235   350     1   121     1   135 0.74 -
NW_025965344.1_RagTag:44177-38824     -            169 5091at314147         -            841   9.7e-05   17.1   0.0   1   2   1.4e-06   0.00028   15.6   0.0   134   249    23   131    10   137 0.81 -
NW_025965344.1_RagTag:44177-38824     -            169 5091at314147         -            841   9.7e-05   17.1   0.0   2   2     0.058        12    0.3   0.0   290   321   127   158   116   163 0.74 -
NW_025965288.1_RagTag:106193-105948   -             82 5091at314147         -            841    0.0023   12.6   0.0   1   1   1.1e-05    0.0023   12.5   0.0    94   135    18    62     6    79 0.62 -
NW_025965163.1_RagTag:39467-30573     -            706 5091at314147         -            841    0.0039   11.8   0.0   1   1   3.2e-05    0.0064   11.1   0.0   272   325   438   491   427   499 0.81 -
NW_025965182.1_RagTag:1208376-1208540 -             55 5091at314147         -            841    0.0053   11.4   0.0   1   1   2.6e-05    0.0053   11.4   0.0   233   263    18    48     3    53 0.78 -
#
# Program:         hmmsearch
# Version:         3.1b2 (February 2015)
# Pipeline mode:   SEARCH
# Query file:      /home/bgerda/guppy_SUP/busco_downloads/lineages/glires_odb10/hmms/5091at314147.hmm
# Target file:     /home/bgerda/guppy_SUP/busco_results/run_glires_odb10/metaeuk_output/rerun_results/ragtag.scaffold.fasta.modified.fas
# Option settings: hmmsearch --domtblout /home/bgerda/guppy_SUP/busco_results/run_glires_odb10/hmmer_output/rerun_results/5091at314147.out --cpu 1 /home/bgerda/guppy_SUP/busco_downloads/lineages/glires_odb10/hmms/5091at314147.hmm /home/bgerda/guppy_SUP/busco_results/run_glires_odb10/metaeuk_output/rerun_results/ragtag.scaffold.fasta.modified.fas 
# Current dir:     /home/bgerda/guppy_SUP
# Date:            Sun May 21 15:29:19 2023
# [ok]
