#                                                                                             --- full sequence --- -------------- this domain -------------   hmm coord   ali coord   env coord
# target name                         accession   tlen query name           accession   qlen   E-value  score  bias   #  of  c-Evalue  i-Evalue  score  bias  from    to  from    to  from    to  acc description of target
#                 ------------------- ---------- ----- -------------------- ---------- ----- --------- ------ ----- --- --- --------- --------- ------ ----- ----- ----- ----- ----- ----- ----- ---- ---------------------
NW_025965324.1_RagTag:3279529-3256974 -            664 5428at314147         -            918     9e-23   76.5   4.2   1   3   3.7e-09     1e-06   23.4   0.0   206   276    12    87     8   103 0.70 -
NW_025965324.1_RagTag:3279529-3256974 -            664 5428at314147         -            918     9e-23   76.5   4.2   2   3   0.00025     0.072    7.4   0.0   395   463   153   219   131   234 0.68 -
NW_025965324.1_RagTag:3279529-3256974 -            664 5428at314147         -            918     9e-23   76.5   4.2   3   3   3.9e-15   1.1e-12   43.2   1.3   208   566   292   634   285   639 0.81 -
NW_025965324.1_RagTag:3255460-3254525 -            279 5428at314147         -            918   1.3e-08   29.7   0.1   1   2   4.1e-09   1.2e-06   23.2   0.0   211   284   121   197   114   201 0.85 -
NW_025965324.1_RagTag:3255460-3254525 -            279 5428at314147         -            918   1.3e-08   29.7   0.1   2   2    0.0018       0.5    4.6   0.0   489   556   213   277   196   279 0.73 -
NW_025965548.1_RagTag:8826-2086       -            436 5428at314147         -            918   1.9e-06   22.5   0.0   1   2   0.00097      0.27    5.5   0.0   298   331    21    54    12    72 0.69 -
NW_025965548.1_RagTag:8826-2086       -            436 5428at314147         -            918   1.9e-06   22.5   0.0   2   2   1.4e-06   0.00038   14.9   0.0   290   376    88   181    82   192 0.81 -
NW_025965324.1_RagTag:3286112-3285156 -            319 5428at314147         -            918   6.4e-06   20.8   0.0   1   2   4.8e-05     0.013    9.8   0.0   390   458     3    68     1    87 0.83 -
NW_025965324.1_RagTag:3286112-3285156 -            319 5428at314147         -            918   6.4e-06   20.8   0.0   2   2   7.3e-05     0.021    9.2   0.0   207   275   241   315   220   319 0.73 -
NW_025965315.1_RagTag:2826704-2826429 -             92 5428at314147         -            918   2.3e-05   19.0   0.0   1   1   8.9e-08   2.5e-05   18.8   0.0   205   279    11    91     4    92 0.75 -
#
# Program:         hmmsearch
# Version:         3.1b2 (February 2015)
# Pipeline mode:   SEARCH
# Query file:      /home/bgerda/guppy_SUP/busco_downloads/lineages/glires_odb10/hmms/5428at314147.hmm
# Target file:     /home/bgerda/guppy_SUP/busco_results/run_glires_odb10/metaeuk_output/rerun_results/ragtag.scaffold.fasta.modified.fas
# Option settings: hmmsearch --domtblout /home/bgerda/guppy_SUP/busco_results/run_glires_odb10/hmmer_output/rerun_results/5428at314147.out --cpu 1 /home/bgerda/guppy_SUP/busco_downloads/lineages/glires_odb10/hmms/5428at314147.hmm /home/bgerda/guppy_SUP/busco_results/run_glires_odb10/metaeuk_output/rerun_results/ragtag.scaffold.fasta.modified.fas 
# Current dir:     /home/bgerda/guppy_SUP
# Date:            Sun May 21 15:29:16 2023
# [ok]
