#                                                                                             --- full sequence --- -------------- this domain -------------   hmm coord   ali coord   env coord
# target name                         accession   tlen query name           accession   qlen   E-value  score  bias   #  of  c-Evalue  i-Evalue  score  bias  from    to  from    to  from    to  acc description of target
#                 ------------------- ---------- ----- -------------------- ---------- ----- --------- ------ ----- --- --- --------- --------- ------ ----- ----- ----- ----- ----- ----- ----- ---- ---------------------
NW_025965324.1_RagTag:3279529-3256974 -            664 6280at314147         -            841   1.6e-14   49.3   0.8   1   4   3.7e-06     0.001   13.5   0.0   102   172    12    86     6   117 0.76 -
NW_025965324.1_RagTag:3279529-3256974 -            664 6280at314147         -            841   1.6e-14   49.3   0.8   2   4   0.00036       0.1    6.9   0.0    26    84   154   224   135   230 0.62 -
NW_025965324.1_RagTag:3279529-3256974 -            664 6280at314147         -            841   1.6e-14   49.3   0.8   3   4   6.8e-05     0.019    9.3   0.1    19   184   289   460   276   469 0.63 -
NW_025965324.1_RagTag:3279529-3256974 -            664 6280at314147         -            841   1.6e-14   49.3   0.8   4   4   5.4e-08   1.5e-05   19.5   0.2    20   170   375   534   362   542 0.72 -
NW_025965324.1_RagTag:3286112-3285156 -            319 6280at314147         -            841   2.2e-06   22.3   0.0   1   2   2.3e-06   0.00065   14.1   0.0    20    53     3    36     1    63 0.84 -
NW_025965324.1_RagTag:3286112-3285156 -            319 6280at314147         -            841   2.2e-06   22.3   0.0   2   2   0.00058      0.16    6.2   0.0     9    49   228   269   222   277 0.85 -
NW_025965315.1_RagTag:2826704-2826429 -             92 6280at314147         -            841   1.1e-05   20.1   0.0   1   1   3.8e-08   1.1e-05   20.0   0.0    93   174     3    88     1    92 0.70 -
NW_025965548.1_RagTag:8826-2086       -            436 6280at314147         -            841   0.00082   13.8   0.0   1   2   4.8e-05     0.014    9.8   0.0    24    50    21    47    10    60 0.84 -
NW_025965548.1_RagTag:8826-2086       -            436 6280at314147         -            841   0.00082   13.8   0.0   2   2     0.013       3.7    1.7   0.0    20    54    91   129    79   142 0.80 -
NW_025965324.1_RagTag:3255460-3254525 -            279 6280at314147         -            841    0.0056   11.0   0.0   1   1   3.4e-05    0.0096   10.3   0.0   101   182   114   197   100   272 0.78 -
#
# Program:         hmmsearch
# Version:         3.1b2 (February 2015)
# Pipeline mode:   SEARCH
# Query file:      /home/bgerda/guppy_SUP/busco_downloads/lineages/glires_odb10/hmms/6280at314147.hmm
# Target file:     /home/bgerda/guppy_SUP/busco_results/run_glires_odb10/metaeuk_output/rerun_results/ragtag.scaffold.fasta.modified.fas
# Option settings: hmmsearch --domtblout /home/bgerda/guppy_SUP/busco_results/run_glires_odb10/hmmer_output/rerun_results/6280at314147.out --cpu 1 /home/bgerda/guppy_SUP/busco_downloads/lineages/glires_odb10/hmms/6280at314147.hmm /home/bgerda/guppy_SUP/busco_results/run_glires_odb10/metaeuk_output/rerun_results/ragtag.scaffold.fasta.modified.fas 
# Current dir:     /home/bgerda/guppy_SUP
# Date:            Sun May 21 15:29:18 2023
# [ok]
