#                                                                                             --- full sequence --- -------------- this domain -------------   hmm coord   ali coord   env coord
# target name                         accession   tlen query name           accession   qlen   E-value  score  bias   #  of  c-Evalue  i-Evalue  score  bias  from    to  from    to  from    to  acc description of target
#                 ------------------- ---------- ----- -------------------- ---------- ----- --------- ------ ----- --- --- --------- --------- ------ ----- ----- ----- ----- ----- ----- ----- ---- ---------------------
contig_74745_pilon:285-1611           -            442 6455at314147         -            878   1.8e-07   25.7   5.2   1   2   7.8e-09   2.2e-06   22.1   1.7   186   296    57   165    39   168 0.82 -
contig_74745_pilon:285-1611           -            442 6455at314147         -            878   1.8e-07   25.7   5.2   2   2   7.3e-07   0.00021   15.6   0.9   172   364   110   310   102   317 0.74 -
NW_025965028.1_RagTag:60583-61173     -            197 6455at314147         -            878   1.2e-06   23.0   4.0   1   2   7.7e-06    0.0022   12.2   0.3   196   266    61   132    45   139 0.65 -
NW_025965028.1_RagTag:60583-61173     -            197 6455at314147         -            878   1.2e-06   23.0   4.0   2   2   1.7e-06   0.00047   14.4   0.7   172   232   129   191   125   195 0.87 -
NW_025965140.1_RagTag:200150-201109   -            320 6455at314147         -            878   1.2e-05   19.7   0.8   1   2    0.0045       1.3    3.0   0.0   212   264    67   124    65   124 0.83 -
NW_025965140.1_RagTag:200150-201109   -            320 6455at314147         -            878   1.2e-05   19.7   0.8   2   2   8.4e-08   2.4e-05   18.7   0.5   165   260   116   217    93   243 0.80 -
NW_025965324.1_RagTag:3938788-3938228 -            187 6455at314147         -            878   1.6e-05   19.3   0.5   1   1   6.2e-08   1.7e-05   19.1   0.5   182   294    51   167     9   187 0.76 -
NW_025965301.1_RagTag:575267-573763   -            499 6455at314147         -            878     0.015    9.4   3.4   1   2     0.041        12   -0.1   0.1   235   291    35    92    20    99 0.64 -
NW_025965301.1_RagTag:575267-573763   -            499 6455at314147         -            878     0.015    9.4   3.4   2   2   4.4e-05     0.013    9.7   0.9   183   265   101   187    87   251 0.82 -
#
# Program:         hmmsearch
# Version:         3.1b2 (February 2015)
# Pipeline mode:   SEARCH
# Query file:      /home/bgerda/guppy_SUP/busco_downloads/lineages/glires_odb10/hmms/6455at314147.hmm
# Target file:     /home/bgerda/guppy_SUP/busco_results/run_glires_odb10/metaeuk_output/rerun_results/ragtag.scaffold.fasta.modified.fas
# Option settings: hmmsearch --domtblout /home/bgerda/guppy_SUP/busco_results/run_glires_odb10/hmmer_output/rerun_results/6455at314147.out --cpu 1 /home/bgerda/guppy_SUP/busco_downloads/lineages/glires_odb10/hmms/6455at314147.hmm /home/bgerda/guppy_SUP/busco_results/run_glires_odb10/metaeuk_output/rerun_results/ragtag.scaffold.fasta.modified.fas 
# Current dir:     /home/bgerda/guppy_SUP
# Date:            Sun May 21 15:29:11 2023
# [ok]
