#                                                                                             --- full sequence --- -------------- this domain -------------   hmm coord   ali coord   env coord
# target name                         accession   tlen query name           accession   qlen   E-value  score  bias   #  of  c-Evalue  i-Evalue  score  bias  from    to  from    to  from    to  acc description of target
#                 ------------------- ---------- ----- -------------------- ---------- ----- --------- ------ ----- --- --- --------- --------- ------ ----- ----- ----- ----- ----- ----- ----- ---- ---------------------
NW_025965322.1_RagTag:1301223-1302032 -            270 6928at314147         -            738   6.6e-11   37.9   6.3   1   2   3.1e-11   5.5e-09   31.5   0.8     1    41     1    41     1    46 0.94 -
NW_025965322.1_RagTag:1301223-1302032 -            270 6928at314147         -            738   6.6e-11   37.9   6.3   2   2   0.00012      0.02    9.8   0.5   126   169    54    98    44   219 0.74 -
NW_025965319.1_RagTag:4372733-4372377 -            119 6928at314147         -            738   8.9e-05   17.6   0.7   1   1     5e-07   8.9e-05   17.6   0.7     7    74     1    70     1   107 0.77 -
NW_025965148.1_RagTag:12286-11585     -            234 6928at314147         -            738   0.00012   17.1   0.0   1   1   8.4e-07   0.00015   16.9   0.0   586   710    66   199    25   213 0.72 -
NW_025965363.1_RagTag:42017-41472     -            182 6928at314147         -            738    0.0015   13.5   0.0   1   1   1.1e-05    0.0019   13.2   0.0   589   652     4    76     2   104 0.68 -
NW_025965209.1_RagTag:170170-170454   -             95 6928at314147         -            738    0.0015   13.5   0.2   1   1   9.4e-06    0.0017   13.4   0.2     8    36    27    55    23    77 0.86 -
contig_4568_pilon:1337-1579           -             81 6928at314147         -            738    0.0019   13.2   0.9   1   1     1e-05    0.0018   13.3   0.9     8    35     1    28     1    69 0.84 -
contig_50121_pilon:804-1229           -            142 6928at314147         -            738    0.0072   11.3   2.2   1   1   2.5e-05    0.0044   12.0   0.6    10    38     1    29     1    43 0.84 -
NW_025965316.1_RagTag:426262-426588   -            109 6928at314147         -            738    0.0092   10.9   0.3   1   1   4.8e-05    0.0085   11.1   0.3    10    51     2    44     1    83 0.87 -
#
# Program:         hmmsearch
# Version:         3.1b2 (February 2015)
# Pipeline mode:   SEARCH
# Query file:      /home/bgerda/guppy_SUP/busco_downloads/lineages/glires_odb10/hmms/6928at314147.hmm
# Target file:     /home/bgerda/guppy_SUP/busco_results/run_glires_odb10/metaeuk_output/rerun_results/ragtag.scaffold.fasta.modified.fas
# Option settings: hmmsearch --domtblout /home/bgerda/guppy_SUP/busco_results/run_glires_odb10/hmmer_output/rerun_results/6928at314147.out --cpu 1 /home/bgerda/guppy_SUP/busco_downloads/lineages/glires_odb10/hmms/6928at314147.hmm /home/bgerda/guppy_SUP/busco_results/run_glires_odb10/metaeuk_output/rerun_results/ragtag.scaffold.fasta.modified.fas 
# Current dir:     /home/bgerda/guppy_SUP
# Date:            Sun May 21 15:29:12 2023
# [ok]
