#                                                                                             --- full sequence --- -------------- this domain -------------   hmm coord   ali coord   env coord
# target name                         accession   tlen query name           accession   qlen   E-value  score  bias   #  of  c-Evalue  i-Evalue  score  bias  from    to  from    to  from    to  acc description of target
#                 ------------------- ---------- ----- -------------------- ---------- ----- --------- ------ ----- --- --- --------- --------- ------ ----- ----- ----- ----- ----- ----- ----- ---- ---------------------
NW_025965324.1_RagTag:3279529-3256974 -            664 7969at314147         -            707     9e-22   73.6   0.1   1   5   2.6e-07     6e-05   18.0   0.0   259   332    15    88     7   100 0.89 -
NW_025965324.1_RagTag:3279529-3256974 -            664 7969at314147         -            707     9e-22   73.6   0.1   2   5   1.9e-05    0.0045   11.8   0.0   165   322   149   214   132   229 0.59 -
NW_025965324.1_RagTag:3279529-3256974 -            664 7969at314147         -            707     9e-22   73.6   0.1   3   5   3.8e-08     9e-06   20.7   0.0   248   327   282   361   263   375 0.86 -
NW_025965324.1_RagTag:3279529-3256974 -            664 7969at314147         -            707     9e-22   73.6   0.1   4   5   0.00025     0.059    8.1   0.0   263   328   382   447   374   465 0.89 -
NW_025965324.1_RagTag:3279529-3256974 -            664 7969at314147         -            707     9e-22   73.6   0.1   5   5   0.00026     0.061    8.1   0.0   264   332   470   538   455   543 0.87 -
NW_025965320.1_RagTag:594569-589492   -            273 7969at314147         -            707   1.1e-11   40.3   0.4   1   1   6.3e-14   1.5e-11   39.9   0.4    14    50   175   211   168   230 0.86 -
NW_025965315.1_RagTag:2826704-2826429 -             92 7969at314147         -            707   2.2e-09   32.6   0.0   1   1     1e-11   2.4e-09   32.5   0.0   258   325    14    82     4    91 0.90 -
NW_025965324.1_RagTag:3286112-3285156 -            319 7969at314147         -            707   7.4e-05   17.7   0.0   1   2   5.6e-05     0.013   10.3   0.0   259   332     6    78     4    92 0.84 -
NW_025965324.1_RagTag:3286112-3285156 -            319 7969at314147         -            707   7.4e-05   17.7   0.0   2   2    0.0017      0.41    5.3   0.0   253   321   237   306   225   317 0.73 -
NW_025965548.1_RagTag:8826-2086       -            436 7969at314147         -            707   9.7e-05   17.3   0.0   1   2   5.9e-05     0.014   10.2   0.0   263   284    24    45    15    51 0.86 -
NW_025965548.1_RagTag:8826-2086       -            436 7969at314147         -            707   9.7e-05   17.3   0.0   2   2    0.0023      0.54    4.9   0.0   253   327    88   174    76   182 0.67 -
NW_025965324.1_RagTag:3255460-3254525 -            279 7969at314147         -            707     0.007   11.2   0.0   1   1   3.9e-05    0.0093   10.8   0.0   264   325   124   183   109   192 0.84 -
#
# Program:         hmmsearch
# Version:         3.1b2 (February 2015)
# Pipeline mode:   SEARCH
# Query file:      /home/bgerda/guppy_SUP/busco_downloads/lineages/glires_odb10/hmms/7969at314147.hmm
# Target file:     /home/bgerda/guppy_SUP/busco_results/run_glires_odb10/metaeuk_output/rerun_results/ragtag.scaffold.fasta.modified.fas
# Option settings: hmmsearch --domtblout /home/bgerda/guppy_SUP/busco_results/run_glires_odb10/hmmer_output/rerun_results/7969at314147.out --cpu 1 /home/bgerda/guppy_SUP/busco_downloads/lineages/glires_odb10/hmms/7969at314147.hmm /home/bgerda/guppy_SUP/busco_results/run_glires_odb10/metaeuk_output/rerun_results/ragtag.scaffold.fasta.modified.fas 
# Current dir:     /home/bgerda/guppy_SUP
# Date:            Sun May 21 15:29:14 2023
# [ok]
