#                                                                                             --- full sequence --- -------------- this domain -------------   hmm coord   ali coord   env coord
# target name                         accession   tlen query name           accession   qlen   E-value  score  bias   #  of  c-Evalue  i-Evalue  score  bias  from    to  from    to  from    to  acc description of target
#                 ------------------- ---------- ----- -------------------- ---------- ----- --------- ------ ----- --- --- --------- --------- ------ ----- ----- ----- ----- ----- ----- ----- ---- ---------------------
NW_025965287.1_RagTag:1528602-1528006 -            199 843at314147          -           2206   6.3e-12   39.4   1.9   1   2   9.3e-09   2.2e-06   21.0   0.7  1764  1842     3    79     1    88 0.54 -
NW_025965287.1_RagTag:1528602-1528006 -            199 843at314147          -           2206   6.3e-12   39.4   1.9   2   2   8.8e-10   2.1e-07   24.4   0.4  1732  1855    55   180    52   194 0.83 -
contig_13085_pilon:902-46             -            239 843at314147          -           2206   4.7e-07   23.3   0.9   1   2   1.9e-08   4.4e-06   20.0   0.8  1411  1518    37   145     8   188 0.56 -
contig_13085_pilon:902-46             -            239 843at314147          -           2206   4.7e-07   23.3   0.9   2   2    0.0024      0.57    3.1   0.0  1499  1525   158   184   153   212 0.85 -
NW_025965310.1_RagTag:498729-512410   -            308 843at314147          -           2206   2.7e-06   20.7   0.5   1   2   4.4e-05      0.01    8.9   0.0  1732  1803    90   161    77   207 0.80 -
NW_025965310.1_RagTag:498729-512410   -            308 843at314147          -           2206   2.7e-06   20.7   0.5   2   2   1.6e-05    0.0037   10.3   0.1  1412  1481   223   298   214   301 0.76 -
NW_025965155.1_RagTag:69793-68825     -            323 843at314147          -           2206   4.9e-06   19.9   0.1   1   2   0.00021     0.049    6.6   0.0  1531  1562    21    52    11    94 0.77 -
NW_025965155.1_RagTag:69793-68825     -            323 843at314147          -           2206   4.9e-06   19.9   0.1   2   2   6.3e-06    0.0015   11.6   0.0  1467  1610   125   282    70   315 0.77 -
NW_025965114.1_RagTag:29739-29566     -             58 843at314147          -           2206   0.00013   15.2   0.3   1   1   5.7e-07   0.00013   15.1   0.3  1798  1839     4    46     2    55 0.83 -
NW_025965321.1_RagTag:3116636-3114253 -            522 843at314147          -           2206   0.00066   12.8   0.5   1   1   4.9e-06    0.0011   12.0   0.5  1819  1924   197   302   145   315 0.63 -
#
# Program:         hmmsearch
# Version:         3.1b2 (February 2015)
# Pipeline mode:   SEARCH
# Query file:      /home/bgerda/guppy_SUP/busco_downloads/lineages/glires_odb10/hmms/843at314147.hmm
# Target file:     /home/bgerda/guppy_SUP/busco_results/run_glires_odb10/metaeuk_output/rerun_results/ragtag.scaffold.fasta.modified.fas
# Option settings: hmmsearch --domtblout /home/bgerda/guppy_SUP/busco_results/run_glires_odb10/hmmer_output/rerun_results/843at314147.out --cpu 1 /home/bgerda/guppy_SUP/busco_downloads/lineages/glires_odb10/hmms/843at314147.hmm /home/bgerda/guppy_SUP/busco_results/run_glires_odb10/metaeuk_output/rerun_results/ragtag.scaffold.fasta.modified.fas 
# Current dir:     /home/bgerda/guppy_SUP
# Date:            Sun May 21 15:29:14 2023
# [ok]
