#                                                                                             --- full sequence --- -------------- this domain -------------   hmm coord   ali coord   env coord
# target name                         accession   tlen query name           accession   qlen   E-value  score  bias   #  of  c-Evalue  i-Evalue  score  bias  from    to  from    to  from    to  acc description of target
#                 ------------------- ---------- ----- -------------------- ---------- ----- --------- ------ ----- --- --- --------- --------- ------ ----- ----- ----- ----- ----- ----- ----- ---- ---------------------
NW_025965595.1_RagTag:2447-3646       -            400 877at314147          -           1573   1.5e-56  187.9   0.5   1   1   7.6e-59   1.8e-56  187.6   0.5  1058  1297   119   375    45   385 0.78 -
NW_025965595.1_RagTag:876-2219        -            448 877at314147          -           1573   1.1e-36  122.1   0.3   1   1   6.1e-39   1.4e-36  121.6   0.3  1352  1520   265   444   205   447 0.82 -
NW_025965324.1_RagTag:3279529-3256974 -            664 877at314147          -           1573   3.5e-19   64.0   8.5   1   3   2.1e-05    0.0049   10.5   0.0    25   105    12    87     1   102 0.63 -
NW_025965324.1_RagTag:3279529-3256974 -            664 877at314147          -           1573   3.5e-19   64.0   8.5   2   3   3.8e-05    0.0088    9.6   0.0   107   217   131   237   119   251 0.78 -
NW_025965324.1_RagTag:3279529-3256974 -            664 877at314147          -           1573   3.5e-19   64.0   8.5   3   3   7.7e-13   1.8e-10   35.1   5.5    26   388   291   638   279   641 0.79 -
NW_025965324.1_RagTag:3255460-3254525 -            279 877at314147          -           1573   6.2e-13   43.3   0.2   1   2   4.3e-06     0.001   12.7   0.1   301   384     2    89     1    98 0.83 -
NW_025965324.1_RagTag:3255460-3254525 -            279 877at314147          -           1573   6.2e-13   43.3   0.2   2   2     6e-11   1.4e-08   28.8   0.0   226   377   118   277   113   279 0.87 -
NW_025965315.1_RagTag:2826704-2826429 -             92 877at314147          -           1573   5.8e-09   30.1   0.0   1   1   2.7e-11   6.4e-09   30.0   0.0    14   106     1    92     1    92 0.82 -
NW_025965324.1_RagTag:3286112-3285156 -            319 877at314147          -           1573   0.00089   12.9   0.0   1   2   0.00021     0.049    7.2   0.0    27    60     5    39     2    86 0.80 -
NW_025965324.1_RagTag:3286112-3285156 -            319 877at314147          -           1573   0.00089   12.9   0.0   2   2     0.002      0.48    3.9   0.0    12   103   227   317   221   319 0.74 -
#
# Program:         hmmsearch
# Version:         3.1b2 (February 2015)
# Pipeline mode:   SEARCH
# Query file:      /home/bgerda/guppy_SUP/busco_downloads/lineages/glires_odb10/hmms/877at314147.hmm
# Target file:     /home/bgerda/guppy_SUP/busco_results/run_glires_odb10/metaeuk_output/rerun_results/ragtag.scaffold.fasta.modified.fas
# Option settings: hmmsearch --domtblout /home/bgerda/guppy_SUP/busco_results/run_glires_odb10/hmmer_output/rerun_results/877at314147.out --cpu 1 /home/bgerda/guppy_SUP/busco_downloads/lineages/glires_odb10/hmms/877at314147.hmm /home/bgerda/guppy_SUP/busco_results/run_glires_odb10/metaeuk_output/rerun_results/ragtag.scaffold.fasta.modified.fas 
# Current dir:     /home/bgerda/guppy_SUP
# Date:            Sun May 21 15:29:17 2023
# [ok]
