#                                                                                             --- full sequence --- -------------- this domain -------------   hmm coord   ali coord   env coord
# target name                         accession   tlen query name           accession   qlen   E-value  score  bias   #  of  c-Evalue  i-Evalue  score  bias  from    to  from    to  from    to  acc description of target
#                 ------------------- ---------- ----- -------------------- ---------- ----- --------- ------ ----- --- --- --------- --------- ------ ----- ----- ----- ----- ----- ----- ----- ---- ---------------------
NW_025965188.1_RagTag:479271-479684   -            138 9476at314147         -            709   3.2e-12   41.8   0.0   1   2   1.7e-06    0.0003   15.4   0.0   486   538    10    63     1    70 0.52 -
NW_025965188.1_RagTag:479271-479684   -            138 9476at314147         -            709   3.2e-12   41.8   0.0   2   2   2.6e-09   4.6e-07   24.7   0.0   507   565    78   136    68   138 0.90 -
NW_025965163.1_RagTag:39467-30573     -            706 9476at314147         -            709   9.2e-07   23.8   0.0   1   1   7.4e-09   1.3e-06   23.2   0.0   527   586   436   495   424   520 0.61 -
NW_025965352.1_RagTag:113601-115107   -            273 9476at314147         -            709   1.8e-06   22.8   0.0   1   1   1.3e-08   2.3e-06   22.4   0.0   496   548     6    58     1    85 0.74 -
NW_025965182.1_RagTag:1208376-1208540 -             55 9476at314147         -            709   5.7e-06   21.1   0.0   1   1   3.6e-08   6.3e-06   21.0   0.0   174   211    13    51     2    54 0.74 -
NW_025965344.1_RagTag:44177-38824     -            169 9476at314147         -            709     1e-05   20.3   0.0   1   1   1.4e-07   2.5e-05   19.0   0.0   468   553    32   115    26   121 0.89 -
NW_025965288.1_RagTag:106193-105948   -             82 9476at314147         -            709   4.7e-05   18.1   0.0   1   1     3e-07   5.3e-05   17.9   0.0   508   562     8    65     6    77 0.81 -
NW_025965287.1_RagTag:1597561-1602211 -            433 9476at314147         -            709   8.1e-05   17.3   0.1   1   1   6.1e-07   0.00011   16.9   0.1   478   551   345   417   309   430 0.85 -
NW_025965276.1_RagTag:401916-402389   -            158 9476at314147         -            709   0.00015   16.5   0.3   1   2     0.052       9.1    0.6   0.0   236   555    15    42     6    50 0.58 -
NW_025965276.1_RagTag:401916-402389   -            158 9476at314147         -            709   0.00015   16.5   0.3   2   2   4.9e-06   0.00087   13.9   0.1   490   585    52   147    41   154 0.81 -
#
# Program:         hmmsearch
# Version:         3.1b2 (February 2015)
# Pipeline mode:   SEARCH
# Query file:      /home/bgerda/guppy_SUP/busco_downloads/lineages/glires_odb10/hmms/9476at314147.hmm
# Target file:     /home/bgerda/guppy_SUP/busco_results/run_glires_odb10/metaeuk_output/rerun_results/ragtag.scaffold.fasta.modified.fas
# Option settings: hmmsearch --domtblout /home/bgerda/guppy_SUP/busco_results/run_glires_odb10/hmmer_output/rerun_results/9476at314147.out --cpu 1 /home/bgerda/guppy_SUP/busco_downloads/lineages/glires_odb10/hmms/9476at314147.hmm /home/bgerda/guppy_SUP/busco_results/run_glires_odb10/metaeuk_output/rerun_results/ragtag.scaffold.fasta.modified.fas 
# Current dir:     /home/bgerda/guppy_SUP
# Date:            Sun May 21 15:29:10 2023
# [ok]
