#                                                                                             --- full sequence --- -------------- this domain -------------   hmm coord   ali coord   env coord
# target name                         accession   tlen query name           accession   qlen   E-value  score  bias   #  of  c-Evalue  i-Evalue  score  bias  from    to  from    to  from    to  acc description of target
#                 ------------------- ---------- ----- -------------------- ---------- ----- --------- ------ ----- --- --- --------- --------- ------ ----- ----- ----- ----- ----- ----- ----- ---- ---------------------
NW_025965324.1_RagTag:3279738-3257185 -            664 10111at314147        -            700   3.2e-15   51.6   6.5   1   5   6.7e-07   0.00024   15.6   0.0   395   456    12    85     3    91 0.68 -
NW_025965324.1_RagTag:3279738-3257185 -            664 10111at314147        -            700   3.2e-15   51.6   6.5   2   5   3.2e-05     0.011   10.1   0.1   506   538   189   221   123   230 0.62 -
NW_025965324.1_RagTag:3279738-3257185 -            664 10111at314147        -            700   3.2e-15   51.6   6.5   3   5   6.6e-06    0.0023   12.3   0.1   190   235   328   372   274   376 0.73 -
NW_025965324.1_RagTag:3279738-3257185 -            664 10111at314147        -            700   3.2e-15   51.6   6.5   4   5   3.2e-05     0.011   10.1   0.3   189   225   412   448   362   466 0.63 -
NW_025965324.1_RagTag:3279738-3257185 -            664 10111at314147        -            700   3.2e-15   51.6   6.5   5   5      0.14        51   -2.0   0.0   436   457   515   536   494   544 0.71 -
NW_025965242.1_RagTag:105066-109425   -            227 10111at314147        -            700   0.00036   15.0   0.0   1   1   1.3e-06   0.00045   14.7   0.0   504   552    31    78    12    94 0.87 -
NW_025965060.1_RagTag:55066-51498     -            145 10111at314147        -            700     0.002   12.6   0.0   1   2    0.0045       1.6    3.0   0.0   244   274    13    43     6    48 0.79 -
NW_025965060.1_RagTag:55066-51498     -            145 10111at314147        -            700     0.002   12.6   0.0   2   2   3.9e-05     0.014    9.8   0.0   480   542    17    81    15   103 0.50 -
NW_025965315.1_RagTag:2836546-2836271 -             92 10111at314147        -            700    0.0093   10.4   0.0   1   1   4.1e-05     0.014    9.7   0.0   432   456    62    86     5    92 0.57 -
#
# Program:         hmmsearch
# Version:         3.1b2 (February 2015)
# Pipeline mode:   SEARCH
# Query file:      /home/bgerda/guppy_SUP/busco_downloads/lineages/glires_odb10/hmms/10111at314147.hmm
# Target file:     /home/bgerda/guppy_SUP/busco_results_flye/run_glires_odb10/metaeuk_output/rerun_results/ragtag.scaffold.fasta.modified.fas
# Option settings: hmmsearch --domtblout /home/bgerda/guppy_SUP/busco_results_flye/run_glires_odb10/hmmer_output/rerun_results/10111at314147.out --cpu 1 /home/bgerda/guppy_SUP/busco_downloads/lineages/glires_odb10/hmms/10111at314147.hmm /home/bgerda/guppy_SUP/busco_results_flye/run_glires_odb10/metaeuk_output/rerun_results/ragtag.scaffold.fasta.modified.fas 
# Current dir:     /home/bgerda/guppy_SUP
# Date:            Sun May 21 17:47:48 2023
# [ok]
