#                                                                                             --- full sequence --- -------------- this domain -------------   hmm coord   ali coord   env coord
# target name                         accession   tlen query name           accession   qlen   E-value  score  bias   #  of  c-Evalue  i-Evalue  score  bias  from    to  from    to  from    to  acc description of target
#                 ------------------- ---------- ----- -------------------- ---------- ----- --------- ------ ----- --- --- --------- --------- ------ ----- ----- ----- ----- ----- ----- ----- ---- ---------------------
NW_025965040.1_RagTag:266331-266095   -             79 10382at314147        -            566     1e-08   30.7   0.3   1   1   7.3e-11     1e-08   30.7   0.3   509   554    28    75    10    79 0.84 -
NW_025965040.1_RagTag:265376-265137   -             80 10382at314147        -            566   6.5e-08   28.1   0.7   1   1   4.6e-10   6.5e-08   28.1   0.7   509   549    37    79    15    80 0.82 -
NW_025965075.1_RagTag:21988-27231     -            378 10382at314147        -            566   2.5e-07   26.2   0.3   1   1   2.2e-09   3.2e-07   25.8   0.3   505   553   319   369   304   378 0.86 -
NW_025965314.1_RagTag:669224-667483   -            536 10382at314147        -            566   4.5e-07   25.3   0.4   1   1   4.1e-09   5.8e-07   25.0   0.4   509   553   487   533   470   536 0.86 -
NW_025965308.1_RagTag:1030891-931706  -             70 10382at314147        -            566     3e-06   22.6   1.0   1   1   2.2e-08   3.1e-06   22.6   1.0   511   554     7    52     2    62 0.86 -
NW_025965309.1_RagTag:3486659-3486297 -            121 10382at314147        -            566   0.00013   17.2   0.8   1   1   1.1e-06   0.00016   16.9   0.8   510   554    65   112    57   118 0.83 -
NW_025965075.1_RagTag:74487-67481     -            353 10382at314147        -            566    0.0022   13.2   1.7   1   1   2.1e-05     0.003   12.7   1.7   506   553    44    92    36    99 0.84 -
NW_025965316.1_RagTag:426278-426604   -            109 10382at314147        -            566    0.0025   13.0   2.2   1   1     2e-05    0.0028   12.8   2.2   511   556     2    49     1    56 0.85 -
NW_025965314.1_RagTag:623697-623012   -            157 10382at314147        -            566    0.0072   11.5   4.7   1   1   6.8e-05    0.0096   11.1   4.7   511   554    21    64    13    71 0.92 -
NW_025965118.1_RagTag:431045-433195   -            717 10382at314147        -            566     0.018   10.1   2.4   1   1   0.00018     0.025    9.7   2.4   509   551     2    44     1    51 0.94 -
#
# Program:         hmmsearch
# Version:         3.1b2 (February 2015)
# Pipeline mode:   SEARCH
# Query file:      /home/bgerda/guppy_SUP/busco_downloads/lineages/glires_odb10/hmms/10382at314147.hmm
# Target file:     /home/bgerda/guppy_SUP/busco_results_flye/run_glires_odb10/metaeuk_output/rerun_results/ragtag.scaffold.fasta.modified.fas
# Option settings: hmmsearch --domtblout /home/bgerda/guppy_SUP/busco_results_flye/run_glires_odb10/hmmer_output/rerun_results/10382at314147.out --cpu 1 /home/bgerda/guppy_SUP/busco_downloads/lineages/glires_odb10/hmms/10382at314147.hmm /home/bgerda/guppy_SUP/busco_results_flye/run_glires_odb10/metaeuk_output/rerun_results/ragtag.scaffold.fasta.modified.fas 
# Current dir:     /home/bgerda/guppy_SUP
# Date:            Sun May 21 17:47:51 2023
# [ok]
