#                                                                                             --- full sequence --- -------------- this domain -------------   hmm coord   ali coord   env coord
# target name                         accession   tlen query name           accession   qlen   E-value  score  bias   #  of  c-Evalue  i-Evalue  score  bias  from    to  from    to  from    to  acc description of target
#                 ------------------- ---------- ----- -------------------- ---------- ----- --------- ------ ----- --- --- --------- --------- ------ ----- ----- ----- ----- ----- ----- ----- ---- ---------------------
NW_025965287.1_RagTag:853042-851954   -            363 10485at314147        -            672   8.5e-15   50.3   8.9   1   2   9.6e-10   1.7e-07   26.1   0.3    59   167   119   232    80   239 0.65 -
NW_025965287.1_RagTag:853042-851954   -            363 10485at314147        -            672   8.5e-15   50.3   8.9   2   2   3.8e-10   6.7e-08   27.5   2.8    82   191   239   353   232   360 0.87 -
NW_025965028.1_RagTag:63265-63801     -            179 10485at314147        -            672   1.4e-11   39.6   3.6   1   1   9.8e-14   1.7e-11   39.3   3.6    99   215    48   166    34   169 0.60 -
NW_025965287.1_RagTag:855182-854643   -            180 10485at314147        -            672   2.1e-08   29.1   0.6   1   1   2.7e-10   4.7e-08   28.0   0.6    91   213    45   174    22   179 0.62 -
NW_025965304.1_RagTag:328604-257147   -            569 10485at314147        -            672   4.2e-07   24.8  10.4   1   3   4.2e-06   0.00074   14.1   1.2   104   178    40   113    15   173 0.66 -
NW_025965304.1_RagTag:328604-257147   -            569 10485at314147        -            672   4.2e-07   24.8  10.4   2   3    0.0018      0.33    5.4   0.0   103   182   282   367   253   376 0.82 -
NW_025965304.1_RagTag:328604-257147   -            569 10485at314147        -            672   4.2e-07   24.8  10.4   3   3   8.7e-05     0.015    9.8   1.2    99   187   401   493   372   510 0.71 -
NW_025965140.1_RagTag:200207-201166   -            320 10485at314147        -            672   2.7e-06   22.1   0.1   1   2   0.00016     0.028    8.9   0.0    62   126    65   133    60   139 0.71 -
NW_025965140.1_RagTag:200207-201166   -            320 10485at314147        -            672   2.7e-06   22.1   0.1   2   2   4.8e-05    0.0084   10.6   0.0    64   213   140   301   134   318 0.70 -
contig_74745_pilon:285-1611           -            442 10485at314147        -            672   1.1e-05   20.2   7.1   1   1   2.4e-06   0.00042   14.9   1.2    91   183   132   225   120   232 0.60 -
NW_025965324.1_RagTag:3938940-3938380 -            187 10485at314147        -            672   1.1e-05   20.1   0.5   1   1   7.9e-08   1.4e-05   19.8   0.5   126   234     7   117     2   135 0.78 -
NW_025965301.1_RagTag:570707-569203   -            499 10485at314147        -            672   0.00061   14.4   0.9   1   1   8.5e-06    0.0015   13.1   0.3    75   133   118   179   110   214 0.77 -
#
# Program:         hmmsearch
# Version:         3.1b2 (February 2015)
# Pipeline mode:   SEARCH
# Query file:      /home/bgerda/guppy_SUP/busco_downloads/lineages/glires_odb10/hmms/10485at314147.hmm
# Target file:     /home/bgerda/guppy_SUP/busco_results_flye/run_glires_odb10/metaeuk_output/rerun_results/ragtag.scaffold.fasta.modified.fas
# Option settings: hmmsearch --domtblout /home/bgerda/guppy_SUP/busco_results_flye/run_glires_odb10/hmmer_output/rerun_results/10485at314147.out --cpu 1 /home/bgerda/guppy_SUP/busco_downloads/lineages/glires_odb10/hmms/10485at314147.hmm /home/bgerda/guppy_SUP/busco_results_flye/run_glires_odb10/metaeuk_output/rerun_results/ragtag.scaffold.fasta.modified.fas 
# Current dir:     /home/bgerda/guppy_SUP
# Date:            Sun May 21 17:47:42 2023
# [ok]
