#                                                                                             --- full sequence --- -------------- this domain -------------   hmm coord   ali coord   env coord
# target name                         accession   tlen query name           accession   qlen   E-value  score  bias   #  of  c-Evalue  i-Evalue  score  bias  from    to  from    to  from    to  acc description of target
#                 ------------------- ---------- ----- -------------------- ---------- ----- --------- ------ ----- --- --- --------- --------- ------ ----- ----- ----- ----- ----- ----- ----- ---- ---------------------
NW_025965188.1_RagTag:479890-480303   -            138 11651at314147        -            793   5.3e-15   50.9   2.9   1   1   5.2e-16     1e-13   46.6   2.9   103   226     1   138     1   138 0.83 -
NW_025965182.1_RagTag:1203823-1203987 -             55 11651at314147        -            793   3.2e-07   25.1   0.0   1   1   1.6e-09   3.2e-07   25.1   0.0   142   184    12    54     1    55 0.85 -
NW_025965276.1_RagTag:401981-402454   -            158 11651at314147        -            793   2.4e-06   22.2   0.4   1   2   1.2e-06   0.00023   15.6   0.2    52   112    12    81     5    88 0.83 -
NW_025965276.1_RagTag:401981-402454   -            158 11651at314147        -            793   2.4e-06   22.2   0.4   2   2     0.002      0.39    5.0   0.0   188   239    88   142    83   149 0.73 -
NW_025965163.1_RagTag:39462-30569     -            706 11651at314147        -            793   1.5e-05   19.6   0.0   1   2         7   1.4e+03  -13.7  13.4   260   298    91   128    80   139 0.42 -
NW_025965163.1_RagTag:39462-30569     -            706 11651at314147        -            793   1.5e-05   19.6   0.0   2   2   7.2e-08   1.5e-05   19.6   0.0   153   209   436   492   427   504 0.85 -
NW_025965352.1_RagTag:111207-112713   -            273 11651at314147        -            793   2.2e-05   19.0   0.0   1   1   1.4e-07   2.8e-05   18.7   0.0   150   203     1    54     1    65 0.76 -
NW_025965287.1_RagTag:1600616-1605266 -            433 11651at314147        -            793   0.00023   15.7   0.2   1   1   1.7e-06   0.00034   15.1   0.2   117   201   322   409   314   421 0.57 -
NW_025965344.1_RagTag:44181-38828     -            169 11651at314147        -            793   0.00097   13.6   0.0   1   1   1.1e-05    0.0022   12.5   0.0   117   183    55   119    23   122 0.63 -
#
# Program:         hmmsearch
# Version:         3.1b2 (February 2015)
# Pipeline mode:   SEARCH
# Query file:      /home/bgerda/guppy_SUP/busco_downloads/lineages/glires_odb10/hmms/11651at314147.hmm
# Target file:     /home/bgerda/guppy_SUP/busco_results_flye/run_glires_odb10/metaeuk_output/rerun_results/ragtag.scaffold.fasta.modified.fas
# Option settings: hmmsearch --domtblout /home/bgerda/guppy_SUP/busco_results_flye/run_glires_odb10/hmmer_output/rerun_results/11651at314147.out --cpu 1 /home/bgerda/guppy_SUP/busco_downloads/lineages/glires_odb10/hmms/11651at314147.hmm /home/bgerda/guppy_SUP/busco_results_flye/run_glires_odb10/metaeuk_output/rerun_results/ragtag.scaffold.fasta.modified.fas 
# Current dir:     /home/bgerda/guppy_SUP
# Date:            Sun May 21 17:47:48 2023
# [ok]
