#                                                                                             --- full sequence --- -------------- this domain -------------   hmm coord   ali coord   env coord
# target name                         accession   tlen query name           accession   qlen   E-value  score  bias   #  of  c-Evalue  i-Evalue  score  bias  from    to  from    to  from    to  acc description of target
#                 ------------------- ---------- ----- -------------------- ---------- ----- --------- ------ ----- --- --- --------- --------- ------ ----- ----- ----- ----- ----- ----- ----- ---- ---------------------
NW_025965303.1_RagTag:446056-443752   -            553 1217at314147         -           1408   1.9e-15   51.6   8.6   1   1   7.6e-18   2.7e-15   51.1   8.6  1281  1393   442   548   431   551 0.85 -
NW_025965324.1_RagTag:3279738-3257185 -            664 1217at314147         -           1408   4.7e-12   40.4   2.1   1   5   6.7e-07   0.00024   14.9   0.0  1147  1220    10    89     4    99 0.77 -
NW_025965324.1_RagTag:3279738-3257185 -            664 1217at314147         -           1408   4.7e-12   40.4   2.1   2   5   2.8e-05    0.0099    9.5   0.0  1147  1222   146   227   142   235 0.78 -
NW_025965324.1_RagTag:3279738-3257185 -            664 1217at314147         -           1408   4.7e-12   40.4   2.1   3   5    0.0043       1.5    2.2   0.0   861   914   298   354   286   366 0.69 -
NW_025965324.1_RagTag:3279738-3257185 -            664 1217at314147         -           1408   4.7e-12   40.4   2.1   4   5    0.0017       0.6    3.6   0.0  1152  1217   378   449   355   462 0.73 -
NW_025965324.1_RagTag:3279738-3257185 -            664 1217at314147         -           1408   4.7e-12   40.4   2.1   5   5   3.7e-05     0.013    9.1   0.1  1078  1213   387   532   379   545 0.74 -
NW_025965315.1_RagTag:2836546-2836271 -             92 1217at314147         -           1408   0.00085   13.0   0.0   1   1   2.7e-06   0.00097   12.8   0.0  1152  1216    15    86     8    91 0.76 -
NW_025965548.1_RagTag:8831-2086       -            436 1217at314147         -           1408    0.0019   11.9   0.0   1   2    0.0013      0.47    3.9   0.0  1153  1176    21    44    12    49 0.84 -
NW_025965548.1_RagTag:8831-2086       -            436 1217at314147         -           1408    0.0019   11.9   0.0   2   2   0.00069      0.24    4.9   0.0  1149  1213    91   173    76   184 0.67 -
#
# Program:         hmmsearch
# Version:         3.1b2 (February 2015)
# Pipeline mode:   SEARCH
# Query file:      /home/bgerda/guppy_SUP/busco_downloads/lineages/glires_odb10/hmms/1217at314147.hmm
# Target file:     /home/bgerda/guppy_SUP/busco_results_flye/run_glires_odb10/metaeuk_output/rerun_results/ragtag.scaffold.fasta.modified.fas
# Option settings: hmmsearch --domtblout /home/bgerda/guppy_SUP/busco_results_flye/run_glires_odb10/hmmer_output/rerun_results/1217at314147.out --cpu 1 /home/bgerda/guppy_SUP/busco_downloads/lineages/glires_odb10/hmms/1217at314147.hmm /home/bgerda/guppy_SUP/busco_results_flye/run_glires_odb10/metaeuk_output/rerun_results/ragtag.scaffold.fasta.modified.fas 
# Current dir:     /home/bgerda/guppy_SUP
# Date:            Sun May 21 17:47:43 2023
# [ok]
