#                                                                                             --- full sequence --- -------------- this domain -------------   hmm coord   ali coord   env coord
# target name                         accession   tlen query name           accession   qlen   E-value  score  bias   #  of  c-Evalue  i-Evalue  score  bias  from    to  from    to  from    to  acc description of target
#                 ------------------- ---------- ----- -------------------- ---------- ----- --------- ------ ----- --- --- --------- --------- ------ ----- ----- ----- ----- ----- ----- ----- ---- ---------------------
NW_025965118.1_RagTag:431045-433195   -            717 12685at314147        -            872         0 1276.3 114.2   1   2  4.3e-260  5.5e-258  854.8  18.6    83   493     1   458     1   465 0.93 -
NW_025965118.1_RagTag:431045-433195   -            717 12685at314147        -            872         0 1276.3 114.2   2   2  1.9e-130  2.4e-128  425.9  93.5   457   721   447   713   445   717 0.97 -
NW_025965309.1_RagTag:3486659-3486297 -            121 12685at314147        -            872   1.7e-06   22.8   0.5   1   1   1.6e-08     2e-06   22.5   0.5    77   128    54   111     2   119 0.61 -
NW_025965316.1_RagTag:426278-426604   -            109 12685at314147        -            872   7.3e-05   17.3   1.6   1   1   5.7e-07   7.4e-05   17.3   1.6    86   131     2    50     1   100 0.72 -
contig_50121_pilon:804-1229           -            142 12685at314147        -            872   8.7e-05   17.1   2.2   1   1   6.8e-07   8.7e-05   17.1   2.2    86   129     1    45     1    53 0.82 -
NW_025965319.1_RagTag:4368574-4368218 -            119 12685at314147        -            872   0.00013   16.5   1.4   1   1     1e-06   0.00013   16.5   1.4    86   126     4    45     1    90 0.85 -
NW_025965075.1_RagTag:21988-27231     -            378 12685at314147        -            872   0.00037   15.0   0.9   1   1   2.9e-06   0.00037   15.0   0.9    79   128   318   369   301   373 0.81 -
NW_025965040.1_RagTag:266331-266095   -             79 12685at314147        -            872   0.00062   14.3   0.4   1   1   4.8e-06   0.00062   14.3   0.4    84   127    28    73     1    77 0.85 -
NW_025965314.1_RagTag:623697-623012   -            157 12685at314147        -            872   0.00081   13.9   0.8   1   1   6.9e-06   0.00088   13.8   0.8    81   126    16    61     2    86 0.89 -
NW_025965308.1_RagTag:1030891-931706  -             70 12685at314147        -            872      0.01   10.3   1.0   1   1     9e-05     0.012   10.1   1.0    85   128     6    51     3    57 0.86 -
NW_025965040.1_RagTag:265376-265137   -             80 12685at314147        -            872     0.012   10.0   1.5   1   1   9.8e-05     0.013   10.0   1.5    85   125    38    80    24    80 0.89 -
NW_025965075.1_RagTag:74487-67481     -            353 12685at314147        -            872      0.17    6.2   3.8   1   1    0.0021      0.26    5.6   3.8    82   126    47    90    39    98 0.83 -
#
# Program:         hmmsearch
# Version:         3.1b2 (February 2015)
# Pipeline mode:   SEARCH
# Query file:      /home/bgerda/guppy_SUP/busco_downloads/lineages/glires_odb10/hmms/12685at314147.hmm
# Target file:     /home/bgerda/guppy_SUP/busco_results_flye/run_glires_odb10/metaeuk_output/rerun_results/ragtag.scaffold.fasta.modified.fas
# Option settings: hmmsearch --domtblout /home/bgerda/guppy_SUP/busco_results_flye/run_glires_odb10/hmmer_output/rerun_results/12685at314147.out --cpu 1 /home/bgerda/guppy_SUP/busco_downloads/lineages/glires_odb10/hmms/12685at314147.hmm /home/bgerda/guppy_SUP/busco_results_flye/run_glires_odb10/metaeuk_output/rerun_results/ragtag.scaffold.fasta.modified.fas 
# Current dir:     /home/bgerda/guppy_SUP
# Date:            Sun May 21 17:47:57 2023
# [ok]
