#                                                                                             --- full sequence --- -------------- this domain -------------   hmm coord   ali coord   env coord
# target name                         accession   tlen query name           accession   qlen   E-value  score  bias   #  of  c-Evalue  i-Evalue  score  bias  from    to  from    to  from    to  acc description of target
#                 ------------------- ---------- ----- -------------------- ---------- ----- --------- ------ ----- --- --- --------- --------- ------ ----- ----- ----- ----- ----- ----- ----- ---- ---------------------
NW_025965287.1_RagTag:1600616-1605266 -            433 13081at314147        -            497   2.4e-07   26.4   0.1   1   1   1.8e-09   3.6e-07   25.8   0.1   159   261   321   422   289   431 0.82 -
NW_025965188.1_RagTag:479890-480303   -            138 13081at314147        -            497   3.9e-07   25.7   0.3   1   2   3.4e-05    0.0068   11.7   0.0    48   106     1    60     1    69 0.88 -
NW_025965188.1_RagTag:479890-480303   -            138 13081at314147        -            497   3.9e-07   25.7   0.3   2   2   2.2e-05    0.0045   12.3   0.1   226   271    91   136    79   138 0.85 -
NW_025965182.1_RagTag:1203823-1203987 -             55 13081at314147        -            497     4e-06   22.4   0.0   1   1   2.2e-08   4.4e-06   22.2   0.0    46    96     4    54     2    55 0.96 -
NW_025965163.1_RagTag:39462-30569     -            706 13081at314147        -            497   0.00012   17.5   0.0   1   1   9.6e-07   0.00019   16.8   0.0   225   283   428   486   410   494 0.78 -
NW_025965344.1_RagTag:44181-38828     -            169 13081at314147        -            497   0.00012   17.5   0.0   1   1   1.1e-06   0.00023   16.6   0.0     2    95    29   119    27   135 0.59 -
NW_025965352.1_RagTag:111207-112713   -            273 13081at314147        -            497   0.00018   16.9   0.0   1   1   1.2e-06   0.00024   16.5   0.0   129   285     3    56     1    84 0.60 -
NW_025965276.1_RagTag:401981-402454   -            158 13081at314147        -            497   0.00033   16.1   0.3   1   2     0.012       2.4    3.3   0.0   232   260    13    41     1    51 0.79 -
NW_025965276.1_RagTag:401981-402454   -            158 13081at314147        -            497   0.00033   16.1   0.3   2   2     0.014       2.9    3.1   0.0    36    60    90   114    85   123 0.88 -
#
# Program:         hmmsearch
# Version:         3.1b2 (February 2015)
# Pipeline mode:   SEARCH
# Query file:      /home/bgerda/guppy_SUP/busco_downloads/lineages/glires_odb10/hmms/13081at314147.hmm
# Target file:     /home/bgerda/guppy_SUP/busco_results_flye/run_glires_odb10/metaeuk_output/rerun_results/ragtag.scaffold.fasta.modified.fas
# Option settings: hmmsearch --domtblout /home/bgerda/guppy_SUP/busco_results_flye/run_glires_odb10/hmmer_output/rerun_results/13081at314147.out --cpu 1 /home/bgerda/guppy_SUP/busco_downloads/lineages/glires_odb10/hmms/13081at314147.hmm /home/bgerda/guppy_SUP/busco_results_flye/run_glires_odb10/metaeuk_output/rerun_results/ragtag.scaffold.fasta.modified.fas 
# Current dir:     /home/bgerda/guppy_SUP
# Date:            Sun May 21 17:47:47 2023
# [ok]
