#                                                                                             --- full sequence --- -------------- this domain -------------   hmm coord   ali coord   env coord
# target name                         accession   tlen query name           accession   qlen   E-value  score  bias   #  of  c-Evalue  i-Evalue  score  bias  from    to  from    to  from    to  acc description of target
#                 ------------------- ---------- ----- -------------------- ---------- ----- --------- ------ ----- --- --- --------- --------- ------ ----- ----- ----- ----- ----- ----- ----- ---- ---------------------
contig_13085_pilon:902-109            -            219 14275at314147        -            460   8.6e-10   34.3   0.8   1   2   1.5e-11   5.2e-09   31.7   0.3   190   293    41   136    13   150 0.78 -
contig_13085_pilon:902-109            -            219 14275at314147        -            460   8.6e-10   34.3   0.8   2   2      0.03        11    1.0   0.0   233   260   153   180   138   216 0.61 -
NW_025965287.1_RagTag:1529457-1528498 -            259 14275at314147        -            460     9e-10   34.3   3.7   1   4    0.0078       2.8    3.0   0.0   190   212    41    63    14    65 0.79 -
NW_025965287.1_RagTag:1529457-1528498 -            259 14275at314147        -            460     9e-10   34.3   3.7   2   4   2.7e-05    0.0094   11.1   0.1   188   257    66   131    63   141 0.67 -
NW_025965287.1_RagTag:1529457-1528498 -            259 14275at314147        -            460     9e-10   34.3   3.7   3   4   8.8e-07   0.00031   16.0   0.3   179   270    99   186    95   211 0.74 -
NW_025965287.1_RagTag:1529457-1528498 -            259 14275at314147        -            460     9e-10   34.3   3.7   4   4   8.9e-08   3.2e-05   19.3   0.4   186   287   149   246   134   256 0.78 -
NW_025965114.1_RagTag:29747-29574     -             58 14275at314147        -            460   9.4e-05   17.7   0.1   1   1   2.9e-07    0.0001   17.6   0.1   419   451    10    44     4    49 0.86 -
NW_025965155.1_RagTag:69796-68828     -            323 14275at314147        -            460    0.0082   11.3   0.1   1   2      0.12        41   -0.9   0.0   329   396    33   101    19   134 0.68 -
NW_025965155.1_RagTag:69796-68828     -            323 14275at314147        -            460    0.0082   11.3   0.1   2   2   0.00013     0.047    8.8   0.1   191   252   156   213   147   262 0.74 -
#
# Program:         hmmsearch
# Version:         3.1b2 (February 2015)
# Pipeline mode:   SEARCH
# Query file:      /home/bgerda/guppy_SUP/busco_downloads/lineages/glires_odb10/hmms/14275at314147.hmm
# Target file:     /home/bgerda/guppy_SUP/busco_results_flye/run_glires_odb10/metaeuk_output/rerun_results/ragtag.scaffold.fasta.modified.fas
# Option settings: hmmsearch --domtblout /home/bgerda/guppy_SUP/busco_results_flye/run_glires_odb10/hmmer_output/rerun_results/14275at314147.out --cpu 1 /home/bgerda/guppy_SUP/busco_downloads/lineages/glires_odb10/hmms/14275at314147.hmm /home/bgerda/guppy_SUP/busco_results_flye/run_glires_odb10/metaeuk_output/rerun_results/ragtag.scaffold.fasta.modified.fas 
# Current dir:     /home/bgerda/guppy_SUP
# Date:            Sun May 21 17:47:46 2023
# [ok]
