#                                                                                             --- full sequence --- -------------- this domain -------------   hmm coord   ali coord   env coord
# target name                         accession   tlen query name           accession   qlen   E-value  score  bias   #  of  c-Evalue  i-Evalue  score  bias  from    to  from    to  from    to  acc description of target
#                 ------------------- ---------- ----- -------------------- ---------- ----- --------- ------ ----- --- --- --------- --------- ------ ----- ----- ----- ----- ----- ----- ----- ---- ---------------------
NW_025965287.1_RagTag:1529457-1528498 -            259 14462at314147        -            483   3.2e-20   68.5   2.1   1   3    0.0012      0.29    6.0   0.0   395   425    39    69    28    71 0.79 -
NW_025965287.1_RagTag:1529457-1528498 -            259 14462at314147        -            483   3.2e-20   68.5   2.1   2   3   1.6e-17   3.7e-15   51.8   0.1   269   420    68   221    63   222 0.91 -
NW_025965287.1_RagTag:1529457-1528498 -            259 14462at314147        -            483   3.2e-20   68.5   2.1   3   3   1.3e-06   0.00032   15.8   0.0   235   282   206   253   197   258 0.88 -
contig_13085_pilon:902-109            -            219 14462at314147        -            483     7e-12   41.0   0.4   1   1   1.8e-13   4.2e-11   38.4   0.4   252   434    28   191    16   219 0.79 -
NW_025965155.1_RagTag:69796-68828     -            323 14462at314147        -            483   6.4e-08   27.9   0.1   1   2   2.5e-05    0.0058   11.6   0.0   351   453    20   127    12   144 0.75 -
NW_025965155.1_RagTag:69796-68828     -            323 14462at314147        -            483   6.4e-08   27.9   0.1   2   2   2.1e-05     0.005   11.8   0.1   353   419   153   220   133   259 0.77 -
NW_025965321.1_RagTag:3116848-3114465 -            522 14462at314147        -            483   1.3e-06   23.6   0.0   1   2   7.9e-06    0.0019   13.2   0.0   386   423   180   217   114   225 0.71 -
NW_025965321.1_RagTag:3116848-3114465 -            522 14462at314147        -            483   1.3e-06   23.6   0.0   2   2   0.00033     0.078    7.9   0.0   383   420   265   303   248   308 0.82 -
NW_025965310.1_RagTag:498896-512586   -            308 14462at314147        -            483   1.9e-06   23.1   0.1   1   2   9.9e-06    0.0023   12.9   0.0   242   296   100   154    86   172 0.83 -
NW_025965310.1_RagTag:498896-512586   -            308 14462at314147        -            483   1.9e-06   23.1   0.1   2   2   0.00034      0.08    7.8   0.1   257   296   214   254   193   300 0.75 -
NW_025965114.1_RagTag:29747-29574     -             58 14462at314147        -            483   0.00029   15.9   0.0   1   1   1.3e-06   0.00031   15.8   0.0   258   296     9    47     3    55 0.82 -
#
# Program:         hmmsearch
# Version:         3.1b2 (February 2015)
# Pipeline mode:   SEARCH
# Query file:      /home/bgerda/guppy_SUP/busco_downloads/lineages/glires_odb10/hmms/14462at314147.hmm
# Target file:     /home/bgerda/guppy_SUP/busco_results_flye/run_glires_odb10/metaeuk_output/rerun_results/ragtag.scaffold.fasta.modified.fas
# Option settings: hmmsearch --domtblout /home/bgerda/guppy_SUP/busco_results_flye/run_glires_odb10/hmmer_output/rerun_results/14462at314147.out --cpu 1 /home/bgerda/guppy_SUP/busco_downloads/lineages/glires_odb10/hmms/14462at314147.hmm /home/bgerda/guppy_SUP/busco_results_flye/run_glires_odb10/metaeuk_output/rerun_results/ragtag.scaffold.fasta.modified.fas 
# Current dir:     /home/bgerda/guppy_SUP
# Date:            Sun May 21 17:47:55 2023
# [ok]
