#                                                                                             --- full sequence --- -------------- this domain -------------   hmm coord   ali coord   env coord
# target name                         accession   tlen query name           accession   qlen   E-value  score  bias   #  of  c-Evalue  i-Evalue  score  bias  from    to  from    to  from    to  acc description of target
#                 ------------------- ---------- ----- -------------------- ---------- ----- --------- ------ ----- --- --- --------- --------- ------ ----- ----- ----- ----- ----- ----- ----- ---- ---------------------
NW_025965304.1_RagTag:546082-546768   -            139 14945at314147        -            497   6.7e-23   77.5  10.7   1   2   2.2e-12   5.2e-10   35.0   1.3   308   361     2    55     1    65 0.92 -
NW_025965304.1_RagTag:546082-546768   -            139 14945at314147        -            497   6.7e-23   77.5  10.7   2   2   2.5e-16     6e-14   48.0   2.5   305   363    64   122    58   135 0.94 -
NW_025965324.1_RagTag:3279738-3257185 -            664 14945at314147        -            497   3.4e-17   58.7   0.9   1   5   1.7e-06   0.00041   15.6   0.0   168   244    11    83     1    98 0.83 -
NW_025965324.1_RagTag:3279738-3257185 -            664 14945at314147        -            497   3.4e-17   58.7   0.9   2   5    0.0053       1.3    4.1   0.0   155   242   134   217   122   226 0.80 -
NW_025965324.1_RagTag:3279738-3257185 -            664 14945at314147        -            497   3.4e-17   58.7   0.9   3   5   4.2e-06   0.00099   14.3   0.0   163   252   284   369   272   394 0.85 -
NW_025965324.1_RagTag:3279738-3257185 -            664 14945at314147        -            497   3.4e-17   58.7   0.9   4   5      0.22        51   -1.2   0.0   220   244   422   446   411   464 0.78 -
NW_025965324.1_RagTag:3279738-3257185 -            664 14945at314147        -            497   3.4e-17   58.7   0.9   5   5   1.8e-07   4.3e-05   18.8   0.0   180   255   474   544   463   551 0.77 -
NW_025965315.1_RagTag:2836546-2836271 -             92 14945at314147        -            497   1.2e-07   27.2   0.0   1   1   6.8e-10   1.6e-07   26.8   0.0   159   252     2    92     1    92 0.83 -
NW_025965320.1_RagTag:594691-589615   -            273 14945at314147        -            497   0.00059   15.0   0.6   1   1   3.4e-06    0.0008   14.6   0.6    90   141   174   225   166   237 0.78 -
NW_025965324.1_RagTag:3286322-3285366 -            319 14945at314147        -            497    0.0012   14.0   0.0   1   2    0.0018      0.43    5.6   0.0   171   256     5    85     1   100 0.85 -
NW_025965324.1_RagTag:3286322-3285366 -            319 14945at314147        -            497    0.0012   14.0   0.0   2   2    0.0011      0.25    6.4   0.0   157   242   228   310   213   318 0.87 -
NW_025965421.1_RagTag:246806-248132   -            126 14945at314147        -            497    0.0056   11.8   0.1   1   1   2.9e-05    0.0069   11.5   0.1   366   406     2    41     1    52 0.85 -
#
# Program:         hmmsearch
# Version:         3.1b2 (February 2015)
# Pipeline mode:   SEARCH
# Query file:      /home/bgerda/guppy_SUP/busco_downloads/lineages/glires_odb10/hmms/14945at314147.hmm
# Target file:     /home/bgerda/guppy_SUP/busco_results_flye/run_glires_odb10/metaeuk_output/rerun_results/ragtag.scaffold.fasta.modified.fas
# Option settings: hmmsearch --domtblout /home/bgerda/guppy_SUP/busco_results_flye/run_glires_odb10/hmmer_output/rerun_results/14945at314147.out --cpu 1 /home/bgerda/guppy_SUP/busco_downloads/lineages/glires_odb10/hmms/14945at314147.hmm /home/bgerda/guppy_SUP/busco_results_flye/run_glires_odb10/metaeuk_output/rerun_results/ragtag.scaffold.fasta.modified.fas 
# Current dir:     /home/bgerda/guppy_SUP
# Date:            Sun May 21 17:47:56 2023
# [ok]
