#                                                                                             --- full sequence --- -------------- this domain -------------   hmm coord   ali coord   env coord
# target name                         accession   tlen query name           accession   qlen   E-value  score  bias   #  of  c-Evalue  i-Evalue  score  bias  from    to  from    to  from    to  acc description of target
#                 ------------------- ---------- ----- -------------------- ---------- ----- --------- ------ ----- --- --- --------- --------- ------ ----- ----- ----- ----- ----- ----- ----- ---- ---------------------
NW_025965287.1_RagTag:1529457-1528498 -            259 16502at314147        -            410     4e-11   38.8   2.3   1   4      0.11        30   -0.3   0.0   118   155    31    63    21    69 0.78 -
NW_025965287.1_RagTag:1529457-1528498 -            259 16502at314147        -            410     4e-11   38.8   2.3   2   4   6.2e-09   1.7e-06   23.5   0.2    92   193    74   169    61   174 0.83 -
NW_025965287.1_RagTag:1529457-1528498 -            259 16502at314147        -            410     4e-11   38.8   2.3   3   4   0.00022     0.063    8.5   0.0    95   164   119   184   117   204 0.64 -
NW_025965287.1_RagTag:1529457-1528498 -            259 16502at314147        -            410     4e-11   38.8   2.3   4   4   9.5e-06    0.0027   13.0   0.1    93   149   205   256   186   258 0.86 -
contig_13085_pilon:902-109            -            219 16502at314147        -            410   7.9e-05   18.1   0.0   1   1   4.1e-07   0.00012   17.5   0.0    98   167    53   117    22   150 0.67 -
NW_025965321.1_RagTag:3116848-3114465 -            522 16502at314147        -            410   0.00057   15.2   0.6   1   1     3e-06   0.00086   14.7   0.6    74   156   180   261   120   301 0.74 -
NW_025965310.1_RagTag:498896-512586   -            308 16502at314147        -            410    0.0066   11.7   0.5   1   1   3.6e-05      0.01   11.1   0.3    89   180   175   275   150   291 0.70 -
NW_025965155.1_RagTag:69796-68828     -            323 16502at314147        -            410    0.0077   11.5   0.0   1   2   0.00027     0.077    8.2   0.0   125   183    17    74    11   116 0.75 -
NW_025965155.1_RagTag:69796-68828     -            323 16502at314147        -            410    0.0077   11.5   0.0   2   2      0.05        14    0.8   0.0   255   330   239   318   198   321 0.77 -
#
# Program:         hmmsearch
# Version:         3.1b2 (February 2015)
# Pipeline mode:   SEARCH
# Query file:      /home/bgerda/guppy_SUP/busco_downloads/lineages/glires_odb10/hmms/16502at314147.hmm
# Target file:     /home/bgerda/guppy_SUP/busco_results_flye/run_glires_odb10/metaeuk_output/rerun_results/ragtag.scaffold.fasta.modified.fas
# Option settings: hmmsearch --domtblout /home/bgerda/guppy_SUP/busco_results_flye/run_glires_odb10/hmmer_output/rerun_results/16502at314147.out --cpu 1 /home/bgerda/guppy_SUP/busco_downloads/lineages/glires_odb10/hmms/16502at314147.hmm /home/bgerda/guppy_SUP/busco_results_flye/run_glires_odb10/metaeuk_output/rerun_results/ragtag.scaffold.fasta.modified.fas 
# Current dir:     /home/bgerda/guppy_SUP
# Date:            Sun May 21 17:47:51 2023
# [ok]
