#                                                                                             --- full sequence --- -------------- this domain -------------   hmm coord   ali coord   env coord
# target name                         accession   tlen query name           accession   qlen   E-value  score  bias   #  of  c-Evalue  i-Evalue  score  bias  from    to  from    to  from    to  acc description of target
#                 ------------------- ---------- ----- -------------------- ---------- ----- --------- ------ ----- --- --- --------- --------- ------ ----- ----- ----- ----- ----- ----- ----- ---- ---------------------
NW_025965314.1_RagTag:122427-124252   -            303 16634at314147        -            413   6.1e-11   38.2  17.5   1   1   9.3e-13   1.2e-10   37.2  17.5    12   265    49   296    41   301 0.81 -
NW_025965108.1_RagTag:146498-147454   -            319 16634at314147        -            413   2.7e-08   29.4   1.3   1   1   3.4e-10   4.4e-08   28.8   1.2     8   165    51   209    47   249 0.82 -
NW_025965161.1_RagTag:422258-421552   -            235 16634at314147        -            413   9.2e-06   21.1   3.4   1   1   9.1e-08   1.2e-05   20.8   3.4    11   118    72   179    61   229 0.76 -
NW_025965317.1_RagTag:3312573-3252659 -            334 16634at314147        -            413   2.1e-05   19.9   8.3   1   1   2.1e-07   2.7e-05   19.6   8.3    66   255   103   297    46   308 0.71 -
NW_025965230.1_RagTag:352145-351282   -            288 16634at314147        -            413   0.00012   17.5   5.7   1   1   0.00018     0.024    9.9   5.5     9   223    34   236    23   250 0.62 -
NW_025965323.1_RagTag:1326522-1325617 -            302 16634at314147        -            413   0.00038   15.8  13.9   1   1   3.6e-06   0.00047   15.5  13.9     9   228    24   244    16   291 0.65 -
NW_025965277.1_RagTag:1826609-1826334 -             92 16634at314147        -            413   0.00041   15.7   1.7   1   1   3.8e-06   0.00048   15.5   1.7     8    77    26    92    18    92 0.87 -
NW_025965421.1_RagTag:181780-182473   -            214 16634at314147        -            413    0.0018   13.6   0.0   1   1     2e-05    0.0026   13.0   0.0    45   160    18   133     9   139 0.83 -
NW_025965266.1_RagTag:245825-244296   -            282 16634at314147        -            413    0.0026   13.1   1.8   1   1   2.7e-05    0.0034   12.7   1.8    13   185    82   252    69   264 0.68 -
contig_67641_pilon:774-58             -            239 16634at314147        -            413     0.028    9.6   9.9   1   1   0.00034     0.044    9.0   9.9    16   119    39   142    25   238 0.79 -
contig_25261_pilon:2046-1063          -            328 16634at314147        -            413      0.05    8.8  10.9   1   1   0.00057     0.074    8.3  10.9    28   141    75   193    50   318 0.70 -
#
# Program:         hmmsearch
# Version:         3.1b2 (February 2015)
# Pipeline mode:   SEARCH
# Query file:      /home/bgerda/guppy_SUP/busco_downloads/lineages/glires_odb10/hmms/16634at314147.hmm
# Target file:     /home/bgerda/guppy_SUP/busco_results_flye/run_glires_odb10/metaeuk_output/rerun_results/ragtag.scaffold.fasta.modified.fas
# Option settings: hmmsearch --domtblout /home/bgerda/guppy_SUP/busco_results_flye/run_glires_odb10/hmmer_output/rerun_results/16634at314147.out --cpu 1 /home/bgerda/guppy_SUP/busco_downloads/lineages/glires_odb10/hmms/16634at314147.hmm /home/bgerda/guppy_SUP/busco_results_flye/run_glires_odb10/metaeuk_output/rerun_results/ragtag.scaffold.fasta.modified.fas 
# Current dir:     /home/bgerda/guppy_SUP
# Date:            Sun May 21 17:47:48 2023
# [ok]
