#                                                                                             --- full sequence --- -------------- this domain -------------   hmm coord   ali coord   env coord
# target name                         accession   tlen query name           accession   qlen   E-value  score  bias   #  of  c-Evalue  i-Evalue  score  bias  from    to  from    to  from    to  acc description of target
#                 ------------------- ---------- ----- -------------------- ---------- ----- --------- ------ ----- --- --- --------- --------- ------ ----- ----- ----- ----- ----- ----- ----- ---- ---------------------
NW_025965188.1_RagTag:479890-480303   -            138 17560at314147        -            413   2.2e-87  289.7   7.5   1   1   1.6e-89   2.5e-87  289.6   7.5   154   290     1   138     1   138 0.99 -
NW_025965352.1_RagTag:111207-112713   -            273 17560at314147        -            413   1.1e-09   33.8   0.3   1   2   5.7e-11     9e-09   30.8   0.1   252   291     6    45     1    56 0.90 -
NW_025965352.1_RagTag:111207-112713   -            273 17560at314147        -            413   1.1e-09   33.8   0.3   2   2   0.00036     0.057    8.4   0.0    80   103    39    62    37    67 0.85 -
NW_025965276.1_RagTag:401981-402454   -            158 17560at314147        -            413   1.1e-06   24.0   0.1   1   1   2.1e-08   3.2e-06   22.4   0.1   108   180    54   128    11   149 0.68 -
NW_025965288.1_RagTag:106215-105970   -             82 17560at314147        -            413   1.2e-05   20.5   0.0   1   1   8.4e-08   1.3e-05   20.4   0.0   152   202     8    60     2    70 0.83 -
NW_025965163.1_RagTag:39462-30569     -            706 17560at314147        -            413   3.8e-05   18.9   0.0   1   1   3.7e-07   5.9e-05   18.2   0.0   170   213   434   477   425   493 0.82 -
NW_025965287.1_RagTag:1600616-1605266 -            433 17560at314147        -            413   7.4e-05   17.9   0.1   1   1   7.4e-07   0.00012   17.3   0.1    79   152   326   403   316   428 0.80 -
NW_025965182.1_RagTag:1203823-1203987 -             55 17560at314147        -            413   0.00041   15.5   0.0   1   1   2.7e-06   0.00042   15.4   0.0    89   141     1    54     1    55 0.83 -
NW_025965318.1_RagTag:163288-173618   -            166 17560at314147        -            413    0.0021   13.1   0.0   1   1   1.8e-05    0.0028   12.7   0.0   118   154   117   152   112   164 0.73 -
NW_025965344.1_RagTag:44181-38828     -            169 17560at314147        -            413    0.0042   12.1   0.0   1   1   6.3e-05    0.0099   10.9   0.0   239   282    78   121    66   150 0.88 -
#
# Program:         hmmsearch
# Version:         3.1b2 (February 2015)
# Pipeline mode:   SEARCH
# Query file:      /home/bgerda/guppy_SUP/busco_downloads/lineages/glires_odb10/hmms/17560at314147.hmm
# Target file:     /home/bgerda/guppy_SUP/busco_results_flye/run_glires_odb10/metaeuk_output/rerun_results/ragtag.scaffold.fasta.modified.fas
# Option settings: hmmsearch --domtblout /home/bgerda/guppy_SUP/busco_results_flye/run_glires_odb10/hmmer_output/rerun_results/17560at314147.out --cpu 1 /home/bgerda/guppy_SUP/busco_downloads/lineages/glires_odb10/hmms/17560at314147.hmm /home/bgerda/guppy_SUP/busco_results_flye/run_glires_odb10/metaeuk_output/rerun_results/ragtag.scaffold.fasta.modified.fas 
# Current dir:     /home/bgerda/guppy_SUP
# Date:            Sun May 21 17:47:55 2023
# [ok]
