#                                                                                             --- full sequence --- -------------- this domain -------------   hmm coord   ali coord   env coord
# target name                         accession   tlen query name           accession   qlen   E-value  score  bias   #  of  c-Evalue  i-Evalue  score  bias  from    to  from    to  from    to  acc description of target
#                 ------------------- ---------- ----- -------------------- ---------- ----- --------- ------ ----- --- --- --------- --------- ------ ----- ----- ----- ----- ----- ----- ----- ---- ---------------------
NW_025965287.1_RagTag:853042-851954   -            363 17658at314147        -            465   2.7e-06   23.0   9.5   1   3      0.13        31   -0.3   0.0    73   119    73   126    69   129 0.74 -
NW_025965287.1_RagTag:853042-851954   -            363 17658at314147        -            465   2.7e-06   23.0   9.5   2   3   3.9e-08   9.2e-06   21.2   4.1    36   178   125   272   114   288 0.85 -
NW_025965287.1_RagTag:853042-851954   -            363 17658at314147        -            465   2.7e-06   23.0   9.5   3   3    0.0046       1.1    4.5   0.5    78   134   291   351   261   359 0.62 -
NW_025965301.1_RagTag:570707-569203   -            499 17658at314147        -            465   1.2e-05   20.8   3.6   1   1   7.1e-08   1.7e-05   20.4   3.6    47   156    49   168    36   185 0.78 -
NW_025965028.1_RagTag:63265-63801     -            179 17658at314147        -            465   1.8e-05   20.3   0.3   1   1     1e-07   2.4e-05   19.8   0.3    48   156    50   160    34   167 0.82 -
NW_025965324.1_RagTag:3938940-3938380 -            187 17658at314147        -            465   0.00046   15.6   0.0   1   2   3.7e-05    0.0086   11.4   0.0   100   160    33    95    27   120 0.83 -
NW_025965324.1_RagTag:3938940-3938380 -            187 17658at314147        -            465   0.00046   15.6   0.0   2   2     0.029       6.8    1.9   0.0    72   100   124   157   113   161 0.73 -
NW_025965319.1_RagTag:986038-984140   -            629 17658at314147        -            465   0.00068   15.1   1.0   1   1   6.9e-06    0.0016   13.8   1.0    52   153   105   216    83   241 0.66 -
NW_025965287.1_RagTag:855182-854643   -            180 17658at314147        -            465   0.00081   14.8   1.6   1   2   7.2e-06    0.0017   13.8   1.2    59   156    43   146    37   152 0.79 -
NW_025965287.1_RagTag:855182-854643   -            180 17658at314147        -            465   0.00081   14.8   1.6   2   2    0.0062       1.5    4.1   0.0    52    86   132   168   127   173 0.77 -
#
# Program:         hmmsearch
# Version:         3.1b2 (February 2015)
# Pipeline mode:   SEARCH
# Query file:      /home/bgerda/guppy_SUP/busco_downloads/lineages/glires_odb10/hmms/17658at314147.hmm
# Target file:     /home/bgerda/guppy_SUP/busco_results_flye/run_glires_odb10/metaeuk_output/rerun_results/ragtag.scaffold.fasta.modified.fas
# Option settings: hmmsearch --domtblout /home/bgerda/guppy_SUP/busco_results_flye/run_glires_odb10/hmmer_output/rerun_results/17658at314147.out --cpu 1 /home/bgerda/guppy_SUP/busco_downloads/lineages/glires_odb10/hmms/17658at314147.hmm /home/bgerda/guppy_SUP/busco_results_flye/run_glires_odb10/metaeuk_output/rerun_results/ragtag.scaffold.fasta.modified.fas 
# Current dir:     /home/bgerda/guppy_SUP
# Date:            Sun May 21 17:47:54 2023
# [ok]
