#                                                                                             --- full sequence --- -------------- this domain -------------   hmm coord   ali coord   env coord
# target name                         accession   tlen query name           accession   qlen   E-value  score  bias   #  of  c-Evalue  i-Evalue  score  bias  from    to  from    to  from    to  acc description of target
#                 ------------------- ---------- ----- -------------------- ---------- ----- --------- ------ ----- --- --- --------- --------- ------ ----- ----- ----- ----- ----- ----- ----- ---- ---------------------
NW_025965287.1_RagTag:1529457-1528498 -            259 17778at314147        -            395   2.1e-11   40.0   0.1   1   4   8.5e-05      0.03    9.8   0.0     4    98    22   104    19   112 0.69 -
NW_025965287.1_RagTag:1529457-1528498 -            259 17778at314147        -            395   2.1e-11   40.0   0.1   2   4   3.4e-06    0.0012   14.4   0.0    40    94    83   142    74   147 0.85 -
NW_025965287.1_RagTag:1529457-1528498 -            259 17778at314147        -            395   2.1e-11   40.0   0.1   3   4   2.2e-05    0.0076   11.8   0.0    34   103   119   194   105   200 0.80 -
NW_025965287.1_RagTag:1529457-1528498 -            259 17778at314147        -            395   2.1e-11   40.0   0.1   4   4   2.1e-05    0.0076   11.8   0.1    34    65   207   238   191   253 0.83 -
contig_13085_pilon:902-109            -            219 17778at314147        -            395   3.1e-08   29.6   0.0   1   2   3.4e-10   1.2e-07   27.6   0.0     2   120    20   141    19   145 0.84 -
contig_13085_pilon:902-109            -            219 17778at314147        -            395   3.1e-08   29.6   0.0   2   2      0.13        44   -0.6   0.0    69    89   163   183   157   198 0.86 -
NW_025965321.1_RagTag:3116848-3114465 -            522 17778at314147        -            395   0.00091   14.8   0.1   1   2    0.0063       2.2    3.7   0.0   271   297   188   215   173   222 0.63 -
NW_025965321.1_RagTag:3116848-3114465 -            522 17778at314147        -            395   0.00091   14.8   0.1   2   2   0.00034      0.12    7.9   0.0    26    68   239   281   232   306 0.73 -
NW_025965114.1_RagTag:29747-29574     -             58 17778at314147        -            395    0.0053   12.3   0.0   1   1   1.5e-05    0.0053   12.3   0.0   279   295    26    42     5    55 0.79 -
#
# Program:         hmmsearch
# Version:         3.1b2 (February 2015)
# Pipeline mode:   SEARCH
# Query file:      /home/bgerda/guppy_SUP/busco_downloads/lineages/glires_odb10/hmms/17778at314147.hmm
# Target file:     /home/bgerda/guppy_SUP/busco_results_flye/run_glires_odb10/metaeuk_output/rerun_results/ragtag.scaffold.fasta.modified.fas
# Option settings: hmmsearch --domtblout /home/bgerda/guppy_SUP/busco_results_flye/run_glires_odb10/hmmer_output/rerun_results/17778at314147.out --cpu 1 /home/bgerda/guppy_SUP/busco_downloads/lineages/glires_odb10/hmms/17778at314147.hmm /home/bgerda/guppy_SUP/busco_results_flye/run_glires_odb10/metaeuk_output/rerun_results/ragtag.scaffold.fasta.modified.fas 
# Current dir:     /home/bgerda/guppy_SUP
# Date:            Sun May 21 17:47:58 2023
# [ok]
