#                                                                                             --- full sequence --- -------------- this domain -------------   hmm coord   ali coord   env coord
# target name                         accession   tlen query name           accession   qlen   E-value  score  bias   #  of  c-Evalue  i-Evalue  score  bias  from    to  from    to  from    to  acc description of target
#                 ------------------- ---------- ----- -------------------- ---------- ----- --------- ------ ----- --- --- --------- --------- ------ ----- ----- ----- ----- ----- ----- ----- ---- ---------------------
NW_025965317.1_RagTag:5079166-5080476 -            437 18216at314147        -            496   7.5e-70  231.9   7.1   1   2   5.2e-05      0.01   10.4   0.1   158   190     5    37     2    44 0.89 -
NW_025965317.1_RagTag:5079166-5080476 -            437 18216at314147        -            496   7.5e-70  231.9   7.1   2   2     8e-70   1.6e-67  224.2   2.4   221   422    49   246    40   276 0.93 -
NW_025965175.1_RagTag:621139-621631   -            161 18216at314147        -            496   2.3e-30  101.6   0.6   1   1   1.6e-32   3.2e-30  101.2   0.6   222   371     1   159     1   161 0.82 -
NW_025965223.1_RagTag:193490-192864   -            209 18216at314147        -            496   3.8e-07   25.0   0.0   1   2   3.1e-08   6.3e-06   21.0   0.0    33   124     1   106     1   121 0.76 -
NW_025965223.1_RagTag:193490-192864   -            209 18216at314147        -            496   3.8e-07   25.0   0.0   2   2     0.082        17   -0.2   0.0   145   162   176   193   172   207 0.86 -
NW_025965190.1_RagTag:123157-121071   -            202 18216at314147        -            496   2.7e-06   22.2   0.1   1   1   1.4e-08   2.7e-06   22.2   0.1   328   391   136   198    82   202 0.80 -
NW_025965319.1_RagTag:4811282-4810695 -            196 18216at314147        -            496    0.0005   14.7   0.0   1   1   3.2e-06   0.00064   14.4   0.0    34    97     6    70     2   101 0.78 -
NW_025965258.1_RagTag:874425-873646   -            260 18216at314147        -            496   0.00077   14.1   0.0   1   1   4.9e-06     0.001   13.7   0.0    35   101     6    76     3   106 0.74 -
NW_025965021.1_RagTag:828125-831265   -            174 18216at314147        -            496    0.0055   11.3   0.0   1   1   3.8e-05    0.0076   10.8   0.0   130   161    11    42     5    46 0.94 -
#
# Program:         hmmsearch
# Version:         3.1b2 (February 2015)
# Pipeline mode:   SEARCH
# Query file:      /home/bgerda/guppy_SUP/busco_downloads/lineages/glires_odb10/hmms/18216at314147.hmm
# Target file:     /home/bgerda/guppy_SUP/busco_results_flye/run_glires_odb10/metaeuk_output/rerun_results/ragtag.scaffold.fasta.modified.fas
# Option settings: hmmsearch --domtblout /home/bgerda/guppy_SUP/busco_results_flye/run_glires_odb10/hmmer_output/rerun_results/18216at314147.out --cpu 1 /home/bgerda/guppy_SUP/busco_downloads/lineages/glires_odb10/hmms/18216at314147.hmm /home/bgerda/guppy_SUP/busco_results_flye/run_glires_odb10/metaeuk_output/rerun_results/ragtag.scaffold.fasta.modified.fas 
# Current dir:     /home/bgerda/guppy_SUP
# Date:            Sun May 21 17:47:59 2023
# [ok]
