#                                                                                             --- full sequence --- -------------- this domain -------------   hmm coord   ali coord   env coord
# target name                         accession   tlen query name           accession   qlen   E-value  score  bias   #  of  c-Evalue  i-Evalue  score  bias  from    to  from    to  from    to  acc description of target
#                 ------------------- ---------- ----- -------------------- ---------- ----- --------- ------ ----- --- --- --------- --------- ------ ----- ----- ----- ----- ----- ----- ----- ---- ---------------------
NW_025965300.1_RagTag:1789607-1791559 -            651 18708at314147        -            602   5.8e-12   41.4   0.2   1   3   2.5e-05     0.006   11.6   0.0   128   174   342   388   334   400 0.91 -
NW_025965300.1_RagTag:1789607-1791559 -            651 18708at314147        -            602   5.8e-12   41.4   0.2   2   3   8.7e-05      0.02    9.8   0.0   122   170   423   475   420   497 0.84 -
NW_025965300.1_RagTag:1789607-1791559 -            651 18708at314147        -            602   5.8e-12   41.4   0.2   3   3   1.3e-06   0.00031   15.8   0.0   130   174   533   577   525   613 0.91 -
NW_025965218.1_RagTag:1404150-1401683 -            220 18708at314147        -            602   9.9e-06   20.8   0.1   1   1   5.3e-08   1.3e-05   20.4   0.1   122   172    93   143    81   160 0.92 -
NW_025965028.1_RagTag:501719-500180   -            234 18708at314147        -            602   4.3e-05   18.6   0.4   1   1   4.3e-07    0.0001   17.4   0.0   134   169    24    59    18    65 0.94 -
NW_025965284.1_RagTag:358647-360583   -            161 18708at314147        -            602     0.003   12.5   0.0   1   1   1.7e-05    0.0041   12.1   0.0   132   167   126   161   114   161 0.90 -
NW_025965324.1_RagTag:3071511-3072352 -            184 18708at314147        -            602    0.0062   11.5   0.1   1   2     0.049        12    0.7   0.9   322   353    26    60    13    75 0.69 -
NW_025965324.1_RagTag:3071511-3072352 -            184 18708at314147        -            602    0.0062   11.5   0.1   2   2   2.6e-05    0.0062   11.5   0.1   130   172   100   142    89   177 0.78 -
NW_025965275.1_RagTag:451509-451318   -             64 18708at314147        -            602     0.034    9.1   0.4   1   1   0.00014     0.034    9.1   0.4   134   169    23    58    10    63 0.78 -
#
# Program:         hmmsearch
# Version:         3.1b2 (February 2015)
# Pipeline mode:   SEARCH
# Query file:      /home/bgerda/guppy_SUP/busco_downloads/lineages/glires_odb10/hmms/18708at314147.hmm
# Target file:     /home/bgerda/guppy_SUP/busco_results_flye/run_glires_odb10/metaeuk_output/rerun_results/ragtag.scaffold.fasta.modified.fas
# Option settings: hmmsearch --domtblout /home/bgerda/guppy_SUP/busco_results_flye/run_glires_odb10/hmmer_output/rerun_results/18708at314147.out --cpu 1 /home/bgerda/guppy_SUP/busco_downloads/lineages/glires_odb10/hmms/18708at314147.hmm /home/bgerda/guppy_SUP/busco_results_flye/run_glires_odb10/metaeuk_output/rerun_results/ragtag.scaffold.fasta.modified.fas 
# Current dir:     /home/bgerda/guppy_SUP
# Date:            Sun May 21 17:47:50 2023
# [ok]
