#                                                                                             --- full sequence --- -------------- this domain -------------   hmm coord   ali coord   env coord
# target name                         accession   tlen query name           accession   qlen   E-value  score  bias   #  of  c-Evalue  i-Evalue  score  bias  from    to  from    to  from    to  acc description of target
#                 ------------------- ---------- ----- -------------------- ---------- ----- --------- ------ ----- --- --- --------- --------- ------ ----- ----- ----- ----- ----- ----- ----- ---- ---------------------
NW_025965287.1_RagTag:1529457-1528498 -            259 18709at314147        -            362   5.2e-19   64.6   1.2   1   3   0.00051      0.18    6.9   0.0   213   251    29    63    11    66 0.82 -
NW_025965287.1_RagTag:1529457-1528498 -            259 18709at314147        -            362   5.2e-19   64.6   1.2   2   3     7e-12   2.5e-09   32.8   0.3   158   252    44   133    43   162 0.86 -
NW_025965287.1_RagTag:1529457-1528498 -            259 18709at314147        -            362   5.2e-19   64.6   1.2   3   3   2.4e-11   8.6e-09   31.0   0.1   131   243   128   254   126   258 0.78 -
contig_13085_pilon:902-109            -            219 18709at314147        -            362   6.1e-13   44.7   0.7   1   3     0.011       3.7    2.6   0.0   219   251    35    63    24    65 0.75 -
contig_13085_pilon:902-109            -            219 18709at314147        -            362   6.1e-13   44.7   0.7   2   3   9.3e-14   3.3e-11   39.0   0.3   159   247    55   142    38   156 0.89 -
contig_13085_pilon:902-109            -            219 18709at314147        -            362   6.1e-13   44.7   0.7   3   3    0.0052       1.8    3.6   0.0    26    61   156   191   144   207 0.78 -
NW_025965155.1_RagTag:69796-68828     -            323 18709at314147        -            362     1e-05   20.9   0.4   1   3    0.0017       0.6    5.2   0.0   184   252    21    92    12   123 0.75 -
NW_025965155.1_RagTag:69796-68828     -            323 18709at314147        -            362     1e-05   20.9   0.4   2   3   7.3e-05     0.026    9.7   0.0   182   252   109   178    95   188 0.84 -
NW_025965155.1_RagTag:69796-68828     -            323 18709at314147        -            362     1e-05   20.9   0.4   3   3   0.00014     0.048    8.8   0.1   258   343   131   220   130   236 0.72 -
NW_025965114.1_RagTag:29747-29574     -             58 18709at314147        -            362   0.00047   15.4   0.0   1   1   1.4e-06   0.00048   15.4   0.0   217   253     8    44     2    53 0.81 -
#
# Program:         hmmsearch
# Version:         3.1b2 (February 2015)
# Pipeline mode:   SEARCH
# Query file:      /home/bgerda/guppy_SUP/busco_downloads/lineages/glires_odb10/hmms/18709at314147.hmm
# Target file:     /home/bgerda/guppy_SUP/busco_results_flye/run_glires_odb10/metaeuk_output/rerun_results/ragtag.scaffold.fasta.modified.fas
# Option settings: hmmsearch --domtblout /home/bgerda/guppy_SUP/busco_results_flye/run_glires_odb10/hmmer_output/rerun_results/18709at314147.out --cpu 1 /home/bgerda/guppy_SUP/busco_downloads/lineages/glires_odb10/hmms/18709at314147.hmm /home/bgerda/guppy_SUP/busco_results_flye/run_glires_odb10/metaeuk_output/rerun_results/ragtag.scaffold.fasta.modified.fas 
# Current dir:     /home/bgerda/guppy_SUP
# Date:            Sun May 21 17:47:41 2023
# [ok]
