#                                                                                             --- full sequence --- -------------- this domain -------------   hmm coord   ali coord   env coord
# target name                         accession   tlen query name           accession   qlen   E-value  score  bias   #  of  c-Evalue  i-Evalue  score  bias  from    to  from    to  from    to  acc description of target
#                 ------------------- ---------- ----- -------------------- ---------- ----- --------- ------ ----- --- --- --------- --------- ------ ----- ----- ----- ----- ----- ----- ----- ---- ---------------------
NW_025965075.1_RagTag:21988-27231     -            378 18785at314147        -            518   6.9e-13   44.5   0.5   1   1   1.3e-14   1.8e-12   43.1   0.5   446   511   301   366   282   370 0.84 -
NW_025965040.1_RagTag:265376-265137   -             80 18785at314147        -            518   4.5e-12   41.8   0.9   1   1   3.4e-14   4.9e-12   41.7   0.9   469   511    38    80    25    80 0.96 -
NW_025965040.1_RagTag:266331-266095   -             79 18785at314147        -            518   4.6e-12   41.8   0.5   1   1   3.5e-14   4.9e-12   41.7   0.5   468   511    28    71     4    76 0.81 -
NW_025965314.1_RagTag:669224-667483   -            536 18785at314147        -            518   2.8e-10   35.9   0.7   1   3      0.39        55   -1.3   1.6    70    98   137   165    92   178 0.81 -
NW_025965314.1_RagTag:669224-667483   -            536 18785at314147        -            518   2.8e-10   35.9   0.7   2   3       5.3   7.5e+02   -5.1   8.0    44    85   180   221   154   236 0.67 -
NW_025965314.1_RagTag:669224-667483   -            536 18785at314147        -            518   2.8e-10   35.9   0.7   3   3     2e-12   2.8e-10   35.9   0.7   468   511   487   530   466   534 0.84 -
NW_025965308.1_RagTag:1030891-931706  -             70 18785at314147        -            518   1.5e-08   30.2   2.5   1   1   1.2e-10   1.7e-08   30.0   2.5   470   510     7    47     3    53 0.94 -
NW_025965309.1_RagTag:3486659-3486297 -            121 18785at314147        -            518   0.00018   16.8   3.4   1   1   1.4e-06   0.00019   16.7   2.9   458   511    47   108    41   113 0.79 -
NW_025965322.1_RagTag:1301532-1302341 -            270 18785at314147        -            518    0.0042   12.2   0.6   1   1   4.3e-05    0.0061   11.7   0.6   466   511     6    48     2    55 0.85 -
NW_025965316.1_RagTag:426278-426604   -            109 18785at314147        -            518     0.027    9.6   8.0   1   1   0.00023     0.033    9.3   8.0   470   513     2    45     1    50 0.73 -
NW_025965314.1_RagTag:623697-623012   -            157 18785at314147        -            518     0.092    7.8   7.0   1   1   0.00083      0.12    7.5   7.0   469   513    20    62    13    66 0.81 -
NW_025965319.1_RagTag:4368574-4368218 -            119 18785at314147        -            518       0.1    7.6   5.6   1   1   0.00099      0.14    7.2   5.6   469   511     3    44     1    50 0.75 -
#
# Program:         hmmsearch
# Version:         3.1b2 (February 2015)
# Pipeline mode:   SEARCH
# Query file:      /home/bgerda/guppy_SUP/busco_downloads/lineages/glires_odb10/hmms/18785at314147.hmm
# Target file:     /home/bgerda/guppy_SUP/busco_results_flye/run_glires_odb10/metaeuk_output/rerun_results/ragtag.scaffold.fasta.modified.fas
# Option settings: hmmsearch --domtblout /home/bgerda/guppy_SUP/busco_results_flye/run_glires_odb10/hmmer_output/rerun_results/18785at314147.out --cpu 1 /home/bgerda/guppy_SUP/busco_downloads/lineages/glires_odb10/hmms/18785at314147.hmm /home/bgerda/guppy_SUP/busco_results_flye/run_glires_odb10/metaeuk_output/rerun_results/ragtag.scaffold.fasta.modified.fas 
# Current dir:     /home/bgerda/guppy_SUP
# Date:            Sun May 21 17:47:43 2023
# [ok]
