#                                                                                             --- full sequence --- -------------- this domain -------------   hmm coord   ali coord   env coord
# target name                         accession   tlen query name           accession   qlen   E-value  score  bias   #  of  c-Evalue  i-Evalue  score  bias  from    to  from    to  from    to  acc description of target
#                 ------------------- ---------- ----- -------------------- ---------- ----- --------- ------ ----- --- --- --------- --------- ------ ----- ----- ----- ----- ----- ----- ----- ---- ---------------------
NW_025965188.1_RagTag:479890-480303   -            138 18936at314147        -            438   9.6e-15   50.4   3.7   1   2   1.7e-09     3e-07   25.7   0.2   192   242     8    60     1    66 0.83 -
NW_025965188.1_RagTag:479890-480303   -            138 18936at314147        -            438   9.6e-15   50.4   3.7   2   2   1.3e-09   2.3e-07   26.1   0.4    93   147    81   135    68   138 0.83 -
NW_025965288.1_RagTag:106215-105970   -             82 18936at314147        -            438   8.6e-08   27.5   0.0   1   1   5.9e-10     1e-07   27.2   0.0    91   136     8    56     6    63 0.86 -
NW_025965287.1_RagTag:1600616-1605266 -            433 18936at314147        -            438   3.6e-06   22.1   0.1   1   1   3.2e-08   5.6e-06   21.5   0.1   200   278   324   405   310   423 0.77 -
NW_025965182.1_RagTag:1203823-1203987 -             55 18936at314147        -            438   8.6e-05   17.6   0.0   1   1   4.9e-07   8.6e-05   17.6   0.0    60   107     6    53     2    55 0.89 -
NW_025965352.1_RagTag:111207-112713   -            273 18936at314147        -            438   8.8e-05   17.6   0.0   1   1   6.6e-07   0.00012   17.2   0.0   232   278     2    48     1    71 0.53 -
NW_025965163.1_RagTag:39462-30569     -            706 18936at314147        -            438   0.00013   17.0   0.0   1   1   1.3e-06   0.00024   16.2   0.0    78   133   437   492   400   505 0.68 -
NW_025965276.1_RagTag:401981-402454   -            158 18936at314147        -            438    0.0035   12.3   0.4   1   2    0.0016      0.28    6.1   0.0   229   262     9    42     4    62 0.71 -
NW_025965276.1_RagTag:401981-402454   -            158 18936at314147        -            438    0.0035   12.3   0.4   2   2     0.006       1.1    4.1   0.1    90   134    69   110    48   128 0.48 -
NW_025965318.1_RagTag:163288-173618   -            166 18936at314147        -            438    0.0073   11.3   0.0   1   1   5.4e-05    0.0096   10.9   0.0   116   149   115   148   110   165 0.83 -
#
# Program:         hmmsearch
# Version:         3.1b2 (February 2015)
# Pipeline mode:   SEARCH
# Query file:      /home/bgerda/guppy_SUP/busco_downloads/lineages/glires_odb10/hmms/18936at314147.hmm
# Target file:     /home/bgerda/guppy_SUP/busco_results_flye/run_glires_odb10/metaeuk_output/rerun_results/ragtag.scaffold.fasta.modified.fas
# Option settings: hmmsearch --domtblout /home/bgerda/guppy_SUP/busco_results_flye/run_glires_odb10/hmmer_output/rerun_results/18936at314147.out --cpu 1 /home/bgerda/guppy_SUP/busco_downloads/lineages/glires_odb10/hmms/18936at314147.hmm /home/bgerda/guppy_SUP/busco_results_flye/run_glires_odb10/metaeuk_output/rerun_results/ragtag.scaffold.fasta.modified.fas 
# Current dir:     /home/bgerda/guppy_SUP
# Date:            Sun May 21 17:47:46 2023
# [ok]
