#                                                                                             --- full sequence --- -------------- this domain -------------   hmm coord   ali coord   env coord
# target name                         accession   tlen query name           accession   qlen   E-value  score  bias   #  of  c-Evalue  i-Evalue  score  bias  from    to  from    to  from    to  acc description of target
#                 ------------------- ---------- ----- -------------------- ---------- ----- --------- ------ ----- --- --- --------- --------- ------ ----- ----- ----- ----- ----- ----- ----- ---- ---------------------
NW_025965287.1_RagTag:1529457-1528498 -            259 19012at314147        -            386     5e-09   31.8   1.3   1   3      0.17        49   -1.0   0.0   210   234    40    63    28    69 0.70 -
NW_025965287.1_RagTag:1529457-1528498 -            259 19012at314147        -            386     5e-09   31.8   1.3   2   3   9.3e-10   2.6e-07   26.2   0.1   220   328    76   177    67   182 0.85 -
NW_025965287.1_RagTag:1529457-1528498 -            259 19012at314147        -            386     5e-09   31.8   1.3   3   3    0.0066       1.9    3.6   0.0   264   315   204   252   177   259 0.65 -
NW_025965310.1_RagTag:498896-512586   -            308 19012at314147        -            386   1.7e-07   26.8   1.4   1   2   7.7e-05     0.022   10.0   0.1   222   316    95   185    81   214 0.69 -
NW_025965310.1_RagTag:498896-512586   -            308 19012at314147        -            386   1.7e-07   26.8   1.4   2   2   6.1e-07   0.00017   16.9   0.8   226   328   190   297   176   307 0.76 -
contig_13085_pilon:902-109            -            219 19012at314147        -            386   5.7e-06   21.8   0.1   1   1   2.9e-08   8.2e-06   21.3   0.1   212   298    42   120    26   147 0.79 -
NW_025965114.1_RagTag:29747-29574     -             58 19012at314147        -            386   1.9e-05   20.1   0.1   1   1   7.2e-08     2e-05   20.0   0.1   201   243    10    52     4    57 0.78 -
NW_025965321.1_RagTag:3116848-3114465 -            522 19012at314147        -            386   0.00012   17.4   0.7   1   3   7.4e-06    0.0021   13.3   0.8   176   327   151   303   139   306 0.72 -
NW_025965321.1_RagTag:3116848-3114465 -            522 19012at314147        -            386   0.00012   17.4   0.7   2   3    0.0089       2.5    3.2   0.0   250   281   271   303   261   319 0.80 -
NW_025965321.1_RagTag:3116848-3114465 -            522 19012at314147        -            386   0.00012   17.4   0.7   3   3      0.88   2.5e+02   -3.4   0.0   251   288   410   450   403   471 0.70 -
#
# Program:         hmmsearch
# Version:         3.1b2 (February 2015)
# Pipeline mode:   SEARCH
# Query file:      /home/bgerda/guppy_SUP/busco_downloads/lineages/glires_odb10/hmms/19012at314147.hmm
# Target file:     /home/bgerda/guppy_SUP/busco_results_flye/run_glires_odb10/metaeuk_output/rerun_results/ragtag.scaffold.fasta.modified.fas
# Option settings: hmmsearch --domtblout /home/bgerda/guppy_SUP/busco_results_flye/run_glires_odb10/hmmer_output/rerun_results/19012at314147.out --cpu 1 /home/bgerda/guppy_SUP/busco_downloads/lineages/glires_odb10/hmms/19012at314147.hmm /home/bgerda/guppy_SUP/busco_results_flye/run_glires_odb10/metaeuk_output/rerun_results/ragtag.scaffold.fasta.modified.fas 
# Current dir:     /home/bgerda/guppy_SUP
# Date:            Sun May 21 17:47:45 2023
# [ok]
