#                                                                                             --- full sequence --- -------------- this domain -------------   hmm coord   ali coord   env coord
# target name                         accession   tlen query name           accession   qlen   E-value  score  bias   #  of  c-Evalue  i-Evalue  score  bias  from    to  from    to  from    to  acc description of target
#                 ------------------- ---------- ----- -------------------- ---------- ----- --------- ------ ----- --- --- --------- --------- ------ ----- ----- ----- ----- ----- ----- ----- ---- ---------------------
NW_025965287.1_RagTag:1529457-1528498 -            259 2001at314147         -           1269     2e-11   38.4   0.6   1   2   3.6e-08   8.5e-06   19.7   0.1    62   127    63   128    57   145 0.72 -
NW_025965287.1_RagTag:1529457-1528498 -            259 2001at314147         -           1269     2e-11   38.4   0.6   2   2   2.9e-07   6.9e-05   16.7   0.0   631   705   156   232   139   240 0.80 -
contig_13085_pilon:902-109            -            219 2001at314147         -           1269   1.4e-08   28.9   0.4   1   2   2.1e-10     5e-08   27.1   0.1   616   694    71   146    25   154 0.84 -
contig_13085_pilon:902-109            -            219 2001at314147         -           1269   1.4e-08   28.9   0.4   2   2     0.027       6.4    0.2   0.0    70   128   162   218   149   219 0.71 -
NW_025965321.1_RagTag:3116848-3114465 -            522 2001at314147         -           1269   2.3e-05   18.3   0.1   1   3     0.026       6.2    0.2   0.0    71    89   196   214   170   242 0.61 -
NW_025965321.1_RagTag:3116848-3114465 -            522 2001at314147         -           1269   2.3e-05   18.3   0.1   2   3   0.00067      0.16    5.5   0.3   634   693   243   301   225   308 0.78 -
NW_025965321.1_RagTag:3116848-3114465 -            522 2001at314147         -           1269   2.3e-05   18.3   0.1   3   3   0.00011     0.025    8.2   0.0    69   152   378   464   363   492 0.85 -
NW_025965310.1_RagTag:498896-512586   -            308 2001at314147         -           1269   0.00015   15.5   1.9   1   2     0.001      0.24    5.0   0.0   637   685   135   185    91   216 0.75 -
NW_025965310.1_RagTag:498896-512586   -            308 2001at314147         -           1269   0.00015   15.5   1.9   2   2   2.4e-05    0.0056   10.3   0.6   620   692   218   293   199   304 0.82 -
NW_025965155.1_RagTag:69796-68828     -            323 2001at314147         -           1269   0.00018   15.3   0.1   1   2    0.0014      0.33    4.5   0.0   104   191    20   110    12   121 0.81 -
NW_025965155.1_RagTag:69796-68828     -            323 2001at314147         -           1269   0.00018   15.3   0.1   2   2   0.00015     0.035    7.7   0.1   333   422   162   253   152   263 0.69 -
NW_025965114.1_RagTag:29747-29574     -             58 2001at314147         -           1269    0.0016   12.2   0.0   1   1   6.9e-06    0.0016   12.1   0.0   359   395    10    46     4    54 0.57 -
#
# Program:         hmmsearch
# Version:         3.1b2 (February 2015)
# Pipeline mode:   SEARCH
# Query file:      /home/bgerda/guppy_SUP/busco_downloads/lineages/glires_odb10/hmms/2001at314147.hmm
# Target file:     /home/bgerda/guppy_SUP/busco_results_flye/run_glires_odb10/metaeuk_output/rerun_results/ragtag.scaffold.fasta.modified.fas
# Option settings: hmmsearch --domtblout /home/bgerda/guppy_SUP/busco_results_flye/run_glires_odb10/hmmer_output/rerun_results/2001at314147.out --cpu 1 /home/bgerda/guppy_SUP/busco_downloads/lineages/glires_odb10/hmms/2001at314147.hmm /home/bgerda/guppy_SUP/busco_results_flye/run_glires_odb10/metaeuk_output/rerun_results/ragtag.scaffold.fasta.modified.fas 
# Current dir:     /home/bgerda/guppy_SUP
# Date:            Sun May 21 17:47:47 2023
# [ok]
