#                                                                                             --- full sequence --- -------------- this domain -------------   hmm coord   ali coord   env coord
# target name                         accession   tlen query name           accession   qlen   E-value  score  bias   #  of  c-Evalue  i-Evalue  score  bias  from    to  from    to  from    to  acc description of target
#                 ------------------- ---------- ----- -------------------- ---------- ----- --------- ------ ----- --- --- --------- --------- ------ ----- ----- ----- ----- ----- ----- ----- ---- ---------------------
NW_025965287.1_RagTag:1529457-1528498 -            259 20065at314147        -            370   7.5e-18   60.7   2.1   1   4   1.3e-07   4.5e-05   18.7   0.0   248   285    66   103    63   112 0.82 -
NW_025965287.1_RagTag:1529457-1528498 -            259 20065at314147        -            370   7.5e-18   60.7   2.1   2   4   7.8e-08   2.8e-05   19.4   0.1   243   284   103   144   101   151 0.86 -
NW_025965287.1_RagTag:1529457-1528498 -            259 20065at314147        -            370   7.5e-18   60.7   2.1   3   4   3.5e-08   1.3e-05   20.5   0.0    65   133   149   222   146   232 0.82 -
NW_025965287.1_RagTag:1529457-1528498 -            259 20065at314147        -            370   7.5e-18   60.7   2.1   4   4   1.6e-06   0.00057   15.0   0.0   238   285   183   233   180   248 0.81 -
contig_13085_pilon:902-109            -            219 20065at314147        -            370   1.1e-09   33.8   2.3   1   4     0.051        18    0.2   0.0   107   131    39    63    32    66 0.88 -
contig_13085_pilon:902-109            -            219 20065at314147        -            370   1.1e-09   33.8   2.3   2   4   5.6e-11     2e-08   29.7   0.3   236   286    69   117    64   148 0.85 -
contig_13085_pilon:902-109            -            219 20065at314147        -            370   1.1e-09   33.8   2.3   3   4     0.046        16    0.4   0.0   172   188   166   182   159   187 0.81 -
contig_13085_pilon:902-109            -            219 20065at314147        -            370   1.1e-09   33.8   2.3   4   4      0.23        81   -1.9   0.0   238   264   184   213   173   218 0.63 -
NW_025965114.1_RagTag:29747-29574     -             58 20065at314147        -            370   0.00047   15.3   0.0   1   1   1.3e-06   0.00047   15.3   0.0   238   284     8    56     2    58 0.85 -
NW_025965155.1_RagTag:69796-68828     -            323 20065at314147        -            370    0.0027   12.8   0.1   1   2     0.023       8.2    1.4   0.0   246   290   110   154    91   157 0.79 -
NW_025965155.1_RagTag:69796-68828     -            323 20065at314147        -            370    0.0027   12.8   0.1   2   2   0.00011      0.04    9.0   0.0   250   293   155   198   149   206 0.83 -
#
# Program:         hmmsearch
# Version:         3.1b2 (February 2015)
# Pipeline mode:   SEARCH
# Query file:      /home/bgerda/guppy_SUP/busco_downloads/lineages/glires_odb10/hmms/20065at314147.hmm
# Target file:     /home/bgerda/guppy_SUP/busco_results_flye/run_glires_odb10/metaeuk_output/rerun_results/ragtag.scaffold.fasta.modified.fas
# Option settings: hmmsearch --domtblout /home/bgerda/guppy_SUP/busco_results_flye/run_glires_odb10/hmmer_output/rerun_results/20065at314147.out --cpu 1 /home/bgerda/guppy_SUP/busco_downloads/lineages/glires_odb10/hmms/20065at314147.hmm /home/bgerda/guppy_SUP/busco_results_flye/run_glires_odb10/metaeuk_output/rerun_results/ragtag.scaffold.fasta.modified.fas 
# Current dir:     /home/bgerda/guppy_SUP
# Date:            Sun May 21 17:47:48 2023
# [ok]
