#                                                                                             --- full sequence --- -------------- this domain -------------   hmm coord   ali coord   env coord
# target name                         accession   tlen query name           accession   qlen   E-value  score  bias   #  of  c-Evalue  i-Evalue  score  bias  from    to  from    to  from    to  acc description of target
#                 ------------------- ---------- ----- -------------------- ---------- ----- --------- ------ ----- --- --- --------- --------- ------ ----- ----- ----- ----- ----- ----- ----- ---- ---------------------
NW_025965188.1_RagTag:479890-480303   -            138 20366at314147        -            336   6.8e-09   31.6   0.3   1   2   2.3e-07   4.6e-05   19.0   0.0    74   124     4    55     1    71 0.86 -
NW_025965188.1_RagTag:479890-480303   -            138 20366at314147        -            336   6.8e-09   31.6   0.3   2   2   4.7e-05    0.0096   11.3   0.3    53    95    96   138    56   138 0.81 -
NW_025965288.1_RagTag:106215-105970   -             82 20366at314147        -            336   3.9e-05   19.2   0.0   1   1   2.2e-07   4.4e-05   19.0   0.0    68   118     7    60     2    70 0.90 -
NW_025965163.1_RagTag:39462-30569     -            706 20366at314147        -            336   0.00019   16.9   0.0   1   1   1.8e-06   0.00036   16.0   0.0    55   108   436   489   429   497 0.87 -
NW_025965344.1_RagTag:44181-38828     -            169 20366at314147        -            336   0.00034   16.1   0.0   1   2   0.00053      0.11    7.9   0.0    79   141    49   109    26   116 0.76 -
NW_025965344.1_RagTag:44181-38828     -            169 20366at314147        -            336   0.00034   16.1   0.0   2   2    0.0015      0.31    6.4   0.1   102   140   121   159   116   167 0.91 -
NW_025965287.1_RagTag:1600616-1605266 -            433 20366at314147        -            336    0.0004   15.9   0.0   1   1   3.5e-06    0.0007   15.1   0.0    73   109   379   415   342   426 0.80 -
NW_025965276.1_RagTag:401981-402454   -            158 20366at314147        -            336    0.0027   13.1   0.1   1   1   1.8e-05    0.0036   12.7   0.1    57   128    16    96     5   123 0.74 -
NW_025965352.1_RagTag:111207-112713   -            273 20366at314147        -            336     0.013   10.9   0.0   1   1   8.5e-05     0.017   10.5   0.0    88   139     4    55     1    62 0.65 -
#
# Program:         hmmsearch
# Version:         3.1b2 (February 2015)
# Pipeline mode:   SEARCH
# Query file:      /home/bgerda/guppy_SUP/busco_downloads/lineages/glires_odb10/hmms/20366at314147.hmm
# Target file:     /home/bgerda/guppy_SUP/busco_results_flye/run_glires_odb10/metaeuk_output/rerun_results/ragtag.scaffold.fasta.modified.fas
# Option settings: hmmsearch --domtblout /home/bgerda/guppy_SUP/busco_results_flye/run_glires_odb10/hmmer_output/rerun_results/20366at314147.out --cpu 1 /home/bgerda/guppy_SUP/busco_downloads/lineages/glires_odb10/hmms/20366at314147.hmm /home/bgerda/guppy_SUP/busco_results_flye/run_glires_odb10/metaeuk_output/rerun_results/ragtag.scaffold.fasta.modified.fas 
# Current dir:     /home/bgerda/guppy_SUP
# Date:            Sun May 21 17:47:45 2023
# [ok]
