#                                                                                             --- full sequence --- -------------- this domain -------------   hmm coord   ali coord   env coord
# target name                         accession   tlen query name           accession   qlen   E-value  score  bias   #  of  c-Evalue  i-Evalue  score  bias  from    to  from    to  from    to  acc description of target
#                 ------------------- ---------- ----- -------------------- ---------- ----- --------- ------ ----- --- --- --------- --------- ------ ----- ----- ----- ----- ----- ----- ----- ---- ---------------------
NW_025965075.1_RagTag:21988-27231     -            378 21015at314147        -            354   6.4e-20   67.7   0.2   1   1   6.3e-22   9.8e-20   67.0   0.2   270   345   291   368   278   375 0.89 -
NW_025965040.1_RagTag:266331-266095   -             79 21015at314147        -            354   8.7e-19   63.9   0.5   1   1   6.1e-21   9.5e-19   63.8   0.5   272   344     3    72     1    77 0.90 -
NW_025965040.1_RagTag:265376-265137   -             80 21015at314147        -            354   7.1e-17   57.6   0.7   1   1   5.2e-19   8.2e-17   57.4   0.7   273   343    13    80     7    80 0.88 -
NW_025965314.1_RagTag:669224-667483   -            536 21015at314147        -            354   1.2e-16   56.9   0.1   1   1   1.8e-18   2.8e-16   55.7   0.1   272   344   462   531   428   535 0.88 -
NW_025965308.1_RagTag:1030891-931706  -             70 21015at314147        -            354   2.6e-10   36.0   1.2   1   1   1.9e-12     3e-10   35.9   1.2   301   343     6    48     1    52 0.94 -
NW_025965309.1_RagTag:3486659-3486297 -            121 21015at314147        -            354   0.00022   16.5   0.6   1   1     2e-06   0.00031   16.1   0.6   302   345    63   110    52   115 0.73 -
NW_025965322.1_RagTag:1301532-1302341 -            270 21015at314147        -            354    0.0015   13.8   0.3   1   1   1.8e-05    0.0028   12.9   0.3   300   338     8    43     1    52 0.81 -
NW_025965316.1_RagTag:426278-426604   -            109 21015at314147        -            354    0.0016   13.8   5.8   1   1   1.3e-05     0.002   13.4   5.8   302   344     2    44     1    51 0.89 -
NW_025965118.1_RagTag:431045-433195   -            717 21015at314147        -            354     0.022   10.0   3.8   1   1   0.00023     0.036    9.3   3.8   302   344     4    44     1    52 0.84 -
#
# Program:         hmmsearch
# Version:         3.1b2 (February 2015)
# Pipeline mode:   SEARCH
# Query file:      /home/bgerda/guppy_SUP/busco_downloads/lineages/glires_odb10/hmms/21015at314147.hmm
# Target file:     /home/bgerda/guppy_SUP/busco_results_flye/run_glires_odb10/metaeuk_output/rerun_results/ragtag.scaffold.fasta.modified.fas
# Option settings: hmmsearch --domtblout /home/bgerda/guppy_SUP/busco_results_flye/run_glires_odb10/hmmer_output/rerun_results/21015at314147.out --cpu 1 /home/bgerda/guppy_SUP/busco_downloads/lineages/glires_odb10/hmms/21015at314147.hmm /home/bgerda/guppy_SUP/busco_results_flye/run_glires_odb10/metaeuk_output/rerun_results/ragtag.scaffold.fasta.modified.fas 
# Current dir:     /home/bgerda/guppy_SUP
# Date:            Sun May 21 17:47:55 2023
# [ok]
