#                                                                                             --- full sequence --- -------------- this domain -------------   hmm coord   ali coord   env coord
# target name                         accession   tlen query name           accession   qlen   E-value  score  bias   #  of  c-Evalue  i-Evalue  score  bias  from    to  from    to  from    to  acc description of target
#                 ------------------- ---------- ----- -------------------- ---------- ----- --------- ------ ----- --- --- --------- --------- ------ ----- ----- ----- ----- ----- ----- ----- ---- ---------------------
NW_025965324.1_RagTag:3279738-3257185 -            664 2173at314147         -           1498   5.7e-20   66.5   3.1   1   5     9e-07   0.00021   14.9   0.0   739   823    13    92     7   104 0.67 -
NW_025965324.1_RagTag:3279738-3257185 -            664 2173at314147         -           1498   5.7e-20   66.5   3.1   2   5   4.7e-08   1.1e-05   19.2   0.1  1389  1470   145   226   133   231 0.89 -
NW_025965324.1_RagTag:3279738-3257185 -            664 2173at314147         -           1498   5.7e-20   66.5   3.1   3   5   9.8e-07   0.00023   14.8   0.1   254   296   331   374   283   384 0.79 -
NW_025965324.1_RagTag:3279738-3257185 -            664 2173at314147         -           1498   5.7e-20   66.5   3.1   4   5   1.7e-05     0.004   10.7   0.0   777   823   409   455   400   465 0.78 -
NW_025965324.1_RagTag:3279738-3257185 -            664 2173at314147         -           1498   5.7e-20   66.5   3.1   5   5     0.018       4.2    0.7   0.0   427   817   495   536   470   545 0.52 -
NW_025965242.1_RagTag:105066-109425   -            227 2173at314147         -           1498    0.0007   13.2   0.0   1   1   3.6e-06   0.00085   12.9   0.0   408   463     3    61     1    76 0.79 -
NW_025965060.1_RagTag:55066-51498     -            145 2173at314147         -           1498    0.0018   11.8   0.0   1   1   8.9e-06    0.0021   11.6   0.0   483   538    12    70     2    93 0.74 -
NW_025965315.1_RagTag:2836546-2836271 -             92 2173at314147         -           1498    0.0036   10.9   0.0   1   1   1.5e-05    0.0036   10.9   0.0   264   636    64    87     6    92 0.58 -
NW_025965291.1_RagTag:211544-210891   -            218 2173at314147         -           1498     0.006   10.1   0.0   1   1   3.3e-05    0.0078    9.7   0.0   789   820    17    48     7    70 0.67 -
NW_025965548.1_RagTag:8831-2086       -            436 2173at314147         -           1498     0.012    9.2   0.0   1   1   6.6e-05     0.016    8.8   0.0   258   818   148   178    74   186 0.65 -
#
# Program:         hmmsearch
# Version:         3.1b2 (February 2015)
# Pipeline mode:   SEARCH
# Query file:      /home/bgerda/guppy_SUP/busco_downloads/lineages/glires_odb10/hmms/2173at314147.hmm
# Target file:     /home/bgerda/guppy_SUP/busco_results_flye/run_glires_odb10/metaeuk_output/rerun_results/ragtag.scaffold.fasta.modified.fas
# Option settings: hmmsearch --domtblout /home/bgerda/guppy_SUP/busco_results_flye/run_glires_odb10/hmmer_output/rerun_results/2173at314147.out --cpu 1 /home/bgerda/guppy_SUP/busco_downloads/lineages/glires_odb10/hmms/2173at314147.hmm /home/bgerda/guppy_SUP/busco_results_flye/run_glires_odb10/metaeuk_output/rerun_results/ragtag.scaffold.fasta.modified.fas 
# Current dir:     /home/bgerda/guppy_SUP
# Date:            Sun May 21 17:47:43 2023
# [ok]
