#                                                                                             --- full sequence --- -------------- this domain -------------   hmm coord   ali coord   env coord
# target name                         accession   tlen query name           accession   qlen   E-value  score  bias   #  of  c-Evalue  i-Evalue  score  bias  from    to  from    to  from    to  acc description of target
#                 ------------------- ---------- ----- -------------------- ---------- ----- --------- ------ ----- --- --- --------- --------- ------ ----- ----- ----- ----- ----- ----- ----- ---- ---------------------
NW_025965287.1_RagTag:1529457-1528498 -            259 22218at314147        -            387   1.1e-09   34.1   4.3   1   3    0.0051       1.4    4.1   0.0    45    68    40    63    30    66 0.87 -
NW_025965287.1_RagTag:1529457-1528498 -            259 22218at314147        -            387   1.1e-09   34.1   4.3   2   3   0.00012     0.033    9.5   0.5   185   256    70   133    65   135 0.83 -
NW_025965287.1_RagTag:1529457-1528498 -            259 22218at314147        -            387   1.1e-09   34.1   4.3   3   3   9.6e-08   2.7e-05   19.6   1.3    35   172    99   227    95   258 0.71 -
contig_13085_pilon:902-109            -            219 22218at314147        -            387   5.8e-09   31.7   1.2   1   3     0.012       3.5    2.8   0.0    44    71    39    66    25    73 0.85 -
contig_13085_pilon:902-109            -            219 22218at314147        -            387   5.8e-09   31.7   1.2   2   3   6.6e-07   0.00019   16.9   0.4   223   256    73   106    65   111 0.93 -
contig_13085_pilon:902-109            -            219 22218at314147        -            387   5.8e-09   31.7   1.2   3   3   0.00012     0.033    9.5   0.0    43    69   153   179   136   200 0.85 -
NW_025965114.1_RagTag:29747-29574     -             58 22218at314147        -            387   2.5e-06   23.0   0.0   1   1     1e-08     3e-06   22.8   0.0   222   256     9    43     4    48 0.92 -
NW_025965321.1_RagTag:3116848-3114465 -            522 22218at314147        -            387   0.00026   16.4   0.0   1   2   3.3e-05    0.0092   11.3   0.0    38   114   183   269   178   272 0.65 -
NW_025965321.1_RagTag:3116848-3114465 -            522 22218at314147        -            387   0.00026   16.4   0.0   2   2    0.0037         1    4.5   0.0   150   260   245   356   233   376 0.73 -
NW_025965155.1_RagTag:69796-68828     -            323 22218at314147        -            387    0.0011   14.3   0.1   1   3    0.0016      0.45    5.7   0.1   230   257   152   179   136   193 0.78 -
NW_025965155.1_RagTag:69796-68828     -            323 22218at314147        -            387    0.0011   14.3   0.1   2   3    0.0034      0.96    4.6   0.0    46    96   198   250   188   260 0.75 -
NW_025965155.1_RagTag:69796-68828     -            323 22218at314147        -            387    0.0011   14.3   0.1   3   3      0.16        46   -0.9   0.0    37    57   285   305   280   316 0.84 -
#
# Program:         hmmsearch
# Version:         3.1b2 (February 2015)
# Pipeline mode:   SEARCH
# Query file:      /home/bgerda/guppy_SUP/busco_downloads/lineages/glires_odb10/hmms/22218at314147.hmm
# Target file:     /home/bgerda/guppy_SUP/busco_results_flye/run_glires_odb10/metaeuk_output/rerun_results/ragtag.scaffold.fasta.modified.fas
# Option settings: hmmsearch --domtblout /home/bgerda/guppy_SUP/busco_results_flye/run_glires_odb10/hmmer_output/rerun_results/22218at314147.out --cpu 1 /home/bgerda/guppy_SUP/busco_downloads/lineages/glires_odb10/hmms/22218at314147.hmm /home/bgerda/guppy_SUP/busco_results_flye/run_glires_odb10/metaeuk_output/rerun_results/ragtag.scaffold.fasta.modified.fas 
# Current dir:     /home/bgerda/guppy_SUP
# Date:            Sun May 21 17:47:52 2023
# [ok]
