#                                                                                             --- full sequence --- -------------- this domain -------------   hmm coord   ali coord   env coord
# target name                         accession   tlen query name           accession   qlen   E-value  score  bias   #  of  c-Evalue  i-Evalue  score  bias  from    to  from    to  from    to  acc description of target
#                 ------------------- ---------- ----- -------------------- ---------- ----- --------- ------ ----- --- --- --------- --------- ------ ----- ----- ----- ----- ----- ----- ----- ---- ---------------------
NW_025965284.1_RagTag:31886-31325     -             98 22524at314147        -            324   5.5e-40  133.8   4.1   1   1   5.2e-42   1.2e-39  132.7   4.1   237   323     2    98     1    98 0.91 -
NW_025965080.1_RagTag:541691-539692   -            215 22524at314147        -            324   2.2e-15   52.9  13.4   1   3   6.2e-08   1.5e-05   20.7   0.2   263   306    18    61    11    75 0.88 -
NW_025965080.1_RagTag:541691-539692   -            215 22524at314147        -            324   2.2e-15   52.9  13.4   2   3   1.5e-08   3.6e-06   22.7   0.8   252   308   100   155    85   158 0.91 -
NW_025965080.1_RagTag:541691-539692   -            215 22524at314147        -            324   2.2e-15   52.9  13.4   3   3   5.7e-07   0.00013   17.5   1.4   252   302   158   208   155   211 0.81 -
contig_7816_pilon:143-2077            -            194 22524at314147        -            324   1.1e-08   30.9  15.3   1   3     8e-06    0.0019   13.7   0.3   254   303     8    59     5    64 0.81 -
contig_7816_pilon:143-2077            -            194 22524at314147        -            324   1.1e-08   30.9  15.3   2   3     7e-07   0.00016   17.2   1.1   252   294    66   108    60   121 0.85 -
contig_7816_pilon:143-2077            -            194 22524at314147        -            324   1.1e-08   30.9  15.3   3   3   0.00035     0.083    8.3   2.5   265   308   146   193   122   194 0.73 -
NW_025965218.1_RagTag:1404150-1401683 -            220 22524at314147        -            324    0.0012   14.4   1.1   1   1   6.8e-06    0.0016   14.0   1.1   252   304     6    61     2    75 0.79 -
NW_025965123.1_RagTag:707015-706890   -             42 22524at314147        -            324    0.0021   13.6   3.2   1   1   9.4e-06    0.0022   13.5   3.2   255   289     4    39     2    42 0.76 -
NW_025965321.1_RagTag:395642-395764   -             41 22524at314147        -            324     0.033    9.6   2.3   1   1   0.00014     0.032    9.7   2.3   248   283     5    41     1    41 0.87 -
#
# Program:         hmmsearch
# Version:         3.1b2 (February 2015)
# Pipeline mode:   SEARCH
# Query file:      /home/bgerda/guppy_SUP/busco_downloads/lineages/glires_odb10/hmms/22524at314147.hmm
# Target file:     /home/bgerda/guppy_SUP/busco_results_flye/run_glires_odb10/metaeuk_output/rerun_results/ragtag.scaffold.fasta.modified.fas
# Option settings: hmmsearch --domtblout /home/bgerda/guppy_SUP/busco_results_flye/run_glires_odb10/hmmer_output/rerun_results/22524at314147.out --cpu 1 /home/bgerda/guppy_SUP/busco_downloads/lineages/glires_odb10/hmms/22524at314147.hmm /home/bgerda/guppy_SUP/busco_results_flye/run_glires_odb10/metaeuk_output/rerun_results/ragtag.scaffold.fasta.modified.fas 
# Current dir:     /home/bgerda/guppy_SUP
# Date:            Sun May 21 17:47:53 2023
# [ok]
