#                                                                                             --- full sequence --- -------------- this domain -------------   hmm coord   ali coord   env coord
# target name                         accession   tlen query name           accession   qlen   E-value  score  bias   #  of  c-Evalue  i-Evalue  score  bias  from    to  from    to  from    to  acc description of target
#                 ------------------- ---------- ----- -------------------- ---------- ----- --------- ------ ----- --- --- --------- --------- ------ ----- ----- ----- ----- ----- ----- ----- ---- ---------------------
NW_025965314.1_RagTag:623697-623012   -            157 22761at314147        -            382   5.3e-09   31.8   4.1   1   1   3.8e-11   5.4e-09   31.7   3.3     8    82     8    82     3    90 0.90 -
NW_025965319.1_RagTag:4368574-4368218 -            119 22761at314147        -            382     5e-07   25.2   0.5   1   1   4.3e-09     6e-07   25.0   0.5    19    81     2    65     1    76 0.90 -
NW_025965040.1_RagTag:265376-265137   -             80 22761at314147        -            382   1.8e-06   23.4   0.8   1   1   1.3e-08   1.9e-06   23.4   0.8    12    59    30    79    19    80 0.79 -
contig_4568_pilon:1333-1584           -             84 22761at314147        -            382   1.9e-06   23.3   1.0   1   1   1.4e-08     2e-06   23.2   1.0    19    84     4    68     1    81 0.76 -
NW_025965040.1_RagTag:266331-266095   -             79 22761at314147        -            382   1.9e-06   23.3   0.3   1   1   1.4e-08     2e-06   23.2   0.3    15    63    24    74    10    78 0.77 -
contig_50121_pilon:804-1229           -            142 22761at314147        -            382   2.2e-05   19.8   1.2   1   1   1.6e-07   2.3e-05   19.8   0.7    23    82     3    63     1    80 0.78 -
NW_025965316.1_RagTag:426278-426604   -            109 22761at314147        -            382   8.5e-05   17.9   1.0   1   1   6.6e-07   9.4e-05   17.8   1.0    21    74     2    59     1    76 0.72 -
NW_025965309.1_RagTag:3486659-3486297 -            121 22761at314147        -            382   0.00028   16.2   3.2   1   1     2e-06   0.00028   16.2   3.2    20    61    62   109    58   116 0.75 -
NW_025965314.1_RagTag:669224-667483   -            536 22761at314147        -            382   0.00039   15.7   0.4   1   1     4e-06   0.00056   15.2   0.4    16    63   484   533   470   536 0.77 -
NW_025965075.1_RagTag:74487-67481     -            353 22761at314147        -            382   0.00072   14.8   2.9   1   1   7.8e-06    0.0011   14.2   2.9    13    57    43    86    34   121 0.87 -
#
# Program:         hmmsearch
# Version:         3.1b2 (February 2015)
# Pipeline mode:   SEARCH
# Query file:      /home/bgerda/guppy_SUP/busco_downloads/lineages/glires_odb10/hmms/22761at314147.hmm
# Target file:     /home/bgerda/guppy_SUP/busco_results_flye/run_glires_odb10/metaeuk_output/rerun_results/ragtag.scaffold.fasta.modified.fas
# Option settings: hmmsearch --domtblout /home/bgerda/guppy_SUP/busco_results_flye/run_glires_odb10/hmmer_output/rerun_results/22761at314147.out --cpu 1 /home/bgerda/guppy_SUP/busco_downloads/lineages/glires_odb10/hmms/22761at314147.hmm /home/bgerda/guppy_SUP/busco_results_flye/run_glires_odb10/metaeuk_output/rerun_results/ragtag.scaffold.fasta.modified.fas 
# Current dir:     /home/bgerda/guppy_SUP
# Date:            Sun May 21 17:47:53 2023
# [ok]
