#                                                                                             --- full sequence --- -------------- this domain -------------   hmm coord   ali coord   env coord
# target name                         accession   tlen query name           accession   qlen   E-value  score  bias   #  of  c-Evalue  i-Evalue  score  bias  from    to  from    to  from    to  acc description of target
#                 ------------------- ---------- ----- -------------------- ---------- ----- --------- ------ ----- --- --- --------- --------- ------ ----- ----- ----- ----- ----- ----- ----- ---- ---------------------
NW_025965287.1_RagTag:1529457-1528498 -            259 23746at314147        -            285   9.9e-21   70.7   1.8   1   3   0.00018     0.051    9.3   0.0   143   188    29    70     8    74 0.77 -
NW_025965287.1_RagTag:1529457-1528498 -            259 23746at314147        -            285   9.9e-21   70.7   1.8   2   3   1.9e-08   5.5e-06   22.3   0.1   117   180    70   131    64   136 0.55 -
NW_025965287.1_RagTag:1529457-1528498 -            259 23746at314147        -            285   9.9e-21   70.7   1.8   3   3   1.5e-13   4.3e-11   39.1   0.2    10   130   137   255   130   259 0.86 -
contig_13085_pilon:902-109            -            219 23746at314147        -            285   3.8e-13   45.8   0.5   1   2   1.1e-14   3.1e-12   42.8   0.3    25   142    40   151    34   177 0.89 -
contig_13085_pilon:902-109            -            219 23746at314147        -            285   3.8e-13   45.8   0.5   2   2     0.039        11    1.6   0.0    26    67   156   193   151   206 0.77 -
NW_025965114.1_RagTag:29747-29574     -             58 23746at314147        -            285   5.1e-12   42.1   0.1   1   1   1.8e-14   5.1e-12   42.1   0.1   144   182     5    43     1    58 0.81 -
NW_025965310.1_RagTag:498896-512586   -            308 23746at314147        -            285    0.0001   18.1   0.3   1   2   3.6e-07    0.0001   18.1   0.3   147   283   115   248    80   250 0.74 -
NW_025965310.1_RagTag:498896-512586   -            308 23746at314147        -            285    0.0001   18.1   0.3   2   2       1.4   3.9e+02   -3.4   0.3   257   280   268   291   258   295 0.57 -
NW_025965321.1_RagTag:3116848-3114465 -            522 23746at314147        -            285   0.00038   16.3   0.1   1   2   2.7e-05    0.0075   12.0   0.0   149   181   181   213   170   231 0.78 -
NW_025965321.1_RagTag:3116848-3114465 -            522 23746at314147        -            285   0.00038   16.3   0.1   2   2     0.045        13    1.4   0.0    31    91   243   301   222   316 0.71 -
#
# Program:         hmmsearch
# Version:         3.1b2 (February 2015)
# Pipeline mode:   SEARCH
# Query file:      /home/bgerda/guppy_SUP/busco_downloads/lineages/glires_odb10/hmms/23746at314147.hmm
# Target file:     /home/bgerda/guppy_SUP/busco_results_flye/run_glires_odb10/metaeuk_output/rerun_results/ragtag.scaffold.fasta.modified.fas
# Option settings: hmmsearch --domtblout /home/bgerda/guppy_SUP/busco_results_flye/run_glires_odb10/hmmer_output/rerun_results/23746at314147.out --cpu 1 /home/bgerda/guppy_SUP/busco_downloads/lineages/glires_odb10/hmms/23746at314147.hmm /home/bgerda/guppy_SUP/busco_results_flye/run_glires_odb10/metaeuk_output/rerun_results/ragtag.scaffold.fasta.modified.fas 
# Current dir:     /home/bgerda/guppy_SUP
# Date:            Sun May 21 17:47:53 2023
# [ok]
