#                                                                                             --- full sequence --- -------------- this domain -------------   hmm coord   ali coord   env coord
# target name                         accession   tlen query name           accession   qlen   E-value  score  bias   #  of  c-Evalue  i-Evalue  score  bias  from    to  from    to  from    to  acc description of target
#                 ------------------- ---------- ----- -------------------- ---------- ----- --------- ------ ----- --- --- --------- --------- ------ ----- ----- ----- ----- ----- ----- ----- ---- ---------------------
NW_025965287.1_RagTag:1529457-1528498 -            259 24099at314147        -            325   5.9e-16   55.0   2.0   1   4     0.066        19    0.7   0.0   225   246    41    62    30    65 0.71 -
NW_025965287.1_RagTag:1529457-1528498 -            259 24099at314147        -            325   5.9e-16   55.0   2.0   2   4   2.2e-06   0.00063   15.4   0.0   270   322    63   115    60   118 0.93 -
NW_025965287.1_RagTag:1529457-1528498 -            259 24099at314147        -            325   5.9e-16   55.0   2.0   3   4   8.8e-08   2.5e-05   20.1   0.1   233   324   118   202   117   203 0.85 -
NW_025965287.1_RagTag:1529457-1528498 -            259 24099at314147        -            325   5.9e-16   55.0   2.0   4   4   7.2e-06     0.002   13.8   0.1   281   318   204   241   198   246 0.89 -
NW_025965155.1_RagTag:69796-68828     -            323 24099at314147        -            325     6e-09   31.9   0.0   1   2   1.9e-05    0.0052   12.4   0.0    81   158    15    94     3   130 0.83 -
NW_025965155.1_RagTag:69796-68828     -            323 24099at314147        -            325     6e-09   31.9   0.0   2   2   4.4e-07   0.00013   17.7   0.0    69   168   134   232   106   259 0.74 -
NW_025965321.1_RagTag:3116848-3114465 -            522 24099at314147        -            325   6.3e-09   31.9   0.0   1   2   1.7e-06   0.00048   15.8   0.0   189   311   156   273   111   277 0.81 -
NW_025965321.1_RagTag:3116848-3114465 -            522 24099at314147        -            325   6.3e-09   31.9   0.0   2   2   5.8e-06    0.0017   14.1   0.0    87   168   277   364   274   378 0.77 -
contig_13085_pilon:902-109            -            219 24099at314147        -            325   1.6e-08   30.6   0.2   1   3    0.0086       2.4    3.7   0.0   275   311    41    77    12    84 0.86 -
contig_13085_pilon:902-109            -            219 24099at314147        -            325   1.6e-08   30.6   0.2   2   3   1.4e-06   0.00039   16.1   0.0   275   317    83   125    79   134 0.90 -
contig_13085_pilon:902-109            -            219 24099at314147        -            325   1.6e-08   30.6   0.2   3   3   0.00045      0.13    7.9   0.0   275   324   156   203   146   204 0.87 -
NW_025965114.1_RagTag:29747-29574     -             58 24099at314147        -            325   0.00071   15.3   0.0   1   1   2.5e-06   0.00071   15.3   0.0   224   251    19    46     5    54 0.84 -
#
# Program:         hmmsearch
# Version:         3.1b2 (February 2015)
# Pipeline mode:   SEARCH
# Query file:      /home/bgerda/guppy_SUP/busco_downloads/lineages/glires_odb10/hmms/24099at314147.hmm
# Target file:     /home/bgerda/guppy_SUP/busco_results_flye/run_glires_odb10/metaeuk_output/rerun_results/ragtag.scaffold.fasta.modified.fas
# Option settings: hmmsearch --domtblout /home/bgerda/guppy_SUP/busco_results_flye/run_glires_odb10/hmmer_output/rerun_results/24099at314147.out --cpu 1 /home/bgerda/guppy_SUP/busco_downloads/lineages/glires_odb10/hmms/24099at314147.hmm /home/bgerda/guppy_SUP/busco_results_flye/run_glires_odb10/metaeuk_output/rerun_results/ragtag.scaffold.fasta.modified.fas 
# Current dir:     /home/bgerda/guppy_SUP
# Date:            Sun May 21 17:47:59 2023
# [ok]
