#                                                                                             --- full sequence --- -------------- this domain -------------   hmm coord   ali coord   env coord
# target name                         accession   tlen query name           accession   qlen   E-value  score  bias   #  of  c-Evalue  i-Evalue  score  bias  from    to  from    to  from    to  acc description of target
#                 ------------------- ---------- ----- -------------------- ---------- ----- --------- ------ ----- --- --- --------- --------- ------ ----- ----- ----- ----- ----- ----- ----- ---- ---------------------
NW_025965287.1_RagTag:1529457-1528498 -            259 24890at314147        -            302   4.6e-19   65.1   0.1   1   2   1.9e-16   6.9e-14   48.1   0.0    40   145    74   181    66   195 0.90 -
NW_025965287.1_RagTag:1529457-1528498 -            259 24890at314147        -            302   4.6e-19   65.1   0.1   2   2   2.4e-06   0.00084   15.0   0.1    77   129   200   252   187   259 0.86 -
contig_13085_pilon:902-109            -            219 24890at314147        -            302   5.2e-09   32.1   0.8   1   3     0.006       2.1    3.8   0.1    77   113    42    79    33    88 0.82 -
contig_13085_pilon:902-109            -            219 24890at314147        -            302   5.2e-09   32.1   0.8   2   3   5.9e-07   0.00021   17.0   0.0    81   138    89   145    86   148 0.92 -
contig_13085_pilon:902-109            -            219 24890at314147        -            302   5.2e-09   32.1   0.8   3   3   0.00011     0.039    9.5   0.0   103   170   141   210   139   218 0.79 -
NW_025965310.1_RagTag:498896-512586   -            308 24890at314147        -            302     2e-06   23.6   0.2   1   2   0.00029       0.1    8.2   0.0   204   264    92   150    83   197 0.87 -
NW_025965310.1_RagTag:498896-512586   -            308 24890at314147        -            302     2e-06   23.6   0.2   2   2   7.7e-06    0.0027   13.3   0.1    29   104   222   302   213   307 0.76 -
NW_025965155.1_RagTag:69796-68828     -            323 24890at314147        -            302   0.00015   17.5   1.0   1   4     0.034        12    1.4   0.0   193   222    19    49    13    53 0.84 -
NW_025965155.1_RagTag:69796-68828     -            323 24890at314147        -            302   0.00015   17.5   1.0   2   4   0.00015     0.051    9.1   0.1    53   108   133   188   113   202 0.71 -
NW_025965155.1_RagTag:69796-68828     -            323 24890at314147        -            302   0.00015   17.5   1.0   3   4    0.0054       1.9    4.0   0.0    35    59   199   223   187   262 0.77 -
NW_025965155.1_RagTag:69796-68828     -            323 24890at314147        -            302   0.00015   17.5   1.0   4   4      0.35   1.3e+02   -2.0   0.0   195   230   243   281   227   294 0.69 -
#
# Program:         hmmsearch
# Version:         3.1b2 (February 2015)
# Pipeline mode:   SEARCH
# Query file:      /home/bgerda/guppy_SUP/busco_downloads/lineages/glires_odb10/hmms/24890at314147.hmm
# Target file:     /home/bgerda/guppy_SUP/busco_results_flye/run_glires_odb10/metaeuk_output/rerun_results/ragtag.scaffold.fasta.modified.fas
# Option settings: hmmsearch --domtblout /home/bgerda/guppy_SUP/busco_results_flye/run_glires_odb10/hmmer_output/rerun_results/24890at314147.out --cpu 1 /home/bgerda/guppy_SUP/busco_downloads/lineages/glires_odb10/hmms/24890at314147.hmm /home/bgerda/guppy_SUP/busco_results_flye/run_glires_odb10/metaeuk_output/rerun_results/ragtag.scaffold.fasta.modified.fas 
# Current dir:     /home/bgerda/guppy_SUP
# Date:            Sun May 21 17:47:43 2023
# [ok]
