#                                                                                             --- full sequence --- -------------- this domain -------------   hmm coord   ali coord   env coord
# target name                         accession   tlen query name           accession   qlen   E-value  score  bias   #  of  c-Evalue  i-Evalue  score  bias  from    to  from    to  from    to  acc description of target
#                 ------------------- ---------- ----- -------------------- ---------- ----- --------- ------ ----- --- --- --------- --------- ------ ----- ----- ----- ----- ----- ----- ----- ---- ---------------------
NW_025965287.1_RagTag:1529457-1528498 -            259 24944at314147        -            271   4.3e-20   68.6   3.5   1   3     0.025       8.8    2.0   0.0   193   213    41    62    31    71 0.61 -
NW_025965287.1_RagTag:1529457-1528498 -            259 24944at314147        -            271   4.3e-20   68.6   3.5   2   3     1e-13   3.6e-11   39.3   0.1    40   124    75   159    63   161 0.92 -
NW_025965287.1_RagTag:1529457-1528498 -            259 24944at314147        -            271   4.3e-20   68.6   3.5   3   3   2.1e-11   7.6e-09   31.7   0.1    30   115   150   237   149   258 0.77 -
contig_13085_pilon:902-109            -            219 24944at314147        -            271   2.8e-15   52.8   2.3   1   2     3e-14   1.1e-11   41.1   0.8    22   127    30   132    17   147 0.82 -
contig_13085_pilon:902-109            -            219 24944at314147        -            271   2.8e-15   52.8   2.3   2   2   5.4e-05     0.019   10.7   0.0    31    89   154   213   148   219 0.78 -
NW_025965155.1_RagTag:69796-68828     -            323 24944at314147        -            271    0.0004   16.2   0.1   1   3      0.15        53   -0.6   0.0   143   206    15    81     2   115 0.50 -
NW_025965155.1_RagTag:69796-68828     -            323 24944at314147        -            271    0.0004   16.2   0.1   2   3    0.0014      0.51    6.1   0.1    19    97    99   177    94   179 0.75 -
NW_025965155.1_RagTag:69796-68828     -            323 24944at314147        -            271    0.0004   16.2   0.1   3   3   3.9e-05     0.014   11.2   0.1    34    99   156   222   149   322 0.78 -
NW_025965310.1_RagTag:498896-512586   -            308 24944at314147        -            271   0.00041   16.2   0.9   1   2   0.00053      0.19    7.5   0.0    48    99   100   151    82   182 0.84 -
NW_025965310.1_RagTag:498896-512586   -            308 24944at314147        -            271   0.00041   16.2   0.9   2   2   0.00071      0.25    7.0   0.3    26    96   219   294   191   300 0.73 -
#
# Program:         hmmsearch
# Version:         3.1b2 (February 2015)
# Pipeline mode:   SEARCH
# Query file:      /home/bgerda/guppy_SUP/busco_downloads/lineages/glires_odb10/hmms/24944at314147.hmm
# Target file:     /home/bgerda/guppy_SUP/busco_results_flye/run_glires_odb10/metaeuk_output/rerun_results/ragtag.scaffold.fasta.modified.fas
# Option settings: hmmsearch --domtblout /home/bgerda/guppy_SUP/busco_results_flye/run_glires_odb10/hmmer_output/rerun_results/24944at314147.out --cpu 1 /home/bgerda/guppy_SUP/busco_downloads/lineages/glires_odb10/hmms/24944at314147.hmm /home/bgerda/guppy_SUP/busco_results_flye/run_glires_odb10/metaeuk_output/rerun_results/ragtag.scaffold.fasta.modified.fas 
# Current dir:     /home/bgerda/guppy_SUP
# Date:            Sun May 21 17:47:51 2023
# [ok]
