#                                                                                             --- full sequence --- -------------- this domain -------------   hmm coord   ali coord   env coord
# target name                         accession   tlen query name           accession   qlen   E-value  score  bias   #  of  c-Evalue  i-Evalue  score  bias  from    to  from    to  from    to  acc description of target
#                 ------------------- ---------- ----- -------------------- ---------- ----- --------- ------ ----- --- --- --------- --------- ------ ----- ----- ----- ----- ----- ----- ----- ---- ---------------------
NW_025965028.1_RagTag:501719-500180   -            234 25012at314147        -            389     2e-11   40.0   0.0   1   2   8.3e-14     2e-11   40.0   0.0    66   120     6    60     3    83 0.92 -
NW_025965028.1_RagTag:501719-500180   -            234 25012at314147        -            389     2e-11   40.0   0.0   2   2       1.4   3.3e+02   -3.5   2.0   230   246   124   140   102   203 0.66 -
NW_025965324.1_RagTag:3059154-3059363 -             70 25012at314147        -            389   3.2e-05   19.6   0.2   1   1   1.4e-07   3.2e-05   19.6   0.2    81   125    22    66     1    69 0.81 -
NW_025965177.1_RagTag:240911-240603   -            103 25012at314147        -            389   3.2e-05   19.6   0.3   1   1   1.5e-07   3.5e-05   19.5   0.3    40   118    23   102     9   103 0.72 -
NW_025965275.1_RagTag:451509-451318   -             64 25012at314147        -            389   4.8e-05   19.0   1.0   1   1   2.2e-07   5.2e-05   18.9   1.0    65   125     7    64     3    64 0.87 -
NW_025965324.1_RagTag:3071511-3072352 -            184 25012at314147        -            389   0.00064   15.3   0.5   1   1   2.7e-06   0.00064   15.3   0.5    71   125    91   145    70   154 0.85 -
NW_025965300.1_RagTag:1789607-1791559 -            651 25012at314147        -            389    0.0018   13.8  13.0   1   6   0.00036     0.086    8.3   0.2    70   134   157   214   144   226 0.77 -
NW_025965300.1_RagTag:1789607-1791559 -            651 25012at314147        -            389    0.0018   13.8  13.0   2   6     0.093        22    0.4   4.0   261   310   268   322   236   333 0.80 -
NW_025965300.1_RagTag:1789607-1791559 -            651 25012at314147        -            389    0.0018   13.8  13.0   3   6      0.16        37   -0.4   0.0    70   122   337   386   321   400 0.77 -
NW_025965300.1_RagTag:1789607-1791559 -            651 25012at314147        -            389    0.0018   13.8  13.0   4   6    0.0017      0.39    6.1   0.0    70   121   424   474   393   481 0.84 -
NW_025965300.1_RagTag:1789607-1791559 -            651 25012at314147        -            389    0.0018   13.8  13.0   5   6      0.13        31   -0.1   0.0    86   128   539   580   528   596 0.83 -
NW_025965300.1_RagTag:1789607-1791559 -            651 25012at314147        -            389    0.0018   13.8  13.0   6   6       1.7   4.1e+02   -3.8   0.0   361   374   617   630   613   635 0.81 -
#
# Program:         hmmsearch
# Version:         3.1b2 (February 2015)
# Pipeline mode:   SEARCH
# Query file:      /home/bgerda/guppy_SUP/busco_downloads/lineages/glires_odb10/hmms/25012at314147.hmm
# Target file:     /home/bgerda/guppy_SUP/busco_results_flye/run_glires_odb10/metaeuk_output/rerun_results/ragtag.scaffold.fasta.modified.fas
# Option settings: hmmsearch --domtblout /home/bgerda/guppy_SUP/busco_results_flye/run_glires_odb10/hmmer_output/rerun_results/25012at314147.out --cpu 1 /home/bgerda/guppy_SUP/busco_downloads/lineages/glires_odb10/hmms/25012at314147.hmm /home/bgerda/guppy_SUP/busco_results_flye/run_glires_odb10/metaeuk_output/rerun_results/ragtag.scaffold.fasta.modified.fas 
# Current dir:     /home/bgerda/guppy_SUP
# Date:            Sun May 21 17:47:52 2023
# [ok]
