#                                                                                             --- full sequence --- -------------- this domain -------------   hmm coord   ali coord   env coord
# target name                         accession   tlen query name           accession   qlen   E-value  score  bias   #  of  c-Evalue  i-Evalue  score  bias  from    to  from    to  from    to  acc description of target
#                 ------------------- ---------- ----- -------------------- ---------- ----- --------- ------ ----- --- --- --------- --------- ------ ----- ----- ----- ----- ----- ----- ----- ---- ---------------------
contig_50121_pilon:804-1229           -            142 2512at314147         -           1451   4.8e-09   30.7   3.3   1   1   3.6e-11   5.7e-09   30.5   3.3    20    82     1    62     1    70 0.84 -
contig_4568_pilon:1333-1584           -             84 2512at314147         -           1451   1.6e-06   22.3   4.0   1   1   1.1e-08   1.7e-06   22.3   4.0    18    62     4    48     1    66 0.91 -
NW_025965319.1_RagTag:4368574-4368218 -            119 2512at314147         -           1451     2e-06   22.0   1.4   1   1   1.7e-08   2.6e-06   21.7   1.4    19    84     3    67     2    70 0.95 -
NW_025965225.1_RagTag:634263-633982   -             94 2512at314147         -           1451   5.6e-06   20.6  10.5   1   1   3.5e-08   5.6e-06   20.6  10.5    17    61     2    44     1    92 0.93 -
NW_025965309.1_RagTag:3486659-3486297 -            121 2512at314147         -           1451    0.0001   16.4   3.2   1   1   9.2e-07   0.00014   15.9   3.2    19    66    62   113    59   116 0.74 -
NW_025965322.1_RagTag:1301532-1302341 -            270 2512at314147         -           1451     0.013    9.4   3.1   1   1   0.00011     0.017    9.1   3.1    17    50     7    40     1    67 0.72 -
NW_025965075.1_RagTag:74487-67481     -            353 2512at314147         -           1451       0.1    6.5   8.3   1   1    0.0009      0.14    6.0   8.3    18    59    49    87    44   101 0.89 -
NW_025965314.1_RagTag:623697-623012   -            157 2512at314147         -           1451      0.68    3.7   6.2   1   1    0.0053      0.84    3.4   6.2    18    61    19    60     7    69 0.81 -
NW_025965316.1_RagTag:426278-426604   -            109 2512at314147         -           1451         2    2.2  10.2   1   1     0.016       2.5    1.9  10.2    19    62     1    44     1    47 0.83 -
#
# Program:         hmmsearch
# Version:         3.1b2 (February 2015)
# Pipeline mode:   SEARCH
# Query file:      /home/bgerda/guppy_SUP/busco_downloads/lineages/glires_odb10/hmms/2512at314147.hmm
# Target file:     /home/bgerda/guppy_SUP/busco_results_flye/run_glires_odb10/metaeuk_output/rerun_results/ragtag.scaffold.fasta.modified.fas
# Option settings: hmmsearch --domtblout /home/bgerda/guppy_SUP/busco_results_flye/run_glires_odb10/hmmer_output/rerun_results/2512at314147.out --cpu 1 /home/bgerda/guppy_SUP/busco_downloads/lineages/glires_odb10/hmms/2512at314147.hmm /home/bgerda/guppy_SUP/busco_results_flye/run_glires_odb10/metaeuk_output/rerun_results/ragtag.scaffold.fasta.modified.fas 
# Current dir:     /home/bgerda/guppy_SUP
# Date:            Sun May 21 17:47:44 2023
# [ok]
