#                                                                                             --- full sequence --- -------------- this domain -------------   hmm coord   ali coord   env coord
# target name                         accession   tlen query name           accession   qlen   E-value  score  bias   #  of  c-Evalue  i-Evalue  score  bias  from    to  from    to  from    to  acc description of target
#                 ------------------- ---------- ----- -------------------- ---------- ----- --------- ------ ----- --- --- --------- --------- ------ ----- ----- ----- ----- ----- ----- ----- ---- ---------------------
NW_025965022.1_RagTag:225511-224636   -            292 25336at314147        -            323   6.8e-13   44.9   1.1   1   2   4.9e-08   1.1e-05   21.2   0.1    35   164    10   147     5   148 0.81 -
NW_025965022.1_RagTag:225511-224636   -            292 25336at314147        -            323   6.8e-13   44.9   1.1   2   2   6.2e-10   1.5e-07   27.4   0.2    41   188   121   274   108   284 0.70 -
NW_025965103.1_RagTag:1137032-1137580 -            183 25336at314147        -            323     2e-06   23.7   0.1   1   1   1.1e-08   2.5e-06   23.4   0.1    42   189    12   166     3   175 0.70 -
NW_025965317.1_RagTag:2494922-2495710 -            263 25336at314147        -            323    0.0019   13.9   0.0   1   1   4.9e-05     0.012   11.3   0.0    72   250    37   203    22   227 0.69 -
NW_025965230.1_RagTag:1015525-1015103 -            141 25336at314147        -            323    0.0051   12.5   0.9   1   2     0.048        11    1.5   0.1   289   309    12    32     6    37 0.86 -
NW_025965230.1_RagTag:1015525-1015103 -            141 25336at314147        -            323    0.0051   12.5   0.9   2   2   0.00051      0.12    8.0   0.1   226   304    37   131    32   139 0.52 -
NW_025965022.1_RagTag:225532-225287   -             82 25336at314147        -            323    0.0071   12.0   0.0   1   1   3.3e-05    0.0078   11.9   0.0    34    86    16    76     6    82 0.76 -
NW_025965256.1_RagTag:654249-651778   -            143 25336at314147        -            323    0.0083   11.8   0.0   1   2      0.17        39   -0.3   0.0    38    63    63    84    47    87 0.63 -
NW_025965256.1_RagTag:654249-651778   -            143 25336at314147        -            323    0.0083   11.8   0.0   2   2   0.00022     0.052    9.2   0.0    45    79   103   140    93   142 0.79 -
#
# Program:         hmmsearch
# Version:         3.1b2 (February 2015)
# Pipeline mode:   SEARCH
# Query file:      /home/bgerda/guppy_SUP/busco_downloads/lineages/glires_odb10/hmms/25336at314147.hmm
# Target file:     /home/bgerda/guppy_SUP/busco_results_flye/run_glires_odb10/metaeuk_output/rerun_results/ragtag.scaffold.fasta.modified.fas
# Option settings: hmmsearch --domtblout /home/bgerda/guppy_SUP/busco_results_flye/run_glires_odb10/hmmer_output/rerun_results/25336at314147.out --cpu 1 /home/bgerda/guppy_SUP/busco_downloads/lineages/glires_odb10/hmms/25336at314147.hmm /home/bgerda/guppy_SUP/busco_results_flye/run_glires_odb10/metaeuk_output/rerun_results/ragtag.scaffold.fasta.modified.fas 
# Current dir:     /home/bgerda/guppy_SUP
# Date:            Sun May 21 17:47:53 2023
# [ok]
