#                                                                                             --- full sequence --- -------------- this domain -------------   hmm coord   ali coord   env coord
# target name                         accession   tlen query name           accession   qlen   E-value  score  bias   #  of  c-Evalue  i-Evalue  score  bias  from    to  from    to  from    to  acc description of target
#                 ------------------- ---------- ----- -------------------- ---------- ----- --------- ------ ----- --- --- --------- --------- ------ ----- ----- ----- ----- ----- ----- ----- ---- ---------------------
NW_025965028.1_RagTag:501719-500180   -            234 25661at314147        -            402   1.8e-11   40.1   0.0   1   1   1.2e-13   2.8e-11   39.5   0.0    62   116     6    60     3    75 0.92 -
NW_025965300.1_RagTag:1789607-1791559 -            651 25661at314147        -            402   1.2e-05   21.0   1.6   1   4   0.00039     0.093    8.1   0.2    64   128   155   212   144   220 0.76 -
NW_025965300.1_RagTag:1789607-1791559 -            651 25661at314147        -            402   1.2e-05   21.0   1.6   2   4      0.18        41   -0.6   0.0    63   118   334   386   328   392 0.77 -
NW_025965300.1_RagTag:1789607-1791559 -            651 25661at314147        -            402   1.2e-05   21.0   1.6   3   4    0.0033      0.77    5.1   0.0    72   117   430   474   415   514 0.88 -
NW_025965300.1_RagTag:1789607-1791559 -            651 25661at314147        -            402   1.2e-05   21.0   1.6   4   4     0.013         3    3.2   0.0    82   149   539   605   521   646 0.72 -
NW_025965177.1_RagTag:240911-240603   -            103 25661at314147        -            402   6.8e-05   18.5   2.3   1   2     0.038       8.9    1.6   0.4   280   313     4    38     2    46 0.75 -
NW_025965177.1_RagTag:240911-240603   -            103 25661at314147        -            402   6.8e-05   18.5   2.3   2   2   2.9e-07   6.8e-05   18.5   2.3    40   114    24   102    14   103 0.69 -
NW_025965324.1_RagTag:3059154-3059363 -             70 25661at314147        -            402   6.9e-05   18.4   0.4   1   1   2.9e-07   6.9e-05   18.4   0.4    78   121    23    66     6    69 0.90 -
NW_025965275.1_RagTag:451509-451318   -             64 25661at314147        -            402   0.00012   17.7   1.1   1   1     5e-07   0.00012   17.7   1.1    78   121    21    64     3    64 0.86 -
NW_025965324.1_RagTag:3071511-3072352 -            184 25661at314147        -            402     0.001   14.6   0.8   1   2      0.22        53   -0.9   0.3   298   313    38    53    21    87 0.58 -
NW_025965324.1_RagTag:3071511-3072352 -            184 25661at314147        -            402     0.001   14.6   0.8   2   2   4.4e-06     0.001   14.6   0.8    69   120    93   144    70   154 0.85 -
#
# Program:         hmmsearch
# Version:         3.1b2 (February 2015)
# Pipeline mode:   SEARCH
# Query file:      /home/bgerda/guppy_SUP/busco_downloads/lineages/glires_odb10/hmms/25661at314147.hmm
# Target file:     /home/bgerda/guppy_SUP/busco_results_flye/run_glires_odb10/metaeuk_output/rerun_results/ragtag.scaffold.fasta.modified.fas
# Option settings: hmmsearch --domtblout /home/bgerda/guppy_SUP/busco_results_flye/run_glires_odb10/hmmer_output/rerun_results/25661at314147.out --cpu 1 /home/bgerda/guppy_SUP/busco_downloads/lineages/glires_odb10/hmms/25661at314147.hmm /home/bgerda/guppy_SUP/busco_results_flye/run_glires_odb10/metaeuk_output/rerun_results/ragtag.scaffold.fasta.modified.fas 
# Current dir:     /home/bgerda/guppy_SUP
# Date:            Sun May 21 17:47:42 2023
# [ok]
