#                                                                                             --- full sequence --- -------------- this domain -------------   hmm coord   ali coord   env coord
# target name                         accession   tlen query name           accession   qlen   E-value  score  bias   #  of  c-Evalue  i-Evalue  score  bias  from    to  from    to  from    to  acc description of target
#                 ------------------- ---------- ----- -------------------- ---------- ----- --------- ------ ----- --- --- --------- --------- ------ ----- ----- ----- ----- ----- ----- ----- ---- ---------------------
NW_025965287.1_RagTag:1529457-1528498 -            259 25799at314147        -            323   4.7e-07   25.3   0.3   1   2   3.3e-06    0.0012   14.2   0.2   204   267    74   135    59   146 0.88 -
NW_025965287.1_RagTag:1529457-1528498 -            259 25799at314147        -            323   4.7e-07   25.3   0.3   2   2   4.7e-06    0.0017   13.7   0.0   198   269   110   180    94   205 0.81 -
contig_13085_pilon:902-109            -            219 25799at314147        -            323   1.9e-06   23.3   0.0   1   2   2.5e-07   8.7e-05   17.9   0.1   182   267    23   108    12   119 0.79 -
contig_13085_pilon:902-109            -            219 25799at314147        -            323   1.9e-06   23.3   0.0   2   2    0.0097       3.4    2.8   0.0     7    42   116   151   110   189 0.69 -
NW_025965155.1_RagTag:69796-68828     -            323 25799at314147        -            323   0.00053   15.3   0.2   1   4    0.0045       1.6    3.9   0.0   234   270    16    52     4    63 0.85 -
NW_025965155.1_RagTag:69796-68828     -            323 25799at314147        -            323   0.00053   15.3   0.2   2   4      0.33   1.2e+02   -2.3   0.0    67    88    94   116    67   122 0.58 -
NW_025965155.1_RagTag:69796-68828     -            323 25799at314147        -            323   0.00053   15.3   0.2   3   4     0.005       1.8    3.7   0.0   239   269   152   182   128   190 0.82 -
NW_025965155.1_RagTag:69796-68828     -            323 25799at314147        -            323   0.00053   15.3   0.2   4   4    0.0064       2.2    3.4   0.1    14    81   196   264   183   276 0.57 -
NW_025965321.1_RagTag:3116848-3114465 -            522 25799at314147        -            323    0.0023   13.2   0.6   1   2    0.0011      0.39    5.9   0.1   196   264   189   260   167   268 0.71 -
NW_025965321.1_RagTag:3116848-3114465 -            522 25799at314147        -            323    0.0023   13.2   0.6   2   2    0.0023      0.83    4.8   0.0   231   265   268   303   262   308 0.84 -
#
# Program:         hmmsearch
# Version:         3.1b2 (February 2015)
# Pipeline mode:   SEARCH
# Query file:      /home/bgerda/guppy_SUP/busco_downloads/lineages/glires_odb10/hmms/25799at314147.hmm
# Target file:     /home/bgerda/guppy_SUP/busco_results_flye/run_glires_odb10/metaeuk_output/rerun_results/ragtag.scaffold.fasta.modified.fas
# Option settings: hmmsearch --domtblout /home/bgerda/guppy_SUP/busco_results_flye/run_glires_odb10/hmmer_output/rerun_results/25799at314147.out --cpu 1 /home/bgerda/guppy_SUP/busco_downloads/lineages/glires_odb10/hmms/25799at314147.hmm /home/bgerda/guppy_SUP/busco_results_flye/run_glires_odb10/metaeuk_output/rerun_results/ragtag.scaffold.fasta.modified.fas 
# Current dir:     /home/bgerda/guppy_SUP
# Date:            Sun May 21 17:47:44 2023
# [ok]
