#                                                                                             --- full sequence --- -------------- this domain -------------   hmm coord   ali coord   env coord
# target name                         accession   tlen query name           accession   qlen   E-value  score  bias   #  of  c-Evalue  i-Evalue  score  bias  from    to  from    to  from    to  acc description of target
#                 ------------------- ---------- ----- -------------------- ---------- ----- --------- ------ ----- --- --- --------- --------- ------ ----- ----- ----- ----- ----- ----- ----- ---- ---------------------
NW_025965022.1_RagTag:225511-224636   -            292 26094at314147        -            277   2.8e-20   69.3   1.2   1   2   1.8e-15   4.2e-13   45.7   0.1     3   132     4   155     2   162 0.76 -
NW_025965022.1_RagTag:225511-224636   -            292 26094at314147        -            277   2.8e-20   69.3   1.2   2   2   8.4e-09     2e-06   23.8   0.2    28   150   147   274   143   286 0.81 -
NW_025965317.1_RagTag:2494922-2495710 -            263 26094at314147        -            277     1e-10   37.9   0.1   1   1     7e-13   1.6e-10   37.2   0.1     8   270     3   261     1   263 0.74 -
NW_025965103.1_RagTag:1137032-1137580 -            183 26094at314147        -            277   2.8e-08   29.9   0.0   1   2   1.8e-06   0.00043   16.2   0.0    92   148     2    61     1    86 0.84 -
NW_025965103.1_RagTag:1137032-1137580 -            183 26094at314147        -            277   2.8e-08   29.9   0.0   2   2   3.6e-05    0.0085   11.9   0.0    96   150   105   165    91   177 0.71 -
NW_025965230.1_RagTag:1015525-1015103 -            141 26094at314147        -            277   1.8e-06   23.9   0.0   1   1   9.6e-09   2.3e-06   23.6   0.0   188   275    37   131     3   134 0.74 -
NW_025965256.1_RagTag:654249-651778   -            143 26094at314147        -            277    0.0017   14.2   0.0   1   2   0.00026     0.062    9.1   0.0    49   120     3    81     1    86 0.75 -
NW_025965256.1_RagTag:654249-651778   -            143 26094at314147        -            277    0.0017   14.2   0.0   2   2     0.016       3.7    3.3   0.0   199   225    97   124    89   142 0.50 -
NW_025965022.1_RagTag:225532-225287   -             82 26094at314147        -            277    0.0023   13.8   0.1   1   1   1.7e-05    0.0041   13.0   0.1     3    60    11    82     9    82 0.69 -
#
# Program:         hmmsearch
# Version:         3.1b2 (February 2015)
# Pipeline mode:   SEARCH
# Query file:      /home/bgerda/guppy_SUP/busco_downloads/lineages/glires_odb10/hmms/26094at314147.hmm
# Target file:     /home/bgerda/guppy_SUP/busco_results_flye/run_glires_odb10/metaeuk_output/rerun_results/ragtag.scaffold.fasta.modified.fas
# Option settings: hmmsearch --domtblout /home/bgerda/guppy_SUP/busco_results_flye/run_glires_odb10/hmmer_output/rerun_results/26094at314147.out --cpu 1 /home/bgerda/guppy_SUP/busco_downloads/lineages/glires_odb10/hmms/26094at314147.hmm /home/bgerda/guppy_SUP/busco_results_flye/run_glires_odb10/metaeuk_output/rerun_results/ragtag.scaffold.fasta.modified.fas 
# Current dir:     /home/bgerda/guppy_SUP
# Date:            Sun May 21 17:47:41 2023
# [ok]
