#                                                                                             --- full sequence --- -------------- this domain -------------   hmm coord   ali coord   env coord
# target name                         accession   tlen query name           accession   qlen   E-value  score  bias   #  of  c-Evalue  i-Evalue  score  bias  from    to  from    to  from    to  acc description of target
#                 ------------------- ---------- ----- -------------------- ---------- ----- --------- ------ ----- --- --- --------- --------- ------ ----- ----- ----- ----- ----- ----- ----- ---- ---------------------
NW_025965074.1_RagTag:879831-877598   -            295 26195at314147        -            310   2.3e-21   72.9   2.4   1   2   1.2e-11   2.5e-09   33.3   0.3   120   211    30   120    10   141 0.87 -
NW_025965074.1_RagTag:879831-877598   -            295 26195at314147        -            310   2.3e-21   72.9   2.4   2   2   1.3e-13   2.6e-11   39.8   0.1    20   155   144   276   133   285 0.88 -
NW_025965250.1_RagTag:126300-123371   -            363 26195at314147        -            310   2.2e-18   63.1   0.2   1   2   4.4e-12     9e-10   34.8   0.0    36   178   128   272    99   279 0.82 -
NW_025965250.1_RagTag:126300-123371   -            363 26195at314147        -            310   2.2e-18   63.1   0.2   2   2   7.2e-12   1.4e-09   34.1   0.0    88   210   230   353   229   362 0.87 -
NW_025965321.1_RagTag:1275332-1274637 -            232 26195at314147        -            310   1.2e-14   50.8   0.3   1   2   8.9e-15   1.8e-12   43.7   1.0    49   209    11   174     5   176 0.89 -
NW_025965321.1_RagTag:1275332-1274637 -            232 26195at314147        -            310   1.2e-14   50.8   0.3   2   2   0.00014     0.029   10.1   0.0    40   114   148   223   137   228 0.80 -
NW_025965191.1_RagTag:541814-540291   -            508 26195at314147        -            310   5.6e-11   38.8   0.4   1   2   0.00012     0.024   10.4   0.0   137   175   332   370   326   382 0.87 -
NW_025965191.1_RagTag:541814-540291   -            508 26195at314147        -            310   5.6e-11   38.8   0.4   2   2   1.7e-09   3.4e-07   26.3   0.2    44   127   394   478   383   491 0.90 -
NW_025965317.1_RagTag:3930093-3930803 -            237 26195at314147        -            310   3.7e-08   29.5   0.2   1   2     6e-05     0.012   11.4   0.1    37    84    89   136    79   144 0.86 -
NW_025965317.1_RagTag:3930093-3930803 -            237 26195at314147        -            310   3.7e-08   29.5   0.2   2   2   1.5e-08     3e-06   23.2   0.0     2   127   102   231   101   234 0.88 -
NW_025965172.1_RagTag:387348-388469   -            374 26195at314147        -            310   7.5e-08   28.5   0.0   1   1   4.9e-10   9.8e-08   28.1   0.0    95   172   293   373   229   374 0.84 -
NW_025965367.1_RagTag:65763-66275     -            171 26195at314147        -            310   0.00013   17.8   0.0   1   1   6.7e-07   0.00014   17.8   0.0    47   145    21   125     2   156 0.73 -
#
# Program:         hmmsearch
# Version:         3.1b2 (February 2015)
# Pipeline mode:   SEARCH
# Query file:      /home/bgerda/guppy_SUP/busco_downloads/lineages/glires_odb10/hmms/26195at314147.hmm
# Target file:     /home/bgerda/guppy_SUP/busco_results_flye/run_glires_odb10/metaeuk_output/rerun_results/ragtag.scaffold.fasta.modified.fas
# Option settings: hmmsearch --domtblout /home/bgerda/guppy_SUP/busco_results_flye/run_glires_odb10/hmmer_output/rerun_results/26195at314147.out --cpu 1 /home/bgerda/guppy_SUP/busco_downloads/lineages/glires_odb10/hmms/26195at314147.hmm /home/bgerda/guppy_SUP/busco_results_flye/run_glires_odb10/metaeuk_output/rerun_results/ragtag.scaffold.fasta.modified.fas 
# Current dir:     /home/bgerda/guppy_SUP
# Date:            Sun May 21 17:47:53 2023
# [ok]
