#                                                                                             --- full sequence --- -------------- this domain -------------   hmm coord   ali coord   env coord
# target name                         accession   tlen query name           accession   qlen   E-value  score  bias   #  of  c-Evalue  i-Evalue  score  bias  from    to  from    to  from    to  acc description of target
#                 ------------------- ---------- ----- -------------------- ---------- ----- --------- ------ ----- --- --- --------- --------- ------ ----- ----- ----- ----- ----- ----- ----- ---- ---------------------
NW_025965363.1_RagTag:46182-41526     -            244 26518at314147        -            415   1.1e-49  165.8   0.0   1   1   1.1e-51   1.4e-49  165.4   0.0   240   402    52   215    44   229 0.93 -
NW_025965148.1_RagTag:14588-13923     -            222 26518at314147        -            415   2.3e-38  128.5   0.0   1   1   2.1e-40   2.7e-38  128.3   0.0   235   409    39   217    33   222 0.85 -
NW_025965289.1_RagTag:145931-147389   -            232 26518at314147        -            415   9.9e-24   80.3   0.0   1   1   9.5e-26   1.2e-23   79.9   0.0   245   403    45   211    31   224 0.86 -
contig_50121_pilon:804-1229           -            142 26518at314147        -            415   8.3e-11   37.7   4.0   1   1   2.3e-12     3e-10   35.9   4.0    12    94     1   115     1   123 0.83 -
contig_4568_pilon:1333-1584           -             84 26518at314147        -            415   7.4e-08   28.0   3.3   1   1   6.8e-10   8.7e-08   27.7   3.3     7    41     1    35     1    78 0.79 -
NW_025965319.1_RagTag:4368574-4368218 -            119 26518at314147        -            415   4.5e-06   22.1  10.1   1   1   3.2e-07   4.2e-05   18.9  10.1    10    90     2   116     1   119 0.72 -
NW_025965075.1_RagTag:74487-67481     -            353 26518at314147        -            415   0.00049   15.4   4.5   1   1   5.5e-06    0.0007   14.9   4.5     6    74    45   115    42   158 0.75 -
NW_025965225.1_RagTag:634263-633982   -             94 26518at314147        -            415   0.00059   15.1   4.4   1   1     4e-06   0.00052   15.3   4.4    10    47     3    42     1    91 0.79 -
NW_025965314.1_RagTag:623697-623012   -            157 26518at314147        -            415   0.00086   14.6   0.4   1   1   6.7e-06   0.00087   14.6   0.4     3    44    12    63    10   137 0.73 -
NW_025965322.1_RagTag:1301532-1302341 -            270 26518at314147        -            415     0.001   14.3   0.9   1   2   1.2e-05    0.0015   13.8   0.2     6    40     4    38     1    51 0.86 -
NW_025965322.1_RagTag:1301532-1302341 -            270 26518at314147        -            415     0.001   14.3   0.9   2   2      0.74        94   -2.0   0.0   198   198   176   176    95   216 0.60 -
NW_025965309.1_RagTag:3486659-3486297 -            121 26518at314147        -            415     0.013   10.6   1.1   1   1   0.00013     0.016   10.4   1.1     9    42    60   100    52   115 0.64 -
#
# Program:         hmmsearch
# Version:         3.1b2 (February 2015)
# Pipeline mode:   SEARCH
# Query file:      /home/bgerda/guppy_SUP/busco_downloads/lineages/glires_odb10/hmms/26518at314147.hmm
# Target file:     /home/bgerda/guppy_SUP/busco_results_flye/run_glires_odb10/metaeuk_output/rerun_results/ragtag.scaffold.fasta.modified.fas
# Option settings: hmmsearch --domtblout /home/bgerda/guppy_SUP/busco_results_flye/run_glires_odb10/hmmer_output/rerun_results/26518at314147.out --cpu 1 /home/bgerda/guppy_SUP/busco_downloads/lineages/glires_odb10/hmms/26518at314147.hmm /home/bgerda/guppy_SUP/busco_results_flye/run_glires_odb10/metaeuk_output/rerun_results/ragtag.scaffold.fasta.modified.fas 
# Current dir:     /home/bgerda/guppy_SUP
# Date:            Sun May 21 17:47:50 2023
# [ok]
