#                                                                                             --- full sequence --- -------------- this domain -------------   hmm coord   ali coord   env coord
# target name                         accession   tlen query name           accession   qlen   E-value  score  bias   #  of  c-Evalue  i-Evalue  score  bias  from    to  from    to  from    to  acc description of target
#                 ------------------- ---------- ----- -------------------- ---------- ----- --------- ------ ----- --- --- --------- --------- ------ ----- ----- ----- ----- ----- ----- ----- ---- ---------------------
NW_025965321.1_RagTag:2722988-2720754 -            745 2690at314147         -           1196  5.3e-263  871.7 117.1   1   1  2.8e-261  5.6e-259  858.4 117.1   344   942    10   743     5   745 0.90 -
NW_025965188.1_RagTag:479890-480303   -            138 2690at314147         -           1196   3.6e-07   24.4   0.5   1   2   0.00016     0.033    7.9   0.0   117   180     2    66     1    72 0.87 -
NW_025965188.1_RagTag:479890-480303   -            138 2690at314147         -           1196   3.6e-07   24.4   0.5   2   2   3.9e-08   7.8e-06   19.9   0.9   102   201    21   133    20   138 0.77 -
NW_025965163.1_RagTag:39462-30569     -            706 2690at314147         -           1196   8.2e-06   19.9   0.0   1   2         7   1.4e+03  -10.8  11.0   822   857    90   125    75   153 0.61 -
NW_025965163.1_RagTag:39462-30569     -            706 2690at314147         -           1196   8.2e-06   19.9   0.0   2   2   4.1e-08   8.2e-06   19.9   0.0   133   174   436   477   422   495 0.87 -
NW_025965288.1_RagTag:106215-105970   -             82 2690at314147         -           1196   1.4e-05   19.1   0.0   1   1   7.4e-08   1.5e-05   19.0   0.0   113   167     7    64     3    80 0.84 -
NW_025965352.1_RagTag:111207-112713   -            273 2690at314147         -           1196   0.00056   13.8   0.0   1   1   3.3e-06   0.00067   13.5   0.0   132   187     3    58     1    75 0.90 -
NW_025965182.1_RagTag:1203823-1203987 -             55 2690at314147         -           1196    0.0024   11.7   0.0   1   1   1.2e-05    0.0024   11.7   0.0   120   164    10    54     2    55 0.79 -
NW_025965287.1_RagTag:1600616-1605266 -            433 2690at314147         -           1196    0.0041   10.9   0.3   1   1   2.7e-05    0.0055   10.5   0.3    34   151   354   412   322   428 0.57 -
#
# Program:         hmmsearch
# Version:         3.1b2 (February 2015)
# Pipeline mode:   SEARCH
# Query file:      /home/bgerda/guppy_SUP/busco_downloads/lineages/glires_odb10/hmms/2690at314147.hmm
# Target file:     /home/bgerda/guppy_SUP/busco_results_flye/run_glires_odb10/metaeuk_output/rerun_results/ragtag.scaffold.fasta.modified.fas
# Option settings: hmmsearch --domtblout /home/bgerda/guppy_SUP/busco_results_flye/run_glires_odb10/hmmer_output/rerun_results/2690at314147.out --cpu 1 /home/bgerda/guppy_SUP/busco_downloads/lineages/glires_odb10/hmms/2690at314147.hmm /home/bgerda/guppy_SUP/busco_results_flye/run_glires_odb10/metaeuk_output/rerun_results/ragtag.scaffold.fasta.modified.fas 
# Current dir:     /home/bgerda/guppy_SUP
# Date:            Sun May 21 17:47:57 2023
# [ok]
