#                                                                                             --- full sequence --- -------------- this domain -------------   hmm coord   ali coord   env coord
# target name                         accession   tlen query name           accession   qlen   E-value  score  bias   #  of  c-Evalue  i-Evalue  score  bias  from    to  from    to  from    to  acc description of target
#                 ------------------- ---------- ----- -------------------- ---------- ----- --------- ------ ----- --- --- --------- --------- ------ ----- ----- ----- ----- ----- ----- ----- ---- ---------------------
NW_025965040.1_RagTag:266331-266095   -             79 27265at314147        -            306   1.7e-08   30.2   0.5   1   1   1.2e-10     2e-08   30.1   0.5    73   142     5    73     2    77 0.87 -
NW_025965316.1_RagTag:426278-426604   -            109 27265at314147        -            306   2.9e-06   22.9   2.5   1   1   1.9e-08   3.1e-06   22.9   2.5    98   142     2    45     1    80 0.85 -
NW_025965314.1_RagTag:669224-667483   -            536 27265at314147        -            306   3.2e-06   22.8   0.7   1   1   3.2e-08     5e-06   22.2   0.7    76   142   467   532   461   535 0.86 -
NW_025965309.1_RagTag:3486659-3486297 -            121 27265at314147        -            306   9.1e-06   21.3   0.9   1   1   8.2e-08   1.3e-05   20.8   0.9    95   144    60   112    50   117 0.73 -
contig_4568_pilon:1333-1584           -             84 27265at314147        -            306   0.00011   17.7   2.6   1   1   8.2e-07   0.00013   17.5   2.6   249   302     2    53     1    62 0.72 -
contig_50121_pilon:804-1229           -            142 27265at314147        -            306   0.00094   14.7   1.6   1   1     6e-06   0.00094   14.7   1.6    98   140     1    41     1    51 0.91 -
NW_025965308.1_RagTag:1030891-931706  -             70 27265at314147        -            306    0.0034   12.9   0.7   1   1   2.4e-05    0.0037   12.7   0.7    95   140     4    48     1    54 0.72 -
NW_025965209.1_RagTag:170211-170495   -             95 27265at314147        -            306    0.0047   12.4   0.1   1   1   3.6e-05    0.0057   12.1   0.1   251   289    27    64    16    71 0.86 -
NW_025965118.1_RagTag:431045-433195   -            717 27265at314147        -            306       0.1    8.0   5.7   1   1    0.0012      0.19    7.1   5.4    97   141     3    44     1    51 0.85 -
#
# Program:         hmmsearch
# Version:         3.1b2 (February 2015)
# Pipeline mode:   SEARCH
# Query file:      /home/bgerda/guppy_SUP/busco_downloads/lineages/glires_odb10/hmms/27265at314147.hmm
# Target file:     /home/bgerda/guppy_SUP/busco_results_flye/run_glires_odb10/metaeuk_output/rerun_results/ragtag.scaffold.fasta.modified.fas
# Option settings: hmmsearch --domtblout /home/bgerda/guppy_SUP/busco_results_flye/run_glires_odb10/hmmer_output/rerun_results/27265at314147.out --cpu 1 /home/bgerda/guppy_SUP/busco_downloads/lineages/glires_odb10/hmms/27265at314147.hmm /home/bgerda/guppy_SUP/busco_results_flye/run_glires_odb10/metaeuk_output/rerun_results/ragtag.scaffold.fasta.modified.fas 
# Current dir:     /home/bgerda/guppy_SUP
# Date:            Sun May 21 17:47:45 2023
# [ok]
