#                                                                                             --- full sequence --- -------------- this domain -------------   hmm coord   ali coord   env coord
# target name                         accession   tlen query name           accession   qlen   E-value  score  bias   #  of  c-Evalue  i-Evalue  score  bias  from    to  from    to  from    to  acc description of target
#                 ------------------- ---------- ----- -------------------- ---------- ----- --------- ------ ----- --- --- --------- --------- ------ ----- ----- ----- ----- ----- ----- ----- ---- ---------------------
NW_025965324.1_RagTag:3071511-3072352 -            184 27316at314147        -            360     6e-26   88.1   2.3   1   1   4.6e-28   7.2e-26   87.8   2.3    62   202    19   167     4   177 0.65 -
NW_025965275.1_RagTag:451509-451318   -             64 27316at314147        -            360   6.6e-22   74.8   3.5   1   1   4.5e-24     7e-22   74.7   3.5   130   182     9    64     2    64 0.91 -
NW_025965324.1_RagTag:3059154-3059363 -             70 27316at314147        -            360   1.4e-18   63.8   0.8   1   1   9.6e-21   1.5e-18   63.7   0.8   129   181    10    65     1    69 0.86 -
NW_025965284.1_RagTag:358647-360583   -            161 27316at314147        -            360   5.9e-09   32.2   0.5   1   1   5.1e-11     8e-09   31.8   0.4   130   174   114   161    82   161 0.86 -
NW_025965266.1_RagTag:217801-219069   -            166 27316at314147        -            360   1.3e-08   31.1   0.5   1   1   8.5e-11   1.3e-08   31.0   0.5   127   161   127   161    37   166 0.83 -
NW_025965177.1_RagTag:240911-240603   -            103 27316at314147        -            360   5.8e-08   28.9   6.0   1   1   6.9e-10   1.1e-07   28.0   6.0   129   176    53   103     6   103 0.88 -
NW_025965309.1_RagTag:3395110-3394499 -            204 27316at314147        -            360   1.1e-06   24.8  20.5   1   1   2.5e-07     4e-05   19.6  20.4    85   200    28   151     2   196 0.66 -
NW_025965228.1_RagTag:17261-16787     -             64 27316at314147        -            360     8e-05   18.6   1.8   1   1   5.9e-07   9.3e-05   18.4   1.8   128   182    16    63     8    64 0.85 -
NW_025965218.1_RagTag:1404150-1401683 -            220 27316at314147        -            360   0.00012   18.1   0.9   1   1     1e-06   0.00016   17.6   0.5   150   180   114   144    87   167 0.82 -
#
# Program:         hmmsearch
# Version:         3.1b2 (February 2015)
# Pipeline mode:   SEARCH
# Query file:      /home/bgerda/guppy_SUP/busco_downloads/lineages/glires_odb10/hmms/27316at314147.hmm
# Target file:     /home/bgerda/guppy_SUP/busco_results_flye/run_glires_odb10/metaeuk_output/rerun_results/ragtag.scaffold.fasta.modified.fas
# Option settings: hmmsearch --domtblout /home/bgerda/guppy_SUP/busco_results_flye/run_glires_odb10/hmmer_output/rerun_results/27316at314147.out --cpu 1 /home/bgerda/guppy_SUP/busco_downloads/lineages/glires_odb10/hmms/27316at314147.hmm /home/bgerda/guppy_SUP/busco_results_flye/run_glires_odb10/metaeuk_output/rerun_results/ragtag.scaffold.fasta.modified.fas 
# Current dir:     /home/bgerda/guppy_SUP
# Date:            Sun May 21 17:47:46 2023
# [ok]
