#                                                                                             --- full sequence --- -------------- this domain -------------   hmm coord   ali coord   env coord
# target name                         accession   tlen query name           accession   qlen   E-value  score  bias   #  of  c-Evalue  i-Evalue  score  bias  from    to  from    to  from    to  acc description of target
#                 ------------------- ---------- ----- -------------------- ---------- ----- --------- ------ ----- --- --- --------- --------- ------ ----- ----- ----- ----- ----- ----- ----- ---- ---------------------
NW_025965188.1_RagTag:479890-480303   -            138 27616at314147        -            243   2.3e-12   43.4   1.4   1   1   6.9e-13   1.4e-10   37.6   1.2    40   153    19   138    13   138 0.84 -
NW_025965287.1_RagTag:1600616-1605266 -            433 27616at314147        -            243   1.4e-09   34.3   0.3   1   1   1.4e-11   2.9e-09   33.3   0.3     5   111   327   432   302   433 0.66 -
NW_025965276.1_RagTag:401981-402454   -            158 27616at314147        -            243   1.6e-05   21.0   1.4   1   3     0.013       2.6    3.9   0.0   146   175    14    43     9    53 0.86 -
NW_025965276.1_RagTag:401981-402454   -            158 27616at314147        -            243   1.6e-05   21.0   1.4   2   3   0.00037     0.074    9.0   0.0    40    68    56    84    49    88 0.90 -
NW_025965276.1_RagTag:401981-402454   -            158 27616at314147        -            243   1.6e-05   21.0   1.4   3   3    0.0028      0.57    6.1   0.2   115   155    89   129    85   151 0.62 -
NW_025965352.1_RagTag:111207-112713   -            273 27616at314147        -            243    0.0045   13.0   0.0   1   1   3.6e-05    0.0073   12.3   0.0    73   166     4    57     1    70 0.52 -
NW_025965288.1_RagTag:106215-105970   -             82 27616at314147        -            243    0.0062   12.5   0.0   1   1   3.2e-05    0.0065   12.5   0.0   127   176     9    60     2    74 0.83 -
NW_025965344.1_RagTag:44181-38828     -            169 27616at314147        -            243    0.0084   12.1   0.0   1   2   0.00019     0.038   10.0   0.0    76   179    22   122    11   128 0.81 -
NW_025965344.1_RagTag:44181-38828     -            169 27616at314147        -            243    0.0084   12.1   0.0   2   2      0.17        35    0.3   0.0   168   198   129   159   113   168 0.71 -
NW_025965163.1_RagTag:39462-30569     -            706 27616at314147        -            243      0.01   11.8   0.0   1   2         7   1.4e+03  -10.5   9.2   207   225   108   121    77   135 0.51 -
NW_025965163.1_RagTag:39462-30569     -            706 27616at314147        -            243      0.01   11.8   0.0   2   2     5e-05      0.01   11.8   0.0    34    86   428   482   407   509 0.78 -
#
# Program:         hmmsearch
# Version:         3.1b2 (February 2015)
# Pipeline mode:   SEARCH
# Query file:      /home/bgerda/guppy_SUP/busco_downloads/lineages/glires_odb10/hmms/27616at314147.hmm
# Target file:     /home/bgerda/guppy_SUP/busco_results_flye/run_glires_odb10/metaeuk_output/rerun_results/ragtag.scaffold.fasta.modified.fas
# Option settings: hmmsearch --domtblout /home/bgerda/guppy_SUP/busco_results_flye/run_glires_odb10/hmmer_output/rerun_results/27616at314147.out --cpu 1 /home/bgerda/guppy_SUP/busco_downloads/lineages/glires_odb10/hmms/27616at314147.hmm /home/bgerda/guppy_SUP/busco_results_flye/run_glires_odb10/metaeuk_output/rerun_results/ragtag.scaffold.fasta.modified.fas 
# Current dir:     /home/bgerda/guppy_SUP
# Date:            Sun May 21 17:47:41 2023
# [ok]
