#                                                                                             --- full sequence --- -------------- this domain -------------   hmm coord   ali coord   env coord
# target name                         accession   tlen query name           accession   qlen   E-value  score  bias   #  of  c-Evalue  i-Evalue  score  bias  from    to  from    to  from    to  acc description of target
#                 ------------------- ---------- ----- -------------------- ---------- ----- --------- ------ ----- --- --- --------- --------- ------ ----- ----- ----- ----- ----- ----- ----- ---- ---------------------
NW_025965022.1_RagTag:225511-224636   -            292 27735at314147        -             86   6.5e-12   41.8   0.6   1   3   1.1e-05    0.0039   13.7   0.0    16    77     6    75     2    82 0.84 -
NW_025965022.1_RagTag:225511-224636   -            292 27735at314147        -             86   6.5e-12   41.8   0.6   2   3   0.00011     0.037   10.6   0.1    19    76   113   177   108   185 0.72 -
NW_025965022.1_RagTag:225511-224636   -            292 27735at314147        -             86   6.5e-12   41.8   0.6   3   3   9.6e-06    0.0034   13.9   0.0    17    83   209   281   198   284 0.80 -
NW_025965022.1_RagTag:225532-225287   -             82 27735at314147        -             86   2.1e-05   21.0   0.1   1   1   1.2e-07   4.2e-05   20.0   0.1     4    75     1    80     1    82 0.83 -
NW_025965256.1_RagTag:654249-651778   -            143 27735at314147        -             86   0.00023   17.6   0.0   1   2     0.011       3.8    4.1   0.0    30    49    66    85    42    91 0.74 -
NW_025965256.1_RagTag:654249-651778   -            143 27735at314147        -             86   0.00023   17.6   0.0   2   2   7.3e-05     0.026   11.1   0.0    31    64   104   140    90   142 0.85 -
NW_025965317.1_RagTag:2494922-2495710 -            263 27735at314147        -             86    0.0005   16.6   0.1   1   3    0.0015      0.51    6.9   0.0    23    76     7    56     1    65 0.76 -
NW_025965317.1_RagTag:2494922-2495710 -            263 27735at314147        -             86    0.0005   16.6   0.1   2   3      0.22        77   -0.1   0.0    58    77   131   150    86   157 0.73 -
NW_025965317.1_RagTag:2494922-2495710 -            263 27735at314147        -             86    0.0005   16.6   0.1   3   3    0.0034       1.2    5.7   0.0    16    44   182   210   168   247 0.78 -
#
# Program:         hmmsearch
# Version:         3.1b2 (February 2015)
# Pipeline mode:   SEARCH
# Query file:      /home/bgerda/guppy_SUP/busco_downloads/lineages/glires_odb10/hmms/27735at314147.hmm
# Target file:     /home/bgerda/guppy_SUP/busco_results_flye/run_glires_odb10/metaeuk_output/rerun_results/ragtag.scaffold.fasta.modified.fas
# Option settings: hmmsearch --domtblout /home/bgerda/guppy_SUP/busco_results_flye/run_glires_odb10/hmmer_output/rerun_results/27735at314147.out --cpu 1 /home/bgerda/guppy_SUP/busco_downloads/lineages/glires_odb10/hmms/27735at314147.hmm /home/bgerda/guppy_SUP/busco_results_flye/run_glires_odb10/metaeuk_output/rerun_results/ragtag.scaffold.fasta.modified.fas 
# Current dir:     /home/bgerda/guppy_SUP
# Date:            Sun May 21 17:47:41 2023
# [ok]
