#                                                                                             --- full sequence --- -------------- this domain -------------   hmm coord   ali coord   env coord
# target name                         accession   tlen query name           accession   qlen   E-value  score  bias   #  of  c-Evalue  i-Evalue  score  bias  from    to  from    to  from    to  acc description of target
#                 ------------------- ---------- ----- -------------------- ---------- ----- --------- ------ ----- --- --- --------- --------- ------ ----- ----- ----- ----- ----- ----- ----- ---- ---------------------
NW_025965324.1_RagTag:3071511-3072352 -            184 28596at314147        -            338   6.5e-13   44.9   0.1   1   1   3.7e-15   6.5e-13   44.9   0.1   191   246    87   143    11   160 0.92 -
NW_025965275.1_RagTag:451509-451318   -             64 28596at314147        -            338     3e-12   42.7   3.1   1   1   1.7e-14     3e-12   42.7   3.1   190   245     5    61     1    64 0.90 -
NW_025965309.1_RagTag:3395110-3394499 -            204 28596at314147        -            338   6.2e-11   38.4   2.4   1   1   6.4e-13   1.1e-10   37.5   2.4   173   246    56   128    29   144 0.75 -
NW_025965177.1_RagTag:240911-240603   -            103 28596at314147        -            338   1.2e-10   37.4   0.8   1   1   8.4e-13   1.5e-10   37.1   0.8   190   241    50   101    45   103 0.92 -
NW_025965324.1_RagTag:3059154-3059363 -             70 28596at314147        -            338   2.3e-10   36.5   1.3   1   1   1.4e-12   2.6e-10   36.4   1.3   186   245     3    63     1    67 0.90 -
NW_025965284.1_RagTag:358647-360583   -            161 28596at314147        -            338   2.9e-07   26.3   2.2   1   2      0.23        41   -0.5   0.0   300   333    44    79    10    83 0.64 -
NW_025965284.1_RagTag:358647-360583   -            161 28596at314147        -            338   2.9e-07   26.3   2.2   2   2     2e-09   3.5e-07   26.1   0.6   190   240   110   160    94   161 0.93 -
NW_025965266.1_RagTag:217801-219069   -            166 28596at314147        -            338   4.2e-07   25.8   2.1   1   1   3.2e-09   5.7e-07   25.4   2.1   183   230   120   166    94   166 0.92 -
NW_025965228.1_RagTag:17261-16787     -             64 28596at314147        -            338   0.00068   15.2   0.8   1   1   3.9e-06   0.00069   15.2   0.8   189   221    13    45     6    59 0.84 -
#
# Program:         hmmsearch
# Version:         3.1b2 (February 2015)
# Pipeline mode:   SEARCH
# Query file:      /home/bgerda/guppy_SUP/busco_downloads/lineages/glires_odb10/hmms/28596at314147.hmm
# Target file:     /home/bgerda/guppy_SUP/busco_results_flye/run_glires_odb10/metaeuk_output/rerun_results/ragtag.scaffold.fasta.modified.fas
# Option settings: hmmsearch --domtblout /home/bgerda/guppy_SUP/busco_results_flye/run_glires_odb10/hmmer_output/rerun_results/28596at314147.out --cpu 1 /home/bgerda/guppy_SUP/busco_downloads/lineages/glires_odb10/hmms/28596at314147.hmm /home/bgerda/guppy_SUP/busco_results_flye/run_glires_odb10/metaeuk_output/rerun_results/ragtag.scaffold.fasta.modified.fas 
# Current dir:     /home/bgerda/guppy_SUP
# Date:            Sun May 21 17:47:49 2023
# [ok]
