#                                                                                             --- full sequence --- -------------- this domain -------------   hmm coord   ali coord   env coord
# target name                         accession   tlen query name           accession   qlen   E-value  score  bias   #  of  c-Evalue  i-Evalue  score  bias  from    to  from    to  from    to  acc description of target
#                 ------------------- ---------- ----- -------------------- ---------- ----- --------- ------ ----- --- --- --------- --------- ------ ----- ----- ----- ----- ----- ----- ----- ---- ---------------------
NW_025965040.1_RagTag:266331-266095   -             79 28696at314147        -            268   2.1e-11   40.1   0.2   1   1   1.2e-13   2.1e-11   40.0   0.2   196   266    10    75     2    77 0.84 -
NW_025965040.1_RagTag:265376-265137   -             80 28696at314147        -            268     5e-11   38.8   0.3   1   1   3.1e-13   5.5e-11   38.7   0.3   188   262    11    80     3    80 0.85 -
NW_025965314.1_RagTag:669224-667483   -            536 28696at314147        -            268   1.8e-10   37.0   0.1   1   1   1.4e-12   2.5e-10   36.5   0.1   186   266   459   534   428   536 0.85 -
NW_025965075.1_RagTag:21988-27231     -            378 28696at314147        -            268     7e-10   35.0   0.3   1   1   6.4e-12   1.1e-09   34.4   0.3   195   266   300   370   280   372 0.80 -
NW_025965308.1_RagTag:1030891-931706  -             70 28696at314147        -            268   2.3e-09   33.3   4.2   1   1   1.4e-11   2.4e-09   33.3   4.2   219   262     5    48     1    54 0.92 -
NW_025965309.1_RagTag:3486659-3486297 -            121 28696at314147        -            268   0.00034   16.4   0.9   1   2      0.95   1.7e+02   -2.3   0.0   214   226    15    27     6    43 0.67 -
NW_025965309.1_RagTag:3486659-3486297 -            121 28696at314147        -            268   0.00034   16.4   0.9   2   2   2.4e-06   0.00042   16.1   0.3   209   265    50   111    38   114 0.77 -
NW_025965316.1_RagTag:426278-426604   -            109 28696at314147        -            268      0.11    8.1   6.4   1   1   0.00079      0.14    7.8   6.4   221   263     2    44     1    49 0.81 -
NW_025965118.1_RagTag:431045-433195   -            717 28696at314147        -            268      0.15    7.7   4.1   1   1    0.0014      0.24    7.1   4.1   220   262     3    43     1    47 0.88 -
#
# Program:         hmmsearch
# Version:         3.1b2 (February 2015)
# Pipeline mode:   SEARCH
# Query file:      /home/bgerda/guppy_SUP/busco_downloads/lineages/glires_odb10/hmms/28696at314147.hmm
# Target file:     /home/bgerda/guppy_SUP/busco_results_flye/run_glires_odb10/metaeuk_output/rerun_results/ragtag.scaffold.fasta.modified.fas
# Option settings: hmmsearch --domtblout /home/bgerda/guppy_SUP/busco_results_flye/run_glires_odb10/hmmer_output/rerun_results/28696at314147.out --cpu 1 /home/bgerda/guppy_SUP/busco_downloads/lineages/glires_odb10/hmms/28696at314147.hmm /home/bgerda/guppy_SUP/busco_results_flye/run_glires_odb10/metaeuk_output/rerun_results/ragtag.scaffold.fasta.modified.fas 
# Current dir:     /home/bgerda/guppy_SUP
# Date:            Sun May 21 17:47:50 2023
# [ok]
