#                                                                                             --- full sequence --- -------------- this domain -------------   hmm coord   ali coord   env coord
# target name                         accession   tlen query name           accession   qlen   E-value  score  bias   #  of  c-Evalue  i-Evalue  score  bias  from    to  from    to  from    to  acc description of target
#                 ------------------- ---------- ----- -------------------- ---------- ----- --------- ------ ----- --- --- --------- --------- ------ ----- ----- ----- ----- ----- ----- ----- ---- ---------------------
NW_025965317.1_RagTag:2494922-2495710 -            263 28911at314147        -            255   1.1e-19   67.0   0.0   1   1   5.5e-22   1.3e-19   66.8   0.0    28   226    42   239    20   260 0.85 -
NW_025965022.1_RagTag:225511-224636   -            292 28911at314147        -            255   6.4e-16   54.7   0.6   1   2   2.7e-05    0.0064   12.1   0.0   166   240     5    82     1    93 0.77 -
NW_025965022.1_RagTag:225511-224636   -            292 28911at314147        -            255   6.4e-16   54.7   0.6   2   2   1.6e-12   3.8e-10   35.7   0.2   120   247   163   288   157   291 0.88 -
NW_025965230.1_RagTag:1015525-1015103 -            141 28911at314147        -            255   4.9e-08   28.8   0.0   1   1   3.1e-10   7.3e-08   28.3   0.0   142   248    14   126     3   132 0.72 -
NW_025965103.1_RagTag:1137032-1137580 -            183 28911at314147        -            255   5.5e-08   28.7   0.0   1   2      0.17        41   -0.4   0.0     4    22    13    31    10    53 0.70 -
NW_025965103.1_RagTag:1137032-1137580 -            183 28911at314147        -            255   5.5e-08   28.7   0.0   2   2   9.1e-10   2.1e-07   26.7   0.0   121   247    54   179    45   183 0.82 -
NW_025965256.1_RagTag:654249-651778   -            143 28911at314147        -            255   0.00045   15.8   0.1   1   2   0.00032     0.075    8.6   0.1    30   102     1    81     1    88 0.75 -
NW_025965256.1_RagTag:654249-651778   -            143 28911at314147        -            255   0.00045   15.8   0.1   2   2    0.0026      0.61    5.6   0.0   181   220   103   140    86   142 0.77 -
NW_025965022.1_RagTag:225532-225287   -             82 28911at314147        -            255   0.00075   15.1   0.0   1   1     5e-06    0.0012   14.5   0.0   158   233     4    82     2    82 0.87 -
#
# Program:         hmmsearch
# Version:         3.1b2 (February 2015)
# Pipeline mode:   SEARCH
# Query file:      /home/bgerda/guppy_SUP/busco_downloads/lineages/glires_odb10/hmms/28911at314147.hmm
# Target file:     /home/bgerda/guppy_SUP/busco_results_flye/run_glires_odb10/metaeuk_output/rerun_results/ragtag.scaffold.fasta.modified.fas
# Option settings: hmmsearch --domtblout /home/bgerda/guppy_SUP/busco_results_flye/run_glires_odb10/hmmer_output/rerun_results/28911at314147.out --cpu 1 /home/bgerda/guppy_SUP/busco_downloads/lineages/glires_odb10/hmms/28911at314147.hmm /home/bgerda/guppy_SUP/busco_results_flye/run_glires_odb10/metaeuk_output/rerun_results/ragtag.scaffold.fasta.modified.fas 
# Current dir:     /home/bgerda/guppy_SUP
# Date:            Sun May 21 17:47:53 2023
# [ok]
