#                                                                                             --- full sequence --- -------------- this domain -------------   hmm coord   ali coord   env coord
# target name                         accession   tlen query name           accession   qlen   E-value  score  bias   #  of  c-Evalue  i-Evalue  score  bias  from    to  from    to  from    to  acc description of target
#                 ------------------- ---------- ----- -------------------- ---------- ----- --------- ------ ----- --- --- --------- --------- ------ ----- ----- ----- ----- ----- ----- ----- ---- ---------------------
NW_025965324.1_RagTag:3071511-3072352 -            184 29158at314147        -            334   4.6e-27   91.9   0.9   1   1   3.9e-29   6.2e-27   91.4   0.9    49   169    31   143    25   148 0.84 -
NW_025965275.1_RagTag:451509-451318   -             64 29158at314147        -            334   1.1e-23   80.8   4.8   1   1   6.9e-26   1.1e-23   80.8   4.8   112   169     5    62     1    64 0.94 -
NW_025965324.1_RagTag:3059154-3059363 -             70 29158at314147        -            334   6.9e-23   78.1   1.4   1   1   4.9e-25   7.8e-23   77.9   1.4   108   170     3    65     1    69 0.95 -
NW_025965309.1_RagTag:3395110-3394499 -            204 29158at314147        -            334   1.3e-16   57.5   0.0   1   1   9.5e-19   1.5e-16   57.3   0.0    65   171    24   130    16   164 0.77 -
NW_025965177.1_RagTag:240911-240603   -            103 29158at314147        -            334   1.8e-13   47.2   0.6   1   1   1.4e-15   2.1e-13   46.9   0.6   112   165    50   103    42   103 0.95 -
NW_025965284.1_RagTag:358647-360583   -            161 29158at314147        -            334   9.7e-13   44.8   0.4   1   2       2.7   4.3e+02   -3.4   0.2   185   195    25    35    21    50 0.64 -
NW_025965284.1_RagTag:358647-360583   -            161 29158at314147        -            334   9.7e-13   44.8   0.4   2   2   6.2e-15   9.7e-13   44.8   0.4    73   163    69   161    53   161 0.85 -
NW_025965266.1_RagTag:217801-219069   -            166 29158at314147        -            334   2.6e-12   43.3   0.8   1   1   2.3e-14   3.6e-12   42.9   0.8    92   152   104   166    16   166 0.67 -
NW_025965218.1_RagTag:1404150-1401683 -            220 29158at314147        -            334   0.00043   16.4   0.4   1   1   3.8e-06   0.00059   15.9   0.4   110   173    85   149    61   163 0.73 -
NW_025965228.1_RagTag:17261-16787     -             64 29158at314147        -            334    0.0005   16.1   5.7   1   1   1.3e-05     0.002   14.1   5.7   111   169    13    61     9    64 0.84 -
#
# Program:         hmmsearch
# Version:         3.1b2 (February 2015)
# Pipeline mode:   SEARCH
# Query file:      /home/bgerda/guppy_SUP/busco_downloads/lineages/glires_odb10/hmms/29158at314147.hmm
# Target file:     /home/bgerda/guppy_SUP/busco_results_flye/run_glires_odb10/metaeuk_output/rerun_results/ragtag.scaffold.fasta.modified.fas
# Option settings: hmmsearch --domtblout /home/bgerda/guppy_SUP/busco_results_flye/run_glires_odb10/hmmer_output/rerun_results/29158at314147.out --cpu 1 /home/bgerda/guppy_SUP/busco_downloads/lineages/glires_odb10/hmms/29158at314147.hmm /home/bgerda/guppy_SUP/busco_results_flye/run_glires_odb10/metaeuk_output/rerun_results/ragtag.scaffold.fasta.modified.fas 
# Current dir:     /home/bgerda/guppy_SUP
# Date:            Sun May 21 17:47:54 2023
# [ok]
