#                                                                                             --- full sequence --- -------------- this domain -------------   hmm coord   ali coord   env coord
# target name                         accession   tlen query name           accession   qlen   E-value  score  bias   #  of  c-Evalue  i-Evalue  score  bias  from    to  from    to  from    to  acc description of target
#                 ------------------- ---------- ----- -------------------- ---------- ----- --------- ------ ----- --- --- --------- --------- ------ ----- ----- ----- ----- ----- ----- ----- ---- ---------------------
NW_025965140.1_RagTag:200207-201166   -            320 30263at314147        -            318   1.9e-08   30.2   5.4   1   4     0.045        21    0.5   0.0   246   276    48    78    42    82 0.80 -
NW_025965140.1_RagTag:200207-201166   -            320 30263at314147        -            318   1.9e-08   30.2   5.4   2   4   4.7e-06    0.0022   13.5   0.3   224   275    93   150    67   158 0.72 -
NW_025965140.1_RagTag:200207-201166   -            320 30263at314147        -            318   1.9e-08   30.2   5.4   3   4   6.1e-05     0.029    9.9   0.2   263   298   191   225   164   239 0.82 -
NW_025965140.1_RagTag:200207-201166   -            320 30263at314147        -            318   1.9e-08   30.2   5.4   4   4   0.00079      0.37    6.2   0.0   146   186   236   277   232   291 0.76 -
contig_74745_pilon:285-1611           -            442 30263at314147        -            318   8.2e-08   28.1   8.8   1   2   0.00046      0.22    7.0   0.5   219   275    55   114    45   126 0.72 -
contig_74745_pilon:285-1611           -            442 30263at314147        -            318   8.2e-08   28.1   8.8   2   2   8.2e-09   3.9e-06   22.6   7.1   164   296    75   205    74   223 0.78 -
NW_025965324.1_RagTag:3938940-3938380 -            187 30263at314147        -            318   5.4e-05   18.8   0.6   1   3      0.01       4.7    2.6   0.0   246   278    15    47     5    49 0.87 -
NW_025965324.1_RagTag:3938940-3938380 -            187 30263at314147        -            318   5.4e-05   18.8   0.6   2   3   2.9e-05     0.014   10.9   0.2   241   298    55   117    36   127 0.76 -
NW_025965324.1_RagTag:3938940-3938380 -            187 30263at314147        -            318   5.4e-05   18.8   0.6   3   3     0.015         7    2.1   0.0   263   298   129   166   118   172 0.75 -
#
# Program:         hmmsearch
# Version:         3.1b2 (February 2015)
# Pipeline mode:   SEARCH
# Query file:      /home/bgerda/guppy_SUP/busco_downloads/lineages/glires_odb10/hmms/30263at314147.hmm
# Target file:     /home/bgerda/guppy_SUP/busco_results_flye/run_glires_odb10/metaeuk_output/rerun_results/ragtag.scaffold.fasta.modified.fas
# Option settings: hmmsearch --domtblout /home/bgerda/guppy_SUP/busco_results_flye/run_glires_odb10/hmmer_output/rerun_results/30263at314147.out --cpu 1 /home/bgerda/guppy_SUP/busco_downloads/lineages/glires_odb10/hmms/30263at314147.hmm /home/bgerda/guppy_SUP/busco_results_flye/run_glires_odb10/metaeuk_output/rerun_results/ragtag.scaffold.fasta.modified.fas 
# Current dir:     /home/bgerda/guppy_SUP
# Date:            Sun May 21 17:47:54 2023
# [ok]
