#                                                                                             --- full sequence --- -------------- this domain -------------   hmm coord   ali coord   env coord
# target name                         accession   tlen query name           accession   qlen   E-value  score  bias   #  of  c-Evalue  i-Evalue  score  bias  from    to  from    to  from    to  acc description of target
#                 ------------------- ---------- ----- -------------------- ---------- ----- --------- ------ ----- --- --- --------- --------- ------ ----- ----- ----- ----- ----- ----- ----- ---- ---------------------
NW_025965309.1_RagTag:3395110-3394499 -            204 30548at314147        -            266   1.3e-21   73.6   1.7   1   1   1.1e-23     2e-21   73.0   1.7   142   255    68   179    11   184 0.81 -
NW_025965177.1_RagTag:240911-240603   -            103 30548at314147        -            266   6.1e-19   64.9   1.1   1   1   4.9e-21   8.7e-19   64.4   1.1   140   198    45   103    39   103 0.96 -
NW_025965324.1_RagTag:3071511-3072352 -            184 30548at314147        -            266   8.3e-18   61.2   0.1   1   1   5.9e-20     1e-17   60.8   0.1   100   220    43   159    28   179 0.75 -
NW_025965284.1_RagTag:358647-360583   -            161 30548at314147        -            266   2.9e-15   52.8   1.2   1   1   2.1e-17   3.7e-15   52.5   1.2   127   196    95   161    67   161 0.84 -
NW_025965324.1_RagTag:3059154-3059363 -             70 30548at314147        -            266   1.6e-14   50.4   1.3   1   1     1e-16   1.8e-14   50.2   1.3   141   202     3    64     1    67 0.96 -
NW_025965275.1_RagTag:451509-451318   -             64 30548at314147        -            266   8.1e-14   48.1   4.6   1   1   5.2e-16   9.1e-14   47.9   4.6   144   202     4    62     2    64 0.96 -
NW_025965228.1_RagTag:17261-16787     -             64 30548at314147        -            266   0.00012   18.0   6.7   1   1   1.6e-06   0.00028   16.8   6.7   144   202    13    61     5    64 0.86 -
NW_025965266.1_RagTag:217801-219069   -            166 30548at314147        -            266   0.00068   15.6   1.9   1   2      0.16        28    0.4   0.1    37    93    32    90    16   118 0.61 -
NW_025965266.1_RagTag:217801-219069   -            166 30548at314147        -            266   0.00068   15.6   1.9   2   2   7.6e-06    0.0014   14.6   0.2   144   185   125   166   118   166 0.95 -
#
# Program:         hmmsearch
# Version:         3.1b2 (February 2015)
# Pipeline mode:   SEARCH
# Query file:      /home/bgerda/guppy_SUP/busco_downloads/lineages/glires_odb10/hmms/30548at314147.hmm
# Target file:     /home/bgerda/guppy_SUP/busco_results_flye/run_glires_odb10/metaeuk_output/rerun_results/ragtag.scaffold.fasta.modified.fas
# Option settings: hmmsearch --domtblout /home/bgerda/guppy_SUP/busco_results_flye/run_glires_odb10/hmmer_output/rerun_results/30548at314147.out --cpu 1 /home/bgerda/guppy_SUP/busco_downloads/lineages/glires_odb10/hmms/30548at314147.hmm /home/bgerda/guppy_SUP/busco_results_flye/run_glires_odb10/metaeuk_output/rerun_results/ragtag.scaffold.fasta.modified.fas 
# Current dir:     /home/bgerda/guppy_SUP
# Date:            Sun May 21 17:47:44 2023
# [ok]
