#                                                                                             --- full sequence --- -------------- this domain -------------   hmm coord   ali coord   env coord
# target name                         accession   tlen query name           accession   qlen   E-value  score  bias   #  of  c-Evalue  i-Evalue  score  bias  from    to  from    to  from    to  acc description of target
#                 ------------------- ---------- ----- -------------------- ---------- ----- --------- ------ ----- --- --- --------- --------- ------ ----- ----- ----- ----- ----- ----- ----- ---- ---------------------
NW_025965284.1_RagTag:358647-360583   -            161 32174at314147        -            272     8e-15   51.1   1.4   1   1   7.7e-17   1.4e-14   50.4   1.4   153   212   102   161    96   161 0.96 -
NW_025965309.1_RagTag:3395110-3394499 -            204 32174at314147        -            272   1.2e-14   50.6   0.1   1   1   9.4e-17   1.7e-14   50.1   0.1   152   223    60   133    51   151 0.86 -
NW_025965324.1_RagTag:3071511-3072352 -            184 32174at314147        -            272   2.5e-14   49.5   1.3   1   1   1.9e-16   3.4e-14   49.1   1.3   163   226    88   151    46   181 0.81 -
NW_025965177.1_RagTag:240911-240603   -            103 32174at314147        -            272   4.6e-13   45.4   0.4   1   1   2.8e-15     5e-13   45.2   0.4   144   214    34   103    15   103 0.84 -
NW_025965324.1_RagTag:3059154-3059363 -             70 32174at314147        -            272   9.1e-13   44.4   1.9   1   1   5.6e-15     1e-12   44.2   1.9   164   222    10    68     2    70 0.91 -
NW_025965275.1_RagTag:451509-451318   -             64 32174at314147        -            272     4e-12   42.3   2.3   1   1   2.4e-14   4.3e-12   42.2   2.3   164   217     8    61     3    64 0.91 -
NW_025965228.1_RagTag:17261-16787     -             64 32174at314147        -            272     8e-05   18.3   6.5   1   1   9.9e-07   0.00018   17.2   6.5   148   218     1    61     1    64 0.85 -
NW_025965300.1_RagTag:1789607-1791559 -            651 32174at314147        -            272   0.00021   16.9   4.6   1   4      0.18        33   -0.1   0.0   178   217   167   206   157   219 0.79 -
NW_025965300.1_RagTag:1789607-1791559 -            651 32174at314147        -            272   0.00021   16.9   4.6   2   4       0.1        18    0.7   0.1   174   215   343   384   334   400 0.80 -
NW_025965300.1_RagTag:1789607-1791559 -            651 32174at314147        -            272   0.00021   16.9   4.6   3   4   7.9e-05     0.014   11.0   0.2   168   254   427   511   421   532 0.83 -
NW_025965300.1_RagTag:1789607-1791559 -            651 32174at314147        -            272   0.00021   16.9   4.6   4   4     0.016       2.9    3.4   0.0   171   213   529   571   520   578 0.84 -
#
# Program:         hmmsearch
# Version:         3.1b2 (February 2015)
# Pipeline mode:   SEARCH
# Query file:      /home/bgerda/guppy_SUP/busco_downloads/lineages/glires_odb10/hmms/32174at314147.hmm
# Target file:     /home/bgerda/guppy_SUP/busco_results_flye/run_glires_odb10/metaeuk_output/rerun_results/ragtag.scaffold.fasta.modified.fas
# Option settings: hmmsearch --domtblout /home/bgerda/guppy_SUP/busco_results_flye/run_glires_odb10/hmmer_output/rerun_results/32174at314147.out --cpu 1 /home/bgerda/guppy_SUP/busco_downloads/lineages/glires_odb10/hmms/32174at314147.hmm /home/bgerda/guppy_SUP/busco_results_flye/run_glires_odb10/metaeuk_output/rerun_results/ragtag.scaffold.fasta.modified.fas 
# Current dir:     /home/bgerda/guppy_SUP
# Date:            Sun May 21 17:47:41 2023
# [ok]
