#                                                                                             --- full sequence --- -------------- this domain -------------   hmm coord   ali coord   env coord
# target name                         accession   tlen query name           accession   qlen   E-value  score  bias   #  of  c-Evalue  i-Evalue  score  bias  from    to  from    to  from    to  acc description of target
#                 ------------------- ---------- ----- -------------------- ---------- ----- --------- ------ ----- --- --- --------- --------- ------ ----- ----- ----- ----- ----- ----- ----- ---- ---------------------
NW_025965324.1_RagTag:3279738-3257185 -            664 33812at314147        -            248   4.2e-25   84.7   2.5   1   5   4.3e-11   1.5e-08   30.5   0.0   121   211    13   106     6   122 0.77 -
NW_025965324.1_RagTag:3279738-3257185 -            664 33812at314147        -            248   4.2e-25   84.7   2.5   2   5   0.00012     0.043    9.3   0.0   126   189   154   219   147   227 0.72 -
NW_025965324.1_RagTag:3279738-3257185 -            664 33812at314147        -            248   4.2e-25   84.7   2.5   3   5   7.3e-08   2.6e-05   19.9   0.0   119   193   289   365   279   374 0.80 -
NW_025965324.1_RagTag:3279738-3257185 -            664 33812at314147        -            248   4.2e-25   84.7   2.5   4   5   1.5e-06   0.00054   15.5   0.1   117   192   372   449   367   468 0.77 -
NW_025965324.1_RagTag:3279738-3257185 -            664 33812at314147        -            248   4.2e-25   84.7   2.5   5   5    0.0026      0.91    5.0   0.0   134   189   475   533   457   545 0.76 -
NW_025965242.1_RagTag:1180155-1179099 -            132 33812at314147        -            248   2.9e-05   19.7   0.0   1   2     0.048        17    0.8   0.1   119   158    22    64     5    71 0.66 -
NW_025965242.1_RagTag:1180155-1179099 -            132 33812at314147        -            248   2.9e-05   19.7   0.0   2   2   5.5e-07   0.00019   17.0   0.0    58    98    78   118    70   131 0.78 -
NW_025965315.1_RagTag:2836546-2836271 -             92 33812at314147        -            248   4.1e-05   19.2   0.0   1   1   1.4e-07   5.1e-05   18.9   0.0   122   188    14    83     3    90 0.74 -
NW_025965548.1_RagTag:8831-2086       -            436 33812at314147        -            248    0.0055   12.3   0.0   1   2      0.01       3.5    3.0   0.0   125   149    22    45    15    51 0.83 -
NW_025965548.1_RagTag:8831-2086       -            436 33812at314147        -            248    0.0055   12.3   0.0   2   2   0.00073      0.26    6.8   0.0   156   188   141   173    85   182 0.75 -
#
# Program:         hmmsearch
# Version:         3.1b2 (February 2015)
# Pipeline mode:   SEARCH
# Query file:      /home/bgerda/guppy_SUP/busco_downloads/lineages/glires_odb10/hmms/33812at314147.hmm
# Target file:     /home/bgerda/guppy_SUP/busco_results_flye/run_glires_odb10/metaeuk_output/rerun_results/ragtag.scaffold.fasta.modified.fas
# Option settings: hmmsearch --domtblout /home/bgerda/guppy_SUP/busco_results_flye/run_glires_odb10/hmmer_output/rerun_results/33812at314147.out --cpu 1 /home/bgerda/guppy_SUP/busco_downloads/lineages/glires_odb10/hmms/33812at314147.hmm /home/bgerda/guppy_SUP/busco_results_flye/run_glires_odb10/metaeuk_output/rerun_results/ragtag.scaffold.fasta.modified.fas 
# Current dir:     /home/bgerda/guppy_SUP
# Date:            Sun May 21 17:47:54 2023
# [ok]
