#                                                                                             --- full sequence --- -------------- this domain -------------   hmm coord   ali coord   env coord
# target name                         accession   tlen query name           accession   qlen   E-value  score  bias   #  of  c-Evalue  i-Evalue  score  bias  from    to  from    to  from    to  acc description of target
#                 ------------------- ---------- ----- -------------------- ---------- ----- --------- ------ ----- --- --- --------- --------- ------ ----- ----- ----- ----- ----- ----- ----- ---- ---------------------
NW_025965324.1_RagTag:3059154-3059363 -             70 34466at314147        -            208   3.2e-42  140.8   2.9   1   1   2.2e-44   3.5e-42  140.7   2.9   111   178     2    69     1    70 0.98 -
NW_025965275.1_RagTag:451509-451318   -             64 34466at314147        -            208   4.2e-33  111.0   5.3   1   1   2.8e-35   4.4e-33  110.9   5.3   114   174     3    63     1    64 0.97 -
NW_025965324.1_RagTag:3071511-3072352 -            184 34466at314147        -            208   3.6e-20   68.8   0.6   1   1   2.9e-22   4.6e-20   68.4   0.6   117   180    87   150    61   158 0.90 -
NW_025965266.1_RagTag:217801-219069   -            166 34466at314147        -            208   1.1e-17   60.6   1.4   1   1   1.1e-19   1.8e-17   60.0   1.1    89   156    93   166    69   166 0.71 -
NW_025965309.1_RagTag:3395110-3394499 -            204 34466at314147        -            208   9.2e-13   44.6   0.1   1   1   8.3e-15   1.3e-12   44.1   0.1   115   173    70   128    52   136 0.89 -
NW_025965177.1_RagTag:240911-240603   -            103 34466at314147        -            208   5.2e-12   42.1   0.9   1   1   3.8e-14     6e-12   41.9   0.9   105   169    39   103    31   103 0.93 -
NW_025965284.1_RagTag:358647-360583   -            161 34466at314147        -            208   4.4e-10   35.8   1.3   1   2      0.33        52   -0.4   0.2   183   201    19    37    12    41 0.61 -
NW_025965284.1_RagTag:358647-360583   -            161 34466at314147        -            208   4.4e-10   35.8   1.3   2   2   2.8e-12   4.4e-10   35.8   1.3   109   167   103   161    98   161 0.97 -
NW_025965218.1_RagTag:1404150-1401683 -            220 34466at314147        -            208   0.00069   15.6   0.1   1   1   5.3e-06   0.00083   15.3   0.1   106   175    73   146    35   166 0.72 -
NW_025965228.1_RagTag:17261-16787     -             64 34466at314147        -            208     0.007   12.3   5.3   1   1   0.00027     0.042    9.7   5.3   107   174     5    62     1    64 0.67 -
#
# Program:         hmmsearch
# Version:         3.1b2 (February 2015)
# Pipeline mode:   SEARCH
# Query file:      /home/bgerda/guppy_SUP/busco_downloads/lineages/glires_odb10/hmms/34466at314147.hmm
# Target file:     /home/bgerda/guppy_SUP/busco_results_flye/run_glires_odb10/metaeuk_output/rerun_results/ragtag.scaffold.fasta.modified.fas
# Option settings: hmmsearch --domtblout /home/bgerda/guppy_SUP/busco_results_flye/run_glires_odb10/hmmer_output/rerun_results/34466at314147.out --cpu 1 /home/bgerda/guppy_SUP/busco_downloads/lineages/glires_odb10/hmms/34466at314147.hmm /home/bgerda/guppy_SUP/busco_results_flye/run_glires_odb10/metaeuk_output/rerun_results/ragtag.scaffold.fasta.modified.fas 
# Current dir:     /home/bgerda/guppy_SUP
# Date:            Sun May 21 17:47:52 2023
# [ok]
