#                                                                                             --- full sequence --- -------------- this domain -------------   hmm coord   ali coord   env coord
# target name                         accession   tlen query name           accession   qlen   E-value  score  bias   #  of  c-Evalue  i-Evalue  score  bias  from    to  from    to  from    to  acc description of target
#                 ------------------- ---------- ----- -------------------- ---------- ----- --------- ------ ----- --- --- --------- --------- ------ ----- ----- ----- ----- ----- ----- ----- ---- ---------------------
NW_025965300.1_RagTag:1789607-1791559 -            651 34784at314147        -            217   2.3e-09   33.7   0.8   1   3   0.00039     0.068    9.3   0.0   135   176   344   385   331   402 0.87 -
NW_025965300.1_RagTag:1789607-1791559 -            651 34784at314147        -            217   2.3e-09   33.7   0.8   2   3    0.0087       1.5    4.9   0.0   127   175   423   475   417   487 0.80 -
NW_025965300.1_RagTag:1789607-1791559 -            651 34784at314147        -            217   2.3e-09   33.7   0.8   3   3   3.5e-06   0.00061   16.0   0.1   131   173   529   571   521   589 0.90 -
NW_025965218.1_RagTag:1404150-1401683 -            220 34784at314147        -            217   2.2e-08   30.5   0.6   1   1   1.7e-10     3e-08   30.1   0.6   126   187    92   154    71   173 0.85 -
NW_025965028.1_RagTag:501719-500180   -            234 34784at314147        -            217     3e-05   20.3   0.0   1   1   2.2e-07   3.9e-05   19.9   0.0   132   174    14    59     5    96 0.83 -
NW_025965324.1_RagTag:3059154-3059363 -             70 34784at314147        -            217   0.00014   18.2   0.5   1   1   7.7e-07   0.00014   18.2   0.5   135   177    21    63     5    70 0.81 -
NW_025965309.1_RagTag:3395110-3394499 -            204 34784at314147        -            217   0.00037   16.7   0.2   1   1   3.9e-06   0.00069   15.9   0.2   135   178    85   128    64   148 0.73 -
NW_025965177.1_RagTag:240911-240603   -            103 34784at314147        -            217    0.0011   15.2   0.3   1   1   7.6e-06    0.0013   14.9   0.3   136   173    65   102    30   103 0.84 -
NW_025965275.1_RagTag:451509-451318   -             64 34784at314147        -            217    0.0012   15.1   0.8   1   1     7e-06    0.0012   15.0   0.8   131   174    16    58     3    63 0.79 -
NW_025965324.1_RagTag:3071511-3072352 -            184 34784at314147        -            217    0.0014   14.8   0.1   1   1   1.1e-05     0.002   14.4   0.1   136   177   102   142    86   167 0.78 -
#
# Program:         hmmsearch
# Version:         3.1b2 (February 2015)
# Pipeline mode:   SEARCH
# Query file:      /home/bgerda/guppy_SUP/busco_downloads/lineages/glires_odb10/hmms/34784at314147.hmm
# Target file:     /home/bgerda/guppy_SUP/busco_results_flye/run_glires_odb10/metaeuk_output/rerun_results/ragtag.scaffold.fasta.modified.fas
# Option settings: hmmsearch --domtblout /home/bgerda/guppy_SUP/busco_results_flye/run_glires_odb10/hmmer_output/rerun_results/34784at314147.out --cpu 1 /home/bgerda/guppy_SUP/busco_downloads/lineages/glires_odb10/hmms/34784at314147.hmm /home/bgerda/guppy_SUP/busco_results_flye/run_glires_odb10/metaeuk_output/rerun_results/ragtag.scaffold.fasta.modified.fas 
# Current dir:     /home/bgerda/guppy_SUP
# Date:            Sun May 21 17:47:43 2023
# [ok]
