#                                                                                             --- full sequence --- -------------- this domain -------------   hmm coord   ali coord   env coord
# target name                         accession   tlen query name           accession   qlen   E-value  score  bias   #  of  c-Evalue  i-Evalue  score  bias  from    to  from    to  from    to  acc description of target
#                 ------------------- ---------- ----- -------------------- ---------- ----- --------- ------ ----- --- --- --------- --------- ------ ----- ----- ----- ----- ----- ----- ----- ---- ---------------------
NW_025965256.1_RagTag:1014355-1014951 -            199 35612at314147        -            201   2.6e-24   82.6   0.0   1   1   3.9e-26     5e-24   81.7   0.0     4   175     7   167     4   173 0.90 -
NW_025965315.1_RagTag:3516887-3517861 -            104 35612at314147        -            201   2.4e-12   43.6   0.0   1   1     2e-14   2.6e-12   43.5   0.0    86   165    15    92     4   103 0.91 -
NW_025965240.1_RagTag:128094-126727   -            157 35612at314147        -            201   9.9e-11   38.3   0.0   1   1     1e-12   1.3e-10   37.9   0.0    74   178     4   103     2   116 0.85 -
NW_025965233.1_RagTag:140162-141734   -            141 35612at314147        -            201   5.8e-10   35.8   0.0   1   1   5.4e-12     7e-10   35.5   0.0    84   176    35   124    20   132 0.89 -
NW_025965319.1_RagTag:367253-366858   -            132 35612at314147        -            201   2.8e-08   30.3   0.0   1   1     8e-10     1e-07   28.5   0.0     4   112    31   130    28   132 0.87 -
NW_025965218.1_RagTag:902321-888707   -            159 35612at314147        -            201   3.3e-07   26.8   0.0   1   1   5.4e-09     7e-07   25.8   0.0     5   146    24   154    21   157 0.86 -
NW_025965016.1_RagTag:327105-327769   -            169 35612at314147        -            201     3e-05   20.4   0.0   1   1   9.2e-06    0.0012   15.2   0.0     6   174     2   156     1   165 0.67 -
NW_025965318.1_RagTag:2315201-2316606 -            155 35612at314147        -            201   9.4e-05   18.8   0.0   1   1   8.7e-07   0.00011   18.6   0.0    84   151    47   116    24   135 0.78 -
NW_025965350.1_RagTag:49702-50037     -            112 35612at314147        -            201   0.00018   17.9   0.0   1   1   1.6e-06    0.0002   17.7   0.0     4    61     8    66     5    82 0.86 -
NW_025965250.1_RagTag:73448-72906     -            181 35612at314147        -            201    0.0025   14.2   0.0   1   2     0.012       1.6    5.0   0.0     4    36    11    42     8    68 0.87 -
NW_025965250.1_RagTag:73448-72906     -            181 35612at314147        -            201    0.0025   14.2   0.0   2   2    0.0021      0.27    7.5   0.0    86   134    85   131    70   141 0.83 -
NW_025965080.1_RagTag:530367-529903   -            127 35612at314147        -            201    0.0026   14.1   0.1   1   1   2.3e-05    0.0029   13.9   0.1    80   141    45   102    31   126 0.78 -
#
# Program:         hmmsearch
# Version:         3.1b2 (February 2015)
# Pipeline mode:   SEARCH
# Query file:      /home/bgerda/guppy_SUP/busco_downloads/lineages/glires_odb10/hmms/35612at314147.hmm
# Target file:     /home/bgerda/guppy_SUP/busco_results_flye/run_glires_odb10/metaeuk_output/rerun_results/ragtag.scaffold.fasta.modified.fas
# Option settings: hmmsearch --domtblout /home/bgerda/guppy_SUP/busco_results_flye/run_glires_odb10/hmmer_output/rerun_results/35612at314147.out --cpu 1 /home/bgerda/guppy_SUP/busco_downloads/lineages/glires_odb10/hmms/35612at314147.hmm /home/bgerda/guppy_SUP/busco_results_flye/run_glires_odb10/metaeuk_output/rerun_results/ragtag.scaffold.fasta.modified.fas 
# Current dir:     /home/bgerda/guppy_SUP
# Date:            Sun May 21 17:47:51 2023
# [ok]
