#                                                                                             --- full sequence --- -------------- this domain -------------   hmm coord   ali coord   env coord
# target name                         accession   tlen query name           accession   qlen   E-value  score  bias   #  of  c-Evalue  i-Evalue  score  bias  from    to  from    to  from    to  acc description of target
#                 ------------------- ---------- ----- -------------------- ---------- ----- --------- ------ ----- --- --- --------- --------- ------ ----- ----- ----- ----- ----- ----- ----- ---- ---------------------
NW_025965284.1_RagTag:358647-360583   -            161 36534at314147        -            169   2.2e-24   82.3   0.8   1   1   1.8e-26   2.8e-24   82.0   0.8    20   111    62   161    45   161 0.75 -
NW_025965309.1_RagTag:3395110-3394499 -            204 36534at314147        -            169   5.1e-24   81.1   0.3   1   1   4.3e-26   6.7e-24   80.8   0.3    58   124    69   134    51   154 0.87 -
NW_025965177.1_RagTag:240911-240603   -            103 36534at314147        -            169   8.2e-20   67.5   2.4   1   1   6.2e-22   9.8e-20   67.2   2.4    57   113    47   103    34   103 0.89 -
NW_025965324.1_RagTag:3071511-3072352 -            184 36534at314147        -            169   4.3e-17   58.6   1.2   1   1   3.6e-19   5.6e-17   58.2   1.2    57   120    83   146    61   166 0.87 -
NW_025965324.1_RagTag:3059154-3059363 -             70 36534at314147        -            169   1.9e-15   53.3   2.0   1   1   1.3e-17     2e-15   53.2   2.0    59   117     6    64     1    69 0.93 -
NW_025965275.1_RagTag:451509-451318   -             64 36534at314147        -            169   2.5e-15   52.9   4.9   1   1   1.8e-17   2.9e-15   52.7   4.9    59   117     4    62     2    64 0.96 -
NW_025965266.1_RagTag:217801-219069   -            166 36534at314147        -            169   2.3e-05   20.4   0.2   1   1   2.1e-07   3.3e-05   19.9   0.2    59   100   125   166    80   166 0.93 -
NW_025965228.1_RagTag:17261-16787     -             64 36534at314147        -            169   0.00017   17.6  10.1   1   1   6.2e-06   0.00097   15.2  10.1    56   119    10    63     2    64 0.86 -
NW_025965218.1_RagTag:1404150-1401683 -            220 36534at314147        -            169    0.0013   14.8   0.3   1   1   1.1e-05    0.0018   14.3   0.3    51   119    76   146    63   170 0.84 -
#
# Program:         hmmsearch
# Version:         3.1b2 (February 2015)
# Pipeline mode:   SEARCH
# Query file:      /home/bgerda/guppy_SUP/busco_downloads/lineages/glires_odb10/hmms/36534at314147.hmm
# Target file:     /home/bgerda/guppy_SUP/busco_results_flye/run_glires_odb10/metaeuk_output/rerun_results/ragtag.scaffold.fasta.modified.fas
# Option settings: hmmsearch --domtblout /home/bgerda/guppy_SUP/busco_results_flye/run_glires_odb10/hmmer_output/rerun_results/36534at314147.out --cpu 1 /home/bgerda/guppy_SUP/busco_downloads/lineages/glires_odb10/hmms/36534at314147.hmm /home/bgerda/guppy_SUP/busco_results_flye/run_glires_odb10/metaeuk_output/rerun_results/ragtag.scaffold.fasta.modified.fas 
# Current dir:     /home/bgerda/guppy_SUP
# Date:            Sun May 21 17:47:52 2023
# [ok]
