#                                                                                             --- full sequence --- -------------- this domain -------------   hmm coord   ali coord   env coord
# target name                         accession   tlen query name           accession   qlen   E-value  score  bias   #  of  c-Evalue  i-Evalue  score  bias  from    to  from    to  from    to  acc description of target
#                 ------------------- ---------- ----- -------------------- ---------- ----- --------- ------ ----- --- --- --------- --------- ------ ----- ----- ----- ----- ----- ----- ----- ---- ---------------------
NW_025965343.1_RagTag:72705-71873     -            218 36544at314147        -            246     2e-22   76.5  22.8   1   1   2.3e-22   5.4e-20   68.5  22.8    16   222     1   184     1   213 0.81 -
NW_025965078.1_RagTag:712303-711508   -            265 36544at314147        -            246   4.3e-21   72.2  28.3   1   1   4.1e-23   9.6e-21   71.0  28.3    10   234     1   258     1   263 0.72 -
contig_67641_pilon:774-58             -            239 36544at314147        -            246   9.6e-08   28.4  10.7   1   2   4.1e-10   9.6e-08   28.4  10.7     7    97     2    94     1   141 0.77 -
contig_67641_pilon:774-58             -            239 36544at314147        -            246   9.6e-08   28.4  10.7   2   2      0.08        19    1.3   0.2   183   207   172   196   168   231 0.89 -
contig_25261_pilon:2046-1063          -            328 36544at314147        -            246   7.9e-06   22.2   7.7   1   2   3.4e-08   7.9e-06   22.2   7.7     5    69    22    89    18   164 0.76 -
contig_25261_pilon:2046-1063          -            328 36544at314147        -            246   7.9e-06   22.2   7.7   2   2      0.17        40    0.2   2.1   194   222   278   306   176   328 0.54 -
NW_025965277.1_RagTag:1826609-1826334 -             92 36544at314147        -            246   0.00019   17.7   3.8   1   1   8.4e-07    0.0002   17.6   3.8    12    80     2    69     1    87 0.77 -
NW_025965322.1_RagTag:1960872-1959480 -            250 36544at314147        -            246   0.00022   17.5   2.8   1   2   1.9e-05    0.0045   13.1   1.0    16    55    55    95    40   117 0.83 -
NW_025965322.1_RagTag:1960872-1959480 -            250 36544at314147        -            246   0.00022   17.5   2.8   2   2     0.014       3.2    3.8   0.0   190   223   200   229   195   247 0.72 -
#
# Program:         hmmsearch
# Version:         3.1b2 (February 2015)
# Pipeline mode:   SEARCH
# Query file:      /home/bgerda/guppy_SUP/busco_downloads/lineages/glires_odb10/hmms/36544at314147.hmm
# Target file:     /home/bgerda/guppy_SUP/busco_results_flye/run_glires_odb10/metaeuk_output/rerun_results/ragtag.scaffold.fasta.modified.fas
# Option settings: hmmsearch --domtblout /home/bgerda/guppy_SUP/busco_results_flye/run_glires_odb10/hmmer_output/rerun_results/36544at314147.out --cpu 1 /home/bgerda/guppy_SUP/busco_downloads/lineages/glires_odb10/hmms/36544at314147.hmm /home/bgerda/guppy_SUP/busco_results_flye/run_glires_odb10/metaeuk_output/rerun_results/ragtag.scaffold.fasta.modified.fas 
# Current dir:     /home/bgerda/guppy_SUP
# Date:            Sun May 21 17:47:45 2023
# [ok]
