#                                                                                             --- full sequence --- -------------- this domain -------------   hmm coord   ali coord   env coord
# target name                         accession   tlen query name           accession   qlen   E-value  score  bias   #  of  c-Evalue  i-Evalue  score  bias  from    to  from    to  from    to  acc description of target
#                 ------------------- ---------- ----- -------------------- ---------- ----- --------- ------ ----- --- --- --------- --------- ------ ----- ----- ----- ----- ----- ----- ----- ---- ---------------------
NW_025965307.1_RagTag:1481225-1481671 -            149 38361at314147        -            172   3.7e-38  127.6   2.7   1   2   2.9e-22   8.2e-20   67.9   0.2     1    67    12    78    12    84 0.95 -
NW_025965307.1_RagTag:1481225-1481671 -            149 38361at314147        -            172   3.7e-38  127.6   2.7   2   2   5.7e-20   1.6e-17   60.4   0.2     1    64    85   148    85   149 0.97 -
NW_025965318.1_RagTag:3881537-3882604 -            128 38361at314147        -            172   3.2e-14   49.7   5.0   1   2     3e-12   8.4e-10   35.3   0.2    13    62     9    58     1    71 0.89 -
NW_025965318.1_RagTag:3881537-3882604 -            128 38361at314147        -            172   3.2e-14   49.7   5.0   2   2   1.4e-06   0.00039   16.8   0.8     2    56    74   128    73   128 0.95 -
NW_025965315.1_RagTag:2626875-2627392 -            110 38361at314147        -            172   2.1e-09   34.0   0.1   1   2   1.7e-09   4.9e-07   26.3   0.0     1    63     1    65     1    82 0.79 -
NW_025965315.1_RagTag:2626875-2627392 -            110 38361at314147        -            172   2.1e-09   34.0   0.1   2   2    0.0023      0.64    6.4   0.0     4    30    81   107    78   109 0.86 -
NW_025965135.1_RagTag:475871-476245   -            125 38361at314147        -            172   5.3e-06   22.9   0.1   1   2   0.00055      0.15    8.4   0.1    37    62    64    89    26    99 0.67 -
NW_025965135.1_RagTag:475871-476245   -            125 38361at314147        -            172   5.3e-06   22.9   0.1   2   2   0.00024     0.068    9.5   0.0     3    22   102   121   100   124 0.88 -
NW_025965296.1_RagTag:253311-252409   -            301 38361at314147        -            172   0.00056   16.3   3.1   1   3   0.00056      0.16    8.3   0.1     8    59    41    91    36   102 0.75 -
NW_025965296.1_RagTag:253311-252409   -            301 38361at314147        -            172   0.00056   16.3   3.1   2   3    0.0018      0.52    6.7   0.2     6    60   161   216   157   225 0.78 -
NW_025965296.1_RagTag:253311-252409   -            301 38361at314147        -            172   0.00056   16.3   3.1   3   3    0.0051       1.4    5.2   0.3     4    59   196   256   193   274 0.73 -
#
# Program:         hmmsearch
# Version:         3.1b2 (February 2015)
# Pipeline mode:   SEARCH
# Query file:      /home/bgerda/guppy_SUP/busco_downloads/lineages/glires_odb10/hmms/38361at314147.hmm
# Target file:     /home/bgerda/guppy_SUP/busco_results_flye/run_glires_odb10/metaeuk_output/rerun_results/ragtag.scaffold.fasta.modified.fas
# Option settings: hmmsearch --domtblout /home/bgerda/guppy_SUP/busco_results_flye/run_glires_odb10/hmmer_output/rerun_results/38361at314147.out --cpu 1 /home/bgerda/guppy_SUP/busco_downloads/lineages/glires_odb10/hmms/38361at314147.hmm /home/bgerda/guppy_SUP/busco_results_flye/run_glires_odb10/metaeuk_output/rerun_results/ragtag.scaffold.fasta.modified.fas 
# Current dir:     /home/bgerda/guppy_SUP
# Date:            Sun May 21 17:47:50 2023
# [ok]
