#                                                                                             --- full sequence --- -------------- this domain -------------   hmm coord   ali coord   env coord
# target name                         accession   tlen query name           accession   qlen   E-value  score  bias   #  of  c-Evalue  i-Evalue  score  bias  from    to  from    to  from    to  acc description of target
#                 ------------------- ---------- ----- -------------------- ---------- ----- --------- ------ ----- --- --- --------- --------- ------ ----- ----- ----- ----- ----- ----- ----- ---- ---------------------
NW_025965352.1_RagTag:111207-112713   -            273 3888at314147         -           1030   2.5e-11   38.5   0.0   1   1   2.7e-13   3.5e-11   38.0   0.0   504   731    27   270    21   273 0.71 -
contig_37224_pilon:1729-2460          -            244 3888at314147         -           1030   8.9e-07   23.4   0.0   1   1   8.3e-09   1.1e-06   23.2   0.0   540   717    27   197     7   211 0.80 -
NW_025965287.1_RagTag:77543-78792     -            357 3888at314147         -           1030   7.3e-06   20.4   0.0   1   1   7.6e-08   9.8e-06   20.0   0.0   618   710    46   138    34   156 0.77 -
NW_025965222.1_RagTag:194675-192692   -            116 3888at314147         -           1030   2.4e-05   18.7   0.0   1   1   2.1e-07   2.7e-05   18.5   0.0   677   778     3    92     1   102 0.74 -
NW_025965279.1_RagTag:87840-88469     -            210 3888at314147         -           1030   0.00013   16.3   0.0   1   1   1.3e-06   0.00017   15.9   0.0   615   711    29   119    24   129 0.78 -
NW_025965233.1_RagTag:123560-122163   -            466 3888at314147         -           1030   0.00018   15.8   0.0   1   1   1.8e-06   0.00024   15.4   0.0   559   716    52   203    35   216 0.81 -
NW_025965256.1_RagTag:50807-50322     -            106 3888at314147         -           1030    0.0002   15.6   0.0   1   1   1.7e-06   0.00022   15.5   0.0   614   665    45    93    26   105 0.84 -
NW_025965321.1_RagTag:4471412-4470762 -            217 3888at314147         -           1030   0.00041   14.6   0.0   1   1   3.2e-06   0.00041   14.6   0.0   609   711   102   200    12   205 0.83 -
contig_66008_pilon:1783-2643          -            287 3888at314147         -           1030   0.00078   13.7   0.0   1   1   7.5e-06   0.00097   13.4   0.0   557   718    29   184     6   202 0.78 -
NW_025965203.1_RagTag:2527-3821       -            142 3888at314147         -           1030    0.0036   11.5   0.0   1   1   3.2e-05    0.0042   11.3   0.0   948   994    91   134    72   139 0.83 -
contig_31429_pilon:300-887            -            196 3888at314147         -           1030    0.0046   11.1   0.0   1   1   3.6e-05    0.0046   11.1   0.0   584   715    71   196    28   196 0.77 -
#
# Program:         hmmsearch
# Version:         3.1b2 (February 2015)
# Pipeline mode:   SEARCH
# Query file:      /home/bgerda/guppy_SUP/busco_downloads/lineages/glires_odb10/hmms/3888at314147.hmm
# Target file:     /home/bgerda/guppy_SUP/busco_results_flye/run_glires_odb10/metaeuk_output/rerun_results/ragtag.scaffold.fasta.modified.fas
# Option settings: hmmsearch --domtblout /home/bgerda/guppy_SUP/busco_results_flye/run_glires_odb10/hmmer_output/rerun_results/3888at314147.out --cpu 1 /home/bgerda/guppy_SUP/busco_downloads/lineages/glires_odb10/hmms/3888at314147.hmm /home/bgerda/guppy_SUP/busco_results_flye/run_glires_odb10/metaeuk_output/rerun_results/ragtag.scaffold.fasta.modified.fas 
# Current dir:     /home/bgerda/guppy_SUP
# Date:            Sun May 21 17:47:46 2023
# [ok]
