#                                                                                             --- full sequence --- -------------- this domain -------------   hmm coord   ali coord   env coord
# target name                         accession   tlen query name           accession   qlen   E-value  score  bias   #  of  c-Evalue  i-Evalue  score  bias  from    to  from    to  from    to  acc description of target
#                 ------------------- ---------- ----- -------------------- ---------- ----- --------- ------ ----- --- --- --------- --------- ------ ----- ----- ----- ----- ----- ----- ----- ---- ---------------------
NW_025965188.1_RagTag:479890-480303   -            138 3897at314147         -            873   8.4e-07   23.5   0.0   1   2   0.00031     0.062    7.4   0.0   515   555    15    54     3    66 0.73 -
NW_025965188.1_RagTag:479890-480303   -            138 3897at314147         -            873   8.4e-07   23.5   0.0   2   2   1.8e-06   0.00037   14.7   0.0   379   439    78   138    58   138 0.85 -
NW_025965287.1_RagTag:1600616-1605266 -            433 3897at314147         -            873   1.9e-05   19.0   1.8   1   1   1.3e-07   2.6e-05   18.5   1.8   515   598   321   408   310   427 0.80 -
NW_025965182.1_RagTag:1203823-1203987 -             55 3897at314147         -            873   0.00076   13.7   0.0   1   1   3.8e-06   0.00076   13.7   0.0   348   395     5    52     1    55 0.79 -
NW_025965352.1_RagTag:111207-112713   -            273 3897at314147         -            873    0.0022   12.2   0.0   1   1   1.4e-05    0.0028   11.8   0.0   399   447     4    52     1    61 0.85 -
NW_025965344.1_RagTag:44181-38828     -            169 3897at314147         -            873    0.0022   12.2   0.0   1   2   0.00012     0.025    8.7   0.0   312   396    33   119    13   122 0.62 -
NW_025965344.1_RagTag:44181-38828     -            169 3897at314147         -            873    0.0022   12.2   0.0   2   2     0.022       4.5    1.2   0.0   641   664   125   147   120   154 0.86 -
NW_025965118.1_RagTag:431045-433195   -            717 3897at314147         -            873     0.005   11.0   1.6   1   1   3.3e-05    0.0067   10.6   1.6   829   865     3    45     1    50 0.81 -
NW_025965288.1_RagTag:106215-105970   -             82 3897at314147         -            873    0.0075   10.4   0.0   1   1   3.7e-05    0.0075   10.4   0.0   450   550    29    62    13    82 0.61 -
#
# Program:         hmmsearch
# Version:         3.1b2 (February 2015)
# Pipeline mode:   SEARCH
# Query file:      /home/bgerda/guppy_SUP/busco_downloads/lineages/glires_odb10/hmms/3897at314147.hmm
# Target file:     /home/bgerda/guppy_SUP/busco_results_flye/run_glires_odb10/metaeuk_output/rerun_results/ragtag.scaffold.fasta.modified.fas
# Option settings: hmmsearch --domtblout /home/bgerda/guppy_SUP/busco_results_flye/run_glires_odb10/hmmer_output/rerun_results/3897at314147.out --cpu 1 /home/bgerda/guppy_SUP/busco_downloads/lineages/glires_odb10/hmms/3897at314147.hmm /home/bgerda/guppy_SUP/busco_results_flye/run_glires_odb10/metaeuk_output/rerun_results/ragtag.scaffold.fasta.modified.fas 
# Current dir:     /home/bgerda/guppy_SUP
# Date:            Sun May 21 17:47:51 2023
# [ok]
