#                                                                                             --- full sequence --- -------------- this domain -------------   hmm coord   ali coord   env coord
# target name                         accession   tlen query name           accession   qlen   E-value  score  bias   #  of  c-Evalue  i-Evalue  score  bias  from    to  from    to  from    to  acc description of target
#                 ------------------- ---------- ----- -------------------- ---------- ----- --------- ------ ----- --- --- --------- --------- ------ ----- ----- ----- ----- ----- ----- ----- ---- ---------------------
NW_025965322.1_RagTag:1301532-1302341 -            270 39929at314147        -            123   2.3e-06   23.9   1.8   1   2   9.8e-09   2.3e-06   23.9   1.8    16    90     9    86     3   115 0.74 -
NW_025965322.1_RagTag:1301532-1302341 -            270 39929at314147        -            123   2.3e-06   23.9   1.8   2   2      0.26        61   -0.1   0.3    26    40   107   121    84   132 0.69 -
contig_4568_pilon:1333-1584           -             84 39929at314147        -            123   9.1e-05   18.7   2.1   1   1   4.6e-07   0.00011   18.5   2.1    17    66     6    49     2    73 0.77 -
NW_025965316.1_RagTag:426278-426604   -            109 39929at314147        -            123   0.00013   18.2   4.2   1   1   9.5e-07   0.00022   17.5   4.2    17    65     2    44     1    54 0.84 -
NW_025965309.1_RagTag:3486659-3486297 -            121 39929at314147        -            123    0.0003   17.0   1.6   1   1   2.3e-06   0.00053   16.2   1.6    12    68    58   112    46   117 0.70 -
contig_50121_pilon:804-1229           -            142 39929at314147        -            123     0.064    9.5   5.2   1   2   0.00012     0.029   10.6   1.4    34    64    14    41     5    62 0.83 -
contig_50121_pilon:804-1229           -            142 39929at314147        -            123     0.064    9.5   5.2   2   2      0.22        53    0.1   0.1    17    29    98   110    69   120 0.68 -
NW_025965075.1_RagTag:74487-67481     -            353 39929at314147        -            123         2    4.7  11.3   1   3   0.00078      0.18    8.1   2.7    32    48    62    78    42   103 0.76 -
NW_025965075.1_RagTag:74487-67481     -            353 39929at314147        -            123         2    4.7  11.3   2   3     0.098        23    1.3   0.8    39    61   119   141    95   151 0.76 -
NW_025965075.1_RagTag:74487-67481     -            353 39929at314147        -            123         2    4.7  11.3   3   3       1.5   3.5e+02   -2.6   0.0    35    57   237   259   211   296 0.58 -
#
# Program:         hmmsearch
# Version:         3.1b2 (February 2015)
# Pipeline mode:   SEARCH
# Query file:      /home/bgerda/guppy_SUP/busco_downloads/lineages/glires_odb10/hmms/39929at314147.hmm
# Target file:     /home/bgerda/guppy_SUP/busco_results_flye/run_glires_odb10/metaeuk_output/rerun_results/ragtag.scaffold.fasta.modified.fas
# Option settings: hmmsearch --domtblout /home/bgerda/guppy_SUP/busco_results_flye/run_glires_odb10/hmmer_output/rerun_results/39929at314147.out --cpu 1 /home/bgerda/guppy_SUP/busco_downloads/lineages/glires_odb10/hmms/39929at314147.hmm /home/bgerda/guppy_SUP/busco_results_flye/run_glires_odb10/metaeuk_output/rerun_results/ragtag.scaffold.fasta.modified.fas 
# Current dir:     /home/bgerda/guppy_SUP
# Date:            Sun May 21 17:47:54 2023
# [ok]
