#                                                                                             --- full sequence --- -------------- this domain -------------   hmm coord   ali coord   env coord
# target name                         accession   tlen query name           accession   qlen   E-value  score  bias   #  of  c-Evalue  i-Evalue  score  bias  from    to  from    to  from    to  acc description of target
#                 ------------------- ---------- ----- -------------------- ---------- ----- --------- ------ ----- --- --- --------- --------- ------ ----- ----- ----- ----- ----- ----- ----- ---- ---------------------
NW_025965307.1_RagTag:1481225-1481671 -            149 43080at314147        -            108   1.9e-06   24.5   0.0   1   3    0.0032       1.1    5.9   0.0    42    89    32    80    13    87 0.83 -
NW_025965307.1_RagTag:1481225-1481671 -            149 43080at314147        -            108   1.9e-06   24.5   0.0   2   3     0.026       9.2    2.9   0.0    44    85    67   113    64   116 0.68 -
NW_025965307.1_RagTag:1481225-1481671 -            149 43080at314147        -            108   1.9e-06   24.5   0.0   3   3   2.6e-06   0.00091   15.8   0.0    44    82   107   146    99   149 0.85 -
NW_025965318.1_RagTag:3881537-3882604 -            128 43080at314147        -            108   5.6e-06   22.9   0.7   1   3   0.00042      0.15    8.7   0.0    42    88    17    64     8    67 0.87 -
NW_025965318.1_RagTag:3881537-3882604 -            128 43080at314147        -            108   5.6e-06   22.9   0.7   2   3   0.00031      0.11    9.2   0.1    56    82    72    98    65   108 0.84 -
NW_025965318.1_RagTag:3881537-3882604 -            128 43080at314147        -            108   5.6e-06   22.9   0.7   3   3     0.035        12    2.5   0.0    58    76   110   128   101   128 0.87 -
NW_025965066.1_RagTag:334691-335839   -            109 43080at314147        -            108   2.7e-05   20.8   0.0   1   1   1.2e-07   4.1e-05   20.2   0.0     5    47    66   108    60   109 0.91 -
NW_025965296.1_RagTag:253311-252409   -            301 43080at314147        -            108     0.019   11.6   1.2   1   4    0.0017      0.61    6.7   0.0    57    78   105   126    84   140 0.79 -
NW_025965296.1_RagTag:253311-252409   -            301 43080at314147        -            108     0.019   11.6   1.2   2   4      0.64   2.3e+02   -1.5   0.0    61    79   197   215   168   227 0.64 -
NW_025965296.1_RagTag:253311-252409   -            301 43080at314147        -            108     0.019   11.6   1.2   3   4       1.6   5.6e+02   -2.8   0.0    66    79   243   256   236   269 0.75 -
NW_025965296.1_RagTag:253311-252409   -            301 43080at314147        -            108     0.019   11.6   1.2   4   4     0.057        20    1.9   0.1    61    79   274   292   262   299 0.85 -
#
# Program:         hmmsearch
# Version:         3.1b2 (February 2015)
# Pipeline mode:   SEARCH
# Query file:      /home/bgerda/guppy_SUP/busco_downloads/lineages/glires_odb10/hmms/43080at314147.hmm
# Target file:     /home/bgerda/guppy_SUP/busco_results_flye/run_glires_odb10/metaeuk_output/rerun_results/ragtag.scaffold.fasta.modified.fas
# Option settings: hmmsearch --domtblout /home/bgerda/guppy_SUP/busco_results_flye/run_glires_odb10/hmmer_output/rerun_results/43080at314147.out --cpu 1 /home/bgerda/guppy_SUP/busco_downloads/lineages/glires_odb10/hmms/43080at314147.hmm /home/bgerda/guppy_SUP/busco_results_flye/run_glires_odb10/metaeuk_output/rerun_results/ragtag.scaffold.fasta.modified.fas 
# Current dir:     /home/bgerda/guppy_SUP
# Date:            Sun May 21 17:47:48 2023
# [ok]
