#                                                                                             --- full sequence --- -------------- this domain -------------   hmm coord   ali coord   env coord
# target name                         accession   tlen query name           accession   qlen   E-value  score  bias   #  of  c-Evalue  i-Evalue  score  bias  from    to  from    to  from    to  acc description of target
#                 ------------------- ---------- ----- -------------------- ---------- ----- --------- ------ ----- --- --- --------- --------- ------ ----- ----- ----- ----- ----- ----- ----- ---- ---------------------
NW_025965084.1_RagTag:78925-82136     -            117 4702at314147         -            782     2e-21   72.0   1.0   1   2   1.1e-09   2.3e-07   25.4   0.0     5    47    10    51     6    62 0.82 -
NW_025965084.1_RagTag:78925-82136     -            117 4702at314147         -            782     2e-21   72.0   1.0   2   2   1.7e-17   3.5e-15   51.3   0.2   121   225    21   116    20   117 0.92 -
NW_025965307.1_RagTag:2292104-2291158 -            105 4702at314147         -            782   1.3e-10   36.1   0.0   1   1     7e-13   1.4e-10   36.1   0.0   118   226     4   102     1   105 0.87 -
NW_025965289.1_RagTag:406449-406715   -             89 4702at314147         -            782   2.3e-08   28.8   0.0   1   1   1.2e-10   2.4e-08   28.7   0.0   173   242     1    70     1    83 0.84 -
NW_025965307.1_RagTag:2294548-2294327 -             74 4702at314147         -            782   9.5e-07   23.4   0.0   1   1   5.3e-09   1.1e-06   23.2   0.0    51   107     9    65     3    71 0.87 -
NW_025965306.1_RagTag:240703-240503   -             67 4702at314147         -            782   7.8e-05   17.1   0.0   1   1   4.1e-07   8.3e-05   17.0   0.0   173   229     9    64     4    67 0.55 -
NW_025965149.1_RagTag:1667969-1669324 -            284 4702at314147         -            782   0.00021   15.6   0.0   1   1   1.6e-06   0.00032   15.0   0.0   114   184   156   227   145   267 0.56 -
NW_025965259.1_RagTag:108431-107420   -            229 4702at314147         -            782   0.00025   15.4   0.0   1   2   1.1e-05    0.0021   12.3   0.0    70   125    33    91    28    99 0.85 -
NW_025965259.1_RagTag:108431-107420   -            229 4702at314147         -            782   0.00025   15.4   0.0   2   2     0.032       6.5    0.8   0.0     9    58   167   216   163   227 0.57 -
#
# Program:         hmmsearch
# Version:         3.1b2 (February 2015)
# Pipeline mode:   SEARCH
# Query file:      /home/bgerda/guppy_SUP/busco_downloads/lineages/glires_odb10/hmms/4702at314147.hmm
# Target file:     /home/bgerda/guppy_SUP/busco_results_flye/run_glires_odb10/metaeuk_output/rerun_results/ragtag.scaffold.fasta.modified.fas
# Option settings: hmmsearch --domtblout /home/bgerda/guppy_SUP/busco_results_flye/run_glires_odb10/hmmer_output/rerun_results/4702at314147.out --cpu 1 /home/bgerda/guppy_SUP/busco_downloads/lineages/glires_odb10/hmms/4702at314147.hmm /home/bgerda/guppy_SUP/busco_results_flye/run_glires_odb10/metaeuk_output/rerun_results/ragtag.scaffold.fasta.modified.fas 
# Current dir:     /home/bgerda/guppy_SUP
# Date:            Sun May 21 17:47:59 2023
# [ok]
