#                                                                                             --- full sequence --- -------------- this domain -------------   hmm coord   ali coord   env coord
# target name                         accession   tlen query name           accession   qlen   E-value  score  bias   #  of  c-Evalue  i-Evalue  score  bias  from    to  from    to  from    to  acc description of target
#                 ------------------- ---------- ----- -------------------- ---------- ----- --------- ------ ----- --- --- --------- --------- ------ ----- ----- ----- ----- ----- ----- ----- ---- ---------------------
NW_025965359.1_RagTag:203593-204629   -            330 4719at314147         -            943   6.5e-13   43.4   0.1   1   1   4.8e-15   8.5e-13   43.0   0.1   755   888   162   290   136   300 0.81 -
NW_025965028.1_RagTag:362640-363958   -            372 4719at314147         -            943   7.7e-08   26.6   0.3   1   1   5.9e-10     1e-07   26.2   0.3   770   877    33   131    15   145 0.83 -
NW_025965188.1_RagTag:479890-480303   -            138 4719at314147         -            943   4.1e-06   20.9   0.2   1   2   3.9e-06   0.00069   13.6   0.0   519   579     1    56     1    76 0.76 -
NW_025965188.1_RagTag:479890-480303   -            138 4719at314147         -            943   4.1e-06   20.9   0.2   2   2   8.7e-05     0.015    9.1   0.1   453   529    45   124    43   134 0.72 -
NW_025965281.1_RagTag:529347-527455   -            631 4719at314147         -            943   6.2e-05   17.0   0.1   1   1   5.2e-07   9.1e-05   16.5   0.1   772   835    34    96    22   113 0.89 -
NW_025965276.1_RagTag:401981-402454   -            158 4719at314147         -            943   7.3e-05   16.8   0.2   1   1   6.3e-07   0.00011   16.2   0.2   456   567    10   111     2   122 0.80 -
NW_025965182.1_RagTag:1203823-1203987 -             55 4719at314147         -            943   0.00041   14.3   0.0   1   1   2.4e-06   0.00042   14.3   0.0   492   530    11    50     4    53 0.84 -
NW_025965288.1_RagTag:106215-105970   -             82 4719at314147         -            943     0.002   12.0   0.0   1   1   1.2e-05     0.002   12.0   0.0   518   571     9    59     1    72 0.83 -
NW_025965352.1_RagTag:111207-112713   -            273 4719at314147         -            943    0.0025   11.7   0.0   1   2   3.4e-05     0.006   10.4   0.0   459   510     3    44     1    63 0.75 -
NW_025965352.1_RagTag:111207-112713   -            273 4719at314147         -            943    0.0025   11.7   0.0   2   2     0.047       8.3    0.0   0.0   589   607    44    62    35    76 0.74 -
#
# Program:         hmmsearch
# Version:         3.1b2 (February 2015)
# Pipeline mode:   SEARCH
# Query file:      /home/bgerda/guppy_SUP/busco_downloads/lineages/glires_odb10/hmms/4719at314147.hmm
# Target file:     /home/bgerda/guppy_SUP/busco_results_flye/run_glires_odb10/metaeuk_output/rerun_results/ragtag.scaffold.fasta.modified.fas
# Option settings: hmmsearch --domtblout /home/bgerda/guppy_SUP/busco_results_flye/run_glires_odb10/hmmer_output/rerun_results/4719at314147.out --cpu 1 /home/bgerda/guppy_SUP/busco_downloads/lineages/glires_odb10/hmms/4719at314147.hmm /home/bgerda/guppy_SUP/busco_results_flye/run_glires_odb10/metaeuk_output/rerun_results/ragtag.scaffold.fasta.modified.fas 
# Current dir:     /home/bgerda/guppy_SUP
# Date:            Sun May 21 17:47:47 2023
# [ok]
