#                                                                                             --- full sequence --- -------------- this domain -------------   hmm coord   ali coord   env coord
# target name                         accession   tlen query name           accession   qlen   E-value  score  bias   #  of  c-Evalue  i-Evalue  score  bias  from    to  from    to  from    to  acc description of target
#                 ------------------- ---------- ----- -------------------- ---------- ----- --------- ------ ----- --- --- --------- --------- ------ ----- ----- ----- ----- ----- ----- ----- ---- ---------------------
NW_025965188.1_RagTag:479890-480303   -            138 4899at314147         -            745   4.1e-10   35.0   0.2   1   1   7.2e-11   1.4e-08   29.9   0.2    40   159     3   137     2   138 0.72 -
NW_025965352.1_RagTag:111207-112713   -            273 4899at314147         -            745     8e-08   27.4   0.0   1   1   5.2e-10     1e-07   27.1   0.0   119   172     3    56     1    70 0.92 -
NW_025965287.1_RagTag:1600616-1605266 -            433 4899at314147         -            745     3e-06   22.3   0.4   1   1   2.1e-08   4.2e-06   21.8   0.4    72   171   308   412   298   425 0.67 -
NW_025965182.1_RagTag:1203823-1203987 -             55 4899at314147         -            745   4.7e-06   21.6   0.0   1   1   2.3e-08   4.7e-06   21.6   0.0    99   150     2    53     1    55 0.92 -
NW_025965344.1_RagTag:44181-38828     -            169 4899at314147         -            745   1.9e-05   19.6   0.0   1   2   5.7e-06    0.0011   13.7   0.0   129   206    34   110    17   117 0.81 -
NW_025965344.1_RagTag:44181-38828     -            169 4899at314147         -            745   1.9e-05   19.6   0.0   2   2    0.0046      0.93    4.1   0.0   140   210   127   165   119   169 0.51 -
NW_025965163.1_RagTag:39462-30569     -            706 4899at314147         -            745   0.00045   15.0   0.0   1   1   3.2e-06   0.00064   14.5   0.0    13    68   426   482   416   503 0.81 -
NW_025965276.1_RagTag:401981-402454   -            158 4899at314147         -            745   0.00077   14.3   0.4   1   2     0.031       6.3    1.3   0.0    54    83    13    42     5    52 0.77 -
NW_025965276.1_RagTag:401981-402454   -            158 4899at314147         -            745   0.00077   14.3   0.4   2   2   2.2e-05    0.0045   11.8   0.3    17    83    51   114    29   124 0.83 -
#
# Program:         hmmsearch
# Version:         3.1b2 (February 2015)
# Pipeline mode:   SEARCH
# Query file:      /home/bgerda/guppy_SUP/busco_downloads/lineages/glires_odb10/hmms/4899at314147.hmm
# Target file:     /home/bgerda/guppy_SUP/busco_results_flye/run_glires_odb10/metaeuk_output/rerun_results/ragtag.scaffold.fasta.modified.fas
# Option settings: hmmsearch --domtblout /home/bgerda/guppy_SUP/busco_results_flye/run_glires_odb10/hmmer_output/rerun_results/4899at314147.out --cpu 1 /home/bgerda/guppy_SUP/busco_downloads/lineages/glires_odb10/hmms/4899at314147.hmm /home/bgerda/guppy_SUP/busco_results_flye/run_glires_odb10/metaeuk_output/rerun_results/ragtag.scaffold.fasta.modified.fas 
# Current dir:     /home/bgerda/guppy_SUP
# Date:            Sun May 21 17:47:45 2023
# [ok]
