#                                                                                             --- full sequence --- -------------- this domain -------------   hmm coord   ali coord   env coord
# target name                         accession   tlen query name           accession   qlen   E-value  score  bias   #  of  c-Evalue  i-Evalue  score  bias  from    to  from    to  from    to  acc description of target
#                 ------------------- ---------- ----- -------------------- ---------- ----- --------- ------ ----- --- --- --------- --------- ------ ----- ----- ----- ----- ----- ----- ----- ---- ---------------------
NW_025965287.1_RagTag:1529457-1528498 -            259 5881at314147         -            816   1.3e-25   86.2   2.2   1   2   2.2e-11   6.2e-09   31.0   0.2   320   468    70   132    48   132 0.60 -
NW_025965287.1_RagTag:1529457-1528498 -            259 5881at314147         -            816   1.3e-25   86.2   2.2   2   2   8.4e-21   2.4e-18   62.2   0.1   322   461   114   255   112   259 0.89 -
contig_13085_pilon:902-109            -            219 5881at314147         -            816   7.8e-10   34.0   2.8   1   2   1.5e-10   4.3e-08   28.3   0.2   401   494    39   130    31   151 0.75 -
contig_13085_pilon:902-109            -            219 5881at314147         -            816   7.8e-10   34.0   2.8   2   2   0.00094      0.27    5.8   0.2   315   356   153   192   148   217 0.68 -
NW_025965114.1_RagTag:29747-29574     -             58 5881at314147         -            816   5.4e-07   24.6   0.1   1   1   2.1e-09     6e-07   24.5   0.1   432   470     6    44     3    52 0.91 -
NW_025965155.1_RagTag:69796-68828     -            323 5881at314147         -            816   4.3e-06   21.7   1.3   1   3    0.0064       1.8    3.0   0.0   356   435    20   100     8   105 0.69 -
NW_025965155.1_RagTag:69796-68828     -            323 5881at314147         -            816   4.3e-06   21.7   1.3   2   3    0.0013      0.38    5.3   0.1    45   332   109   169    99   187 0.59 -
NW_025965155.1_RagTag:69796-68828     -            323 5881at314147         -            816   4.3e-06   21.7   1.3   3   3   1.7e-05    0.0049   11.5   0.1   292   396   171   284   167   300 0.71 -
NW_025965321.1_RagTag:3116848-3114465 -            522 5881at314147         -            816   1.5e-05   19.9   0.6   1   2   2.4e-06   0.00067   14.4   0.1   401   471   139   216   129   219 0.79 -
NW_025965321.1_RagTag:3116848-3114465 -            522 5881at314147         -            816   1.5e-05   19.9   0.6   2   2     0.004       1.1    3.7   0.0   293   342   253   304   229   349 0.74 -
#
# Program:         hmmsearch
# Version:         3.1b2 (February 2015)
# Pipeline mode:   SEARCH
# Query file:      /home/bgerda/guppy_SUP/busco_downloads/lineages/glires_odb10/hmms/5881at314147.hmm
# Target file:     /home/bgerda/guppy_SUP/busco_results_flye/run_glires_odb10/metaeuk_output/rerun_results/ragtag.scaffold.fasta.modified.fas
# Option settings: hmmsearch --domtblout /home/bgerda/guppy_SUP/busco_results_flye/run_glires_odb10/hmmer_output/rerun_results/5881at314147.out --cpu 1 /home/bgerda/guppy_SUP/busco_downloads/lineages/glires_odb10/hmms/5881at314147.hmm /home/bgerda/guppy_SUP/busco_results_flye/run_glires_odb10/metaeuk_output/rerun_results/ragtag.scaffold.fasta.modified.fas 
# Current dir:     /home/bgerda/guppy_SUP
# Date:            Sun May 21 17:47:47 2023
# [ok]
