#                                                                                           --- full sequence --- -------------- this domain -------------   hmm coord   ali coord   env coord
# target name                       accession   tlen query name           accession   qlen   E-value  score  bias   #  of  c-Evalue  i-Evalue  score  bias  from    to  from    to  from    to  acc description of target
#               ------------------- ---------- ----- -------------------- ---------- ----- --------- ------ ----- --- --- --------- --------- ------ ----- ----- ----- ----- ----- ----- ----- ---- ---------------------
NW_025965028.1_RagTag:63265-63801   -            179 6875at314147         -            677   6.5e-08   27.7   0.2   1   2   1.3e-09   3.1e-07   25.5   0.1   574   675    30   130    20   132 0.89 -
NW_025965028.1_RagTag:63265-63801   -            179 6875at314147         -            677   6.5e-08   27.7   0.2   2   2      0.06        14    0.2   0.0   620   644   143   167   134   170 0.85 -
NW_025965287.1_RagTag:853042-851954 -            363 6875at314147         -            677     1e-07   27.1   3.7   1   2   2.6e-06   0.00061   14.6   0.1   571   661   139   230   112   239 0.83 -
NW_025965287.1_RagTag:853042-851954 -            363 6875at314147         -            677     1e-07   27.1   3.7   2   2   8.7e-06     0.002   12.8   0.6   553   660   241   349   232   358 0.70 -
NW_025965304.1_RagTag:328604-257147 -            569 6875at314147         -            677   2.8e-07   25.6   8.9   1   2   0.00039     0.091    7.4   0.3   595   661    35   102    18   115 0.82 -
NW_025965304.1_RagTag:328604-257147 -            569 6875at314147         -            677   2.8e-07   25.6   8.9   2   2   5.5e-07   0.00013   16.8   3.6   485   638   318   470   313   491 0.72 -
NW_025965287.1_RagTag:855182-854643 -            180 6875at314147         -            677   1.1e-05   20.3   0.0   1   1   5.8e-08   1.4e-05   20.0   0.0   533   641    65   174    51   179 0.85 -
NW_025965319.1_RagTag:986038-984140 -            629 6875at314147         -            677     0.001   13.9   0.1   1   1   7.4e-06    0.0018   13.1   0.1   606   675    89   160    56   162 0.74 -
NW_025965301.1_RagTag:570707-569203 -            499 6875at314147         -            677      0.03    9.0   3.0   1   2    0.0014      0.32    5.6   0.2   625   662    56    94    35   109 0.75 -
NW_025965301.1_RagTag:570707-569203 -            499 6875at314147         -            677      0.03    9.0   3.0   2   2    0.0039      0.92    4.1   0.2   621   674   100   155    97   158 0.82 -
#
# Program:         hmmsearch
# Version:         3.1b2 (February 2015)
# Pipeline mode:   SEARCH
# Query file:      /home/bgerda/guppy_SUP/busco_downloads/lineages/glires_odb10/hmms/6875at314147.hmm
# Target file:     /home/bgerda/guppy_SUP/busco_results_flye/run_glires_odb10/metaeuk_output/rerun_results/ragtag.scaffold.fasta.modified.fas
# Option settings: hmmsearch --domtblout /home/bgerda/guppy_SUP/busco_results_flye/run_glires_odb10/hmmer_output/rerun_results/6875at314147.out --cpu 1 /home/bgerda/guppy_SUP/busco_downloads/lineages/glires_odb10/hmms/6875at314147.hmm /home/bgerda/guppy_SUP/busco_results_flye/run_glires_odb10/metaeuk_output/rerun_results/ragtag.scaffold.fasta.modified.fas 
# Current dir:     /home/bgerda/guppy_SUP
# Date:            Sun May 21 17:47:48 2023
# [ok]
