#                                                                                             --- full sequence --- -------------- this domain -------------   hmm coord   ali coord   env coord
# target name                         accession   tlen query name           accession   qlen   E-value  score  bias   #  of  c-Evalue  i-Evalue  score  bias  from    to  from    to  from    to  acc description of target
#                 ------------------- ---------- ----- -------------------- ---------- ----- --------- ------ ----- --- --- --------- --------- ------ ----- ----- ----- ----- ----- ----- ----- ---- ---------------------
NW_025965287.1_RagTag:853042-851954   -            363 8134at314147         -            714   1.5e-07   26.6   7.7   1   3   0.00026     0.074    7.8   0.7   517   584   139   210   118   216 0.69 -
NW_025965287.1_RagTag:853042-851954   -            363 8134at314147         -            714   1.5e-07   26.6   7.7   2   3     3e-07   8.6e-05   17.5   0.6   496   609   192   306   189   309 0.87 -
NW_025965287.1_RagTag:853042-851954   -            363 8134at314147         -            714   1.5e-07   26.6   7.7   3   3   1.6e-06   0.00045   15.1   1.8   521   621   242   340   240   355 0.86 -
NW_025965028.1_RagTag:63265-63801     -            179 8134at314147         -            714     2e-05   19.6   3.8   1   1   1.7e-07   4.9e-05   18.3   3.8   550   683    39   139     7   169 0.51 -
NW_025965140.1_RagTag:200207-201166   -            320 8134at314147         -            714   0.00083   14.3   0.6   1   2   3.2e-05     0.009   10.8   0.1   568   632    91   150    65   210 0.47 -
NW_025965140.1_RagTag:200207-201166   -            320 8134at314147         -            714   0.00083   14.3   0.6   2   2     0.016       4.5    1.9   0.0   512   585   228   303   192   315 0.54 -
NW_025965287.1_RagTag:855182-854643   -            180 8134at314147         -            714    0.0023   12.8   0.0   1   1   9.9e-06    0.0028   12.5   0.0   520   609    86   175    38   179 0.73 -
NW_025965324.1_RagTag:3938940-3938380 -            187 8134at314147         -            714     0.018    9.9   0.8   1   2    0.0001      0.03    9.1   0.4   630   668    56    99    36   111 0.80 -
NW_025965324.1_RagTag:3938940-3938380 -            187 8134at314147         -            714     0.018    9.9   0.8   2   2      0.27        77   -2.2   0.0   630   662   104   141   100   151 0.58 -
#
# Program:         hmmsearch
# Version:         3.1b2 (February 2015)
# Pipeline mode:   SEARCH
# Query file:      /home/bgerda/guppy_SUP/busco_downloads/lineages/glires_odb10/hmms/8134at314147.hmm
# Target file:     /home/bgerda/guppy_SUP/busco_results_flye/run_glires_odb10/metaeuk_output/rerun_results/ragtag.scaffold.fasta.modified.fas
# Option settings: hmmsearch --domtblout /home/bgerda/guppy_SUP/busco_results_flye/run_glires_odb10/hmmer_output/rerun_results/8134at314147.out --cpu 1 /home/bgerda/guppy_SUP/busco_downloads/lineages/glires_odb10/hmms/8134at314147.hmm /home/bgerda/guppy_SUP/busco_results_flye/run_glires_odb10/metaeuk_output/rerun_results/ragtag.scaffold.fasta.modified.fas 
# Current dir:     /home/bgerda/guppy_SUP
# Date:            Sun May 21 17:47:51 2023
# [ok]
