#                                                                                             --- full sequence --- -------------- this domain -------------   hmm coord   ali coord   env coord
# target name                         accession   tlen query name           accession   qlen   E-value  score  bias   #  of  c-Evalue  i-Evalue  score  bias  from    to  from    to  from    to  acc description of target
#                 ------------------- ---------- ----- -------------------- ---------- ----- --------- ------ ----- --- --- --------- --------- ------ ----- ----- ----- ----- ----- ----- ----- ---- ---------------------
NW_025965287.1_RagTag:1529457-1528498 -            259 843at314147          -           2206   5.6e-11   36.3   2.8   1   2   2.7e-08   6.4e-06   19.5   1.0  1764  1843    63   140    58   148 0.68 -
NW_025965287.1_RagTag:1529457-1528498 -            259 843at314147          -           2206   5.6e-11   36.3   2.8   2   2   3.7e-09   8.7e-07   22.4   0.8  1732  1855   115   240   114   253 0.82 -
contig_13085_pilon:902-109            -            219 843at314147          -           2206   3.1e-07   23.9   0.7   1   2   3.7e-08   8.8e-06   19.0   0.5  1413  1516    39   143     8   157 0.59 -
contig_13085_pilon:902-109            -            219 843at314147          -           2206   3.1e-07   23.9   0.7   2   2    0.0025      0.59    3.0   0.0  1499  1524   158   183   151   197 0.86 -
NW_025965155.1_RagTag:69796-68828     -            323 843at314147          -           2206   4.9e-06   19.9   0.1   1   2   0.00021     0.049    6.6   0.0  1531  1562    21    52    11    94 0.77 -
NW_025965155.1_RagTag:69796-68828     -            323 843at314147          -           2206   4.9e-06   19.9   0.1   2   2   6.3e-06    0.0015   11.6   0.0  1467  1610   125   282    70   315 0.77 -
NW_025965310.1_RagTag:498896-512586   -            308 843at314147          -           2206   5.5e-06   19.7   0.5   1   2   8.7e-05      0.02    7.9   0.0  1732  1824    90   183    76   214 0.74 -
NW_025965310.1_RagTag:498896-512586   -            308 843at314147          -           2206   5.5e-06   19.7   0.5   2   2   1.6e-05    0.0037   10.3   0.1  1412  1481   223   298   213   301 0.77 -
NW_025965114.1_RagTag:29747-29574     -             58 843at314147          -           2206   0.00013   15.2   0.3   1   1   5.7e-07   0.00013   15.1   0.3  1798  1839     4    46     2    55 0.83 -
NW_025965321.1_RagTag:3116848-3114465 -            522 843at314147          -           2206   0.00066   12.8   0.5   1   1   4.9e-06    0.0011   12.0   0.5  1819  1924   197   302   145   315 0.63 -
#
# Program:         hmmsearch
# Version:         3.1b2 (February 2015)
# Pipeline mode:   SEARCH
# Query file:      /home/bgerda/guppy_SUP/busco_downloads/lineages/glires_odb10/hmms/843at314147.hmm
# Target file:     /home/bgerda/guppy_SUP/busco_results_flye/run_glires_odb10/metaeuk_output/rerun_results/ragtag.scaffold.fasta.modified.fas
# Option settings: hmmsearch --domtblout /home/bgerda/guppy_SUP/busco_results_flye/run_glires_odb10/hmmer_output/rerun_results/843at314147.out --cpu 1 /home/bgerda/guppy_SUP/busco_downloads/lineages/glires_odb10/hmms/843at314147.hmm /home/bgerda/guppy_SUP/busco_results_flye/run_glires_odb10/metaeuk_output/rerun_results/ragtag.scaffold.fasta.modified.fas 
# Current dir:     /home/bgerda/guppy_SUP
# Date:            Sun May 21 17:47:45 2023
# [ok]
