#                                                                                             --- full sequence --- -------------- this domain -------------   hmm coord   ali coord   env coord
# target name                         accession   tlen query name           accession   qlen   E-value  score  bias   #  of  c-Evalue  i-Evalue  score  bias  from    to  from    to  from    to  acc description of target
#                 ------------------- ---------- ----- -------------------- ---------- ----- --------- ------ ----- --- --- --------- --------- ------ ----- ----- ----- ----- ----- ----- ----- ---- ---------------------
NW_025965188.1_RagTag:479890-480303   -            138 9336at314147         -            750   4.5e-10   34.6   0.7   1   2   5.9e-08   1.4e-05   19.7   0.0   524   589     3    72     1    83 0.80 -
NW_025965188.1_RagTag:479890-480303   -            138 9336at314147         -            750   4.5e-10   34.6   0.7   2   2   2.4e-06   0.00056   14.4   0.2   423   544    81   136    72   138 0.43 -
NW_025965276.1_RagTag:401981-402454   -            158 9336at314147         -            750   1.6e-06   22.8   0.2   1   2   6.9e-06    0.0016   12.9   0.0   469   499    12    42     2    48 0.89 -
NW_025965276.1_RagTag:401981-402454   -            158 9336at314147         -            750   1.6e-06   22.8   0.2   2   2   0.00026     0.061    7.7   0.1   443   498    59   113    45   128 0.73 -
NW_025965287.1_RagTag:1600616-1605266 -            433 9336at314147         -            750   1.3e-05   19.8   0.2   1   1   8.8e-08   2.1e-05   19.1   0.2   438   515   323   404   303   429 0.56 -
NW_025965344.1_RagTag:44181-38828     -            169 9336at314147         -            750   2.2e-05   19.0   0.0   1   2   4.1e-07   9.7e-05   16.9   0.0   386   472    37   123    15   129 0.79 -
NW_025965344.1_RagTag:44181-38828     -            169 9336at314147         -            750   2.2e-05   19.0   0.0   2   2    0.0021      0.48    4.7   0.0   550   606   100   154    95   161 0.80 -
NW_025965352.1_RagTag:111207-112713   -            273 9336at314147         -            750    0.0005   14.6   0.0   1   1   2.9e-06   0.00068   14.1   0.0   373   426     6    56     2    64 0.79 -
NW_025965163.1_RagTag:39462-30569     -            706 9336at314147         -            750    0.0013   13.2   0.0   1   1   8.1e-06    0.0019   12.6   0.0   525   575   422   472   401   486 0.80 -
#
# Program:         hmmsearch
# Version:         3.1b2 (February 2015)
# Pipeline mode:   SEARCH
# Query file:      /home/bgerda/guppy_SUP/busco_downloads/lineages/glires_odb10/hmms/9336at314147.hmm
# Target file:     /home/bgerda/guppy_SUP/busco_results_flye/run_glires_odb10/metaeuk_output/rerun_results/ragtag.scaffold.fasta.modified.fas
# Option settings: hmmsearch --domtblout /home/bgerda/guppy_SUP/busco_results_flye/run_glires_odb10/hmmer_output/rerun_results/9336at314147.out --cpu 1 /home/bgerda/guppy_SUP/busco_downloads/lineages/glires_odb10/hmms/9336at314147.hmm /home/bgerda/guppy_SUP/busco_results_flye/run_glires_odb10/metaeuk_output/rerun_results/ragtag.scaffold.fasta.modified.fas 
# Current dir:     /home/bgerda/guppy_SUP
# Date:            Sun May 21 17:47:46 2023
# [ok]
