#                                                                                             --- full sequence --- -------------- this domain -------------   hmm coord   ali coord   env coord
# target name                         accession   tlen query name           accession   qlen   E-value  score  bias   #  of  c-Evalue  i-Evalue  score  bias  from    to  from    to  from    to  acc description of target
#                 ------------------- ---------- ----- -------------------- ---------- ----- --------- ------ ----- --- --- --------- --------- ------ ----- ----- ----- ----- ----- ----- ----- ---- ---------------------
NW_025965287.1_RagTag:1529457-1528498 -            259 9354at314147         -            610   3.8e-14   48.4   1.9   1   4    0.0068       2.4    2.8   0.0   200   227    24    51     3    68 0.77 -
NW_025965287.1_RagTag:1529457-1528498 -            259 9354at314147         -            610   3.8e-14   48.4   1.9   2   4    0.0013      0.47    5.2   0.0   482   510    73   101    64   107 0.81 -
NW_025965287.1_RagTag:1529457-1528498 -            259 9354at314147         -            610   3.8e-14   48.4   1.9   3   4   4.5e-05     0.016   10.0   0.0   475   541   108   175   101   182 0.84 -
NW_025965287.1_RagTag:1529457-1528498 -            259 9354at314147         -            610   3.8e-14   48.4   1.9   4   4   2.7e-10   9.6e-08   27.2   0.1   463   533   185   254   176   257 0.91 -
contig_13085_pilon:902-109            -            219 9354at314147         -            610   3.4e-06   22.1   0.4   1   3     0.023       8.2    1.0   0.0   200   228    24    52     3    66 0.77 -
contig_13085_pilon:902-109            -            219 9354at314147         -            610   3.4e-06   22.1   0.4   2   3   7.6e-06    0.0027   12.6   0.0   463   529    73   135    52   147 0.78 -
contig_13085_pilon:902-109            -            219 9354at314147         -            610   3.4e-06   22.1   0.4   3   3    0.0011      0.39    5.4   0.1   215   254   154   193   152   218 0.80 -
NW_025965310.1_RagTag:498896-512586   -            308 9354at314147         -            610   0.00035   15.5   0.0   1   3   0.00066      0.23    6.2   0.0   492   547   100   155    92   159 0.91 -
NW_025965310.1_RagTag:498896-512586   -            308 9354at314147         -            610   0.00035   15.5   0.0   2   3   0.00066      0.23    6.1   0.0    40   103   114   178   108   194 0.89 -
NW_025965310.1_RagTag:498896-512586   -            308 9354at314147         -            610   0.00035   15.5   0.0   3   3   0.00087      0.31    5.7   0.0   470   504   220   254   194   274 0.78 -
NW_025965114.1_RagTag:29747-29574     -             58 9354at314147         -            610     0.011   10.6   0.1   1   1   3.3e-05     0.012   10.5   0.1    41    77     8    44     3    53 0.69 -
#
# Program:         hmmsearch
# Version:         3.1b2 (February 2015)
# Pipeline mode:   SEARCH
# Query file:      /home/bgerda/guppy_SUP/busco_downloads/lineages/glires_odb10/hmms/9354at314147.hmm
# Target file:     /home/bgerda/guppy_SUP/busco_results_flye/run_glires_odb10/metaeuk_output/rerun_results/ragtag.scaffold.fasta.modified.fas
# Option settings: hmmsearch --domtblout /home/bgerda/guppy_SUP/busco_results_flye/run_glires_odb10/hmmer_output/rerun_results/9354at314147.out --cpu 1 /home/bgerda/guppy_SUP/busco_downloads/lineages/glires_odb10/hmms/9354at314147.hmm /home/bgerda/guppy_SUP/busco_results_flye/run_glires_odb10/metaeuk_output/rerun_results/ragtag.scaffold.fasta.modified.fas 
# Current dir:     /home/bgerda/guppy_SUP
# Date:            Sun May 21 17:47:58 2023
# [ok]
