#                                                                                             --- full sequence --- -------------- this domain -------------   hmm coord   ali coord   env coord
# target name                         accession   tlen query name           accession   qlen   E-value  score  bias   #  of  c-Evalue  i-Evalue  score  bias  from    to  from    to  from    to  acc description of target
#                 ------------------- ---------- ----- -------------------- ---------- ----- --------- ------ ----- --- --- --------- --------- ------ ----- ----- ----- ----- ----- ----- ----- ---- ---------------------
NW_025965040.1_RagTag:266331-266095   -             79 9551at314147         -            569   2.5e-08   29.4   0.5   1   1   1.9e-10   2.7e-08   29.4   0.5   517   561    29    72    14    77 0.91 -
NW_025965040.1_RagTag:265376-265137   -             80 9551at314147         -            569   1.5e-07   26.9   0.7   1   1   1.2e-09   1.7e-07   26.7   0.7   516   560    37    80    27    80 0.92 -
NW_025965075.1_RagTag:21988-27231     -            378 9551at314147         -            569   1.5e-07   26.8   0.6   1   1   1.5e-09   2.1e-07   26.4   0.6   517   563   324   369   293   372 0.90 -
NW_025965308.1_RagTag:1030891-931706  -             70 9551at314147         -            569   6.9e-07   24.7   2.1   1   1   5.6e-09     8e-07   24.5   2.1   516   562     5    50     2    54 0.91 -
NW_025965314.1_RagTag:669224-667483   -            536 9551at314147         -            569   9.3e-07   24.3   0.7   1   1   9.2e-09   1.3e-06   23.8   0.7   517   561   488   531   479   535 0.91 -
NW_025965309.1_RagTag:3486659-3486297 -            121 9551at314147         -            569   0.00029   16.0   0.5   1   1   2.2e-06   0.00031   15.9   0.5   516   566    61   114    39   118 0.77 -
contig_4568_pilon:1333-1584           -             84 9551at314147         -            569     0.011   10.9   1.2   1   1   8.5e-05     0.012   10.7   1.2   518   566     6    53     2    56 0.71 -
NW_025965225.1_RagTag:634263-633982   -             94 9551at314147         -            569     0.093    7.8   4.4   1   1   0.00077      0.11    7.5   4.4   534   564    18    48     3    52 0.89 -
NW_025965319.1_RagTag:4368574-4368218 -            119 9551at314147         -            569      0.13    7.3   4.5   1   1    0.0012      0.17    6.9   4.5   518   560     4    44     2    49 0.87 -
NW_025965316.1_RagTag:426278-426604   -            109 9551at314147         -            569      0.31    6.0   4.1   1   1    0.0026      0.37    5.8   4.1   517   561     1    44     1    50 0.82 -
#
# Program:         hmmsearch
# Version:         3.1b2 (February 2015)
# Pipeline mode:   SEARCH
# Query file:      /home/bgerda/guppy_SUP/busco_downloads/lineages/glires_odb10/hmms/9551at314147.hmm
# Target file:     /home/bgerda/guppy_SUP/busco_results_flye/run_glires_odb10/metaeuk_output/rerun_results/ragtag.scaffold.fasta.modified.fas
# Option settings: hmmsearch --domtblout /home/bgerda/guppy_SUP/busco_results_flye/run_glires_odb10/hmmer_output/rerun_results/9551at314147.out --cpu 1 /home/bgerda/guppy_SUP/busco_downloads/lineages/glires_odb10/hmms/9551at314147.hmm /home/bgerda/guppy_SUP/busco_results_flye/run_glires_odb10/metaeuk_output/rerun_results/ragtag.scaffold.fasta.modified.fas 
# Current dir:     /home/bgerda/guppy_SUP
# Date:            Sun May 21 17:47:48 2023
# [ok]
