#                                                                                             --- full sequence --- -------------- this domain -------------   hmm coord   ali coord   env coord
# target name                         accession   tlen query name           accession   qlen   E-value  score  bias   #  of  c-Evalue  i-Evalue  score  bias  from    to  from    to  from    to  acc description of target
#                 ------------------- ---------- ----- -------------------- ---------- ----- --------- ------ ----- --- --- --------- --------- ------ ----- ----- ----- ----- ----- ----- ----- ---- ---------------------
NW_025965324.1_RagTag:2609380-2608988 -            131 1013at314147         -           1890   3.6e-08   27.3  23.1   1   3   1.6e-09   4.6e-07   23.6   4.3   874   921    10    58     5    60 0.92 -
NW_025965324.1_RagTag:2609380-2608988 -            131 1013at314147         -           1890   3.6e-08   27.3  23.1   2   3   1.1e-05     0.003   11.0   7.1  1490  1522    60    92    53   101 0.69 -
NW_025965324.1_RagTag:2609380-2608988 -            131 1013at314147         -           1890   3.6e-08   27.3  23.1   3   3    0.0079       2.2    1.5   0.9  1723  1744   109   130    99   131 0.63 -
NW_025965259.1_RagTag:106045-105034   -            229 1013at314147         -           1890     1e-05   19.2  17.4   1   2   8.1e-07   0.00023   14.7   6.2  1288  1327    77   116    71   124 0.86 -
NW_025965259.1_RagTag:106045-105034   -            229 1013at314147         -           1890     1e-05   19.2  17.4   2   2   9.4e-06    0.0026   11.2   3.0  1289  1326   124   164   115   174 0.59 -
NW_025965302.1_RagTag:580355-580522   -             56 1013at314147         -           1890   0.00018   15.1   9.1   1   1   6.3e-07   0.00018   15.1   9.1  1480  1522    13    54     4    56 0.80 -
NW_025965214.1_RagTag:218072-185897   -            500 1013at314147         -           1890    0.0002   14.9   0.2   1   2    0.0013      0.35    4.1   0.0   366   796   275   338   261   382 0.52 -
NW_025965214.1_RagTag:218072-185897   -            500 1013at314147         -           1890    0.0002   14.9   0.2   2   2   4.6e-05     0.013    8.9   0.1  1785  1843   426   488   390   499 0.73 -
NW_025965091.1_RagTag:237017-237190   -             58 1013at314147         -           1890    0.0074    9.7   0.0   1   1   2.7e-05    0.0076    9.7   0.0  1810  1857     1    54     1    58 0.75 -
#
# Program:         hmmsearch
# Version:         3.1b2 (February 2015)
# Pipeline mode:   SEARCH
# Query file:      /home/bgerda/guppy_SUP/busco_downloads/lineages/glires_odb10/hmms/1013at314147.hmm
# Target file:     /home/bgerda/guppy_SUP/busco_results/run_glires_odb10/metaeuk_output/initial_results/ragtag.scaffold.fasta.modified.fas
# Option settings: hmmsearch --domtblout /home/bgerda/guppy_SUP/busco_results/run_glires_odb10/hmmer_output/initial_run_results/1013at314147.out --cpu 1 /home/bgerda/guppy_SUP/busco_downloads/lineages/glires_odb10/hmms/1013at314147.hmm /home/bgerda/guppy_SUP/busco_results/run_glires_odb10/metaeuk_output/initial_results/ragtag.scaffold.fasta.modified.fas 
# Current dir:     /home/bgerda/guppy_SUP
# Date:            Sun May 21 15:02:21 2023
# [ok]
