#                                                                                             --- full sequence --- -------------- this domain -------------   hmm coord   ali coord   env coord
# target name                         accession   tlen query name           accession   qlen   E-value  score  bias   #  of  c-Evalue  i-Evalue  score  bias  from    to  from    to  from    to  acc description of target
#                 ------------------- ---------- ----- -------------------- ---------- ----- --------- ------ ----- --- --- --------- --------- ------ ----- ----- ----- ----- ----- ----- ----- ---- ---------------------
NW_025965344.1_RagTag:44201-38800     -            204 11482at314147        -            568     2e-15   52.5   0.0   1   1   1.3e-17   2.3e-15   52.3   0.0    36   194    35   192     9   197 0.92 -
NW_025965188.1_RagTag:479145-479711   -            189 11482at314147        -            568   4.4e-09   31.6   0.0   1   1   1.4e-10   2.4e-08   29.1   0.0    84   206    42   177    29   183 0.81 -
NW_025965163.1_RagTag:39467-30573     -            761 11482at314147        -            568   7.3e-09   30.8   0.1   1   1   7.6e-11   1.3e-08   29.9   0.1    47   159   427   541   413   567 0.82 -
NW_025965288.1_RagTag:116054-117744   -            294 11482at314147        -            568   4.8e-08   28.1   0.0   1   1   3.8e-10   6.6e-08   27.6   0.0    87   165    74   152    41   176 0.93 -
NW_025965306.1_RagTag:1072351-1073460 -            370 11482at314147        -            568   1.3e-05   20.1   0.0   1   2   0.00019     0.033    8.8   0.0   131   162    18    49     5   117 0.74 -
NW_025965306.1_RagTag:1072351-1073460 -            370 11482at314147        -            568   1.3e-05   20.1   0.0   2   2   0.00014     0.025    9.3   0.0   395   460   300   364   282   369 0.80 -
NW_025965287.1_RagTag:1597561-1602211 -            433 11482at314147        -            568   2.9e-05   18.9   0.1   1   1   2.5e-07   4.4e-05   18.3   0.1   101   189   324   414   319   428 0.81 -
NW_025965288.1_RagTag:106172-105948   -             75 11482at314147        -            568   0.00032   15.5   0.0   1   1   1.8e-06   0.00032   15.5   0.0   150   202     2    56     1    75 0.51 -
NW_025965352.1_RagTag:113601-115367   -            318 11482at314147        -            568   0.00049   14.9   0.0   1   1   3.6e-06   0.00064   14.5   0.0    68   123     3    58     1    78 0.83 -
#
# Program:         hmmsearch
# Version:         3.1b2 (February 2015)
# Pipeline mode:   SEARCH
# Query file:      /home/bgerda/guppy_SUP/busco_downloads/lineages/glires_odb10/hmms/11482at314147.hmm
# Target file:     /home/bgerda/guppy_SUP/busco_results/run_glires_odb10/metaeuk_output/initial_results/ragtag.scaffold.fasta.modified.fas
# Option settings: hmmsearch --domtblout /home/bgerda/guppy_SUP/busco_results/run_glires_odb10/hmmer_output/initial_run_results/11482at314147.out --cpu 1 /home/bgerda/guppy_SUP/busco_downloads/lineages/glires_odb10/hmms/11482at314147.hmm /home/bgerda/guppy_SUP/busco_results/run_glires_odb10/metaeuk_output/initial_results/ragtag.scaffold.fasta.modified.fas 
# Current dir:     /home/bgerda/guppy_SUP
# Date:            Sun May 21 15:02:13 2023
# [ok]
