#                                                                                             --- full sequence --- -------------- this domain -------------   hmm coord   ali coord   env coord
# target name                         accession   tlen query name           accession   qlen   E-value  score  bias   #  of  c-Evalue  i-Evalue  score  bias  from    to  from    to  from    to  acc description of target
#                 ------------------- ---------- ----- -------------------- ---------- ----- --------- ------ ----- --- --- --------- --------- ------ ----- ----- ----- ----- ----- ----- ----- ---- ---------------------
NW_025965310.1_RagTag:4038738-4037689 -            350 11762at314147        -            847   2.2e-08   29.4   0.0   1   2   0.00021     0.059    8.1   0.0   286   344     6    64     3    76 0.88 -
NW_025965310.1_RagTag:4038738-4037689 -            350 11762at314147        -            847   2.2e-08   29.4   0.0   2   2   9.9e-08   2.8e-05   19.2   0.1   280   375    91   182    73   194 0.79 -
NW_025965314.1_RagTag:1505837-1506983 -            345 11762at314147        -            847   7.9e-08   27.6   0.1   1   3   1.7e-06   0.00047   15.1   0.0   280   363   103   182    93   196 0.87 -
NW_025965314.1_RagTag:1505837-1506983 -            345 11762at314147        -            847   7.9e-08   27.6   0.1   2   3     0.001      0.29    5.9   0.0   286   334   200   247   193   262 0.84 -
NW_025965314.1_RagTag:1505837-1506983 -            345 11762at314147        -            847   7.9e-08   27.6   0.1   3   3    0.0068       1.9    3.1   0.0   288   346   267   323   263   331 0.85 -
NW_025965364.1_RagTag:5928-5515       -            138 11762at314147        -            847   1.5e-05   20.0   0.0   1   2   3.7e-05      0.01   10.6   0.0   286   344     6    64     3    75 0.88 -
NW_025965364.1_RagTag:5928-5515       -            138 11762at314147        -            847   1.5e-05   20.0   0.0   2   2    0.0003     0.085    7.6   0.0   280   324    91   134    73   137 0.75 -
NW_025965319.1_RagTag:1173749-1173339 -            133 11762at314147        -            847    0.0028   12.5   0.0   1   2   0.00068      0.19    6.5   0.0   300   369     4    72     1    74 0.92 -
NW_025965319.1_RagTag:1173749-1173339 -            133 11762at314147        -            847    0.0028   12.5   0.0   2   2   0.00045      0.13    7.0   0.0   286   340    71   125    67   132 0.78 -
NW_025965419.1_RagTag:225369-224842   -            176 11762at314147        -            847      0.12    7.1  43.9   1   2    0.0011      0.31    5.8  22.7   539   582    52    97    36   118 0.72 -
NW_025965419.1_RagTag:225369-224842   -            176 11762at314147        -            847      0.12    7.1  43.9   2   2   0.00065      0.18    6.5  14.4   541   582   126   169    97   175 0.66 -
#
# Program:         hmmsearch
# Version:         3.1b2 (February 2015)
# Pipeline mode:   SEARCH
# Query file:      /home/bgerda/guppy_SUP/busco_downloads/lineages/glires_odb10/hmms/11762at314147.hmm
# Target file:     /home/bgerda/guppy_SUP/busco_results/run_glires_odb10/metaeuk_output/initial_results/ragtag.scaffold.fasta.modified.fas
# Option settings: hmmsearch --domtblout /home/bgerda/guppy_SUP/busco_results/run_glires_odb10/hmmer_output/initial_run_results/11762at314147.out --cpu 1 /home/bgerda/guppy_SUP/busco_downloads/lineages/glires_odb10/hmms/11762at314147.hmm /home/bgerda/guppy_SUP/busco_results/run_glires_odb10/metaeuk_output/initial_results/ragtag.scaffold.fasta.modified.fas 
# Current dir:     /home/bgerda/guppy_SUP
# Date:            Sun May 21 15:02:18 2023
# [ok]
