#                                                                                             --- full sequence --- -------------- this domain -------------   hmm coord   ali coord   env coord
# target name                         accession   tlen query name           accession   qlen   E-value  score  bias   #  of  c-Evalue  i-Evalue  score  bias  from    to  from    to  from    to  acc description of target
#                 ------------------- ---------- ----- -------------------- ---------- ----- --------- ------ ----- --- --- --------- --------- ------ ----- ----- ----- ----- ----- ----- ----- ---- ---------------------
NW_025965308.1_RagTag:1044913-1044456 -            150 118at314147          -           4425   2.3e-06   20.3   0.6   1   1   1.7e-08   2.3e-06   20.3   0.6  3288  3332    91   137    39   146 0.85 -
contig_4568_pilon:1340-1633           -             98 118at314147          -           4425   8.3e-06   18.5   5.2   1   1   6.4e-08   9.1e-06   18.3   5.2  3292  3357     2    70     1    80 0.84 -
contig_5411_pilon:437-201             -             79 118at314147          -           4425   1.5e-05   17.6   0.5   1   1   1.1e-07   1.6e-05   17.6   0.5  3288  3333    26    73     9    77 0.78 -
contig_83093_pilon:417-680            -             88 118at314147          -           4425   2.6e-05   16.8   0.3   1   1   1.8e-07   2.6e-05   16.8   0.3  3288  3333    35    82     7    86 0.82 -
contig_50121_pilon:804-1229           -            142 118at314147          -           4425   2.9e-05   16.7   4.3   1   1   2.6e-07   3.7e-05   16.3   4.3  3292  3335     1    45     1    57 0.85 -
NW_025965309.1_RagTag:3490785-3490423 -            121 118at314147          -           4425   0.00012   14.7   1.1   1   1   8.8e-07   0.00012   14.6   1.1  3272  3336    42   113    19   119 0.68 -
NW_025965314.1_RagTag:669729-667924   -            602 118at314147          -           4425   0.00034   13.1   0.2   1   1   3.3e-06   0.00046   12.7   0.2  3288  3333   544   591   513   598 0.79 -
NW_025965319.1_RagTag:4372733-4372377 -            119 118at314147          -           4425   0.00061   12.3   4.7   1   1     5e-06   0.00071   12.1   4.7  3292  3332     4    45     2    58 0.90 -
NW_025965075.1_RagTag:69361-62353     -            353 118at314147          -           4425    0.0089    8.4   6.6   1   1   7.9e-05     0.011    8.1   6.6  3292  3335    51    93    47   121 0.86 -
NW_025965075.1_RagTag:19329-24571     -            378 118at314147          -           4425      0.04    6.3   3.1   1   1   0.00038     0.054    5.8   3.1  3291  3332   324   367   314   372 0.81 -
#
# Program:         hmmsearch
# Version:         3.1b2 (February 2015)
# Pipeline mode:   SEARCH
# Query file:      /home/bgerda/guppy_SUP/busco_downloads/lineages/glires_odb10/hmms/118at314147.hmm
# Target file:     /home/bgerda/guppy_SUP/busco_results/run_glires_odb10/metaeuk_output/initial_results/ragtag.scaffold.fasta.modified.fas
# Option settings: hmmsearch --domtblout /home/bgerda/guppy_SUP/busco_results/run_glires_odb10/hmmer_output/initial_run_results/118at314147.out --cpu 1 /home/bgerda/guppy_SUP/busco_downloads/lineages/glires_odb10/hmms/118at314147.hmm /home/bgerda/guppy_SUP/busco_results/run_glires_odb10/metaeuk_output/initial_results/ragtag.scaffold.fasta.modified.fas 
# Current dir:     /home/bgerda/guppy_SUP
# Date:            Sun May 21 15:02:16 2023
# [ok]
