#                                                                                             --- full sequence --- -------------- this domain -------------   hmm coord   ali coord   env coord
# target name                         accession   tlen query name           accession   qlen   E-value  score  bias   #  of  c-Evalue  i-Evalue  score  bias  from    to  from    to  from    to  acc description of target
#                 ------------------- ---------- ----- -------------------- ---------- ----- --------- ------ ----- --- --- --------- --------- ------ ----- ----- ----- ----- ----- ----- ----- ---- ---------------------
NW_025965288.1_RagTag:116054-117744   -            294 15399at314147        -            418   8.2e-83  274.9   0.1   1   1   5.3e-85   1.1e-82  274.5   0.1     8   229    11   232     5   248 0.97 -
NW_025965188.1_RagTag:479145-479711   -            189 15399at314147        -            418   2.4e-11   39.5   0.4   1   2   1.5e-07   3.1e-05   19.3   0.0   100   151    41    93    32   105 0.86 -
NW_025965188.1_RagTag:479145-479711   -            189 15399at314147        -            418   2.4e-11   39.5   0.4   2   2   2.6e-07   5.2e-05   18.6   0.1    72   126   126   180   112   188 0.89 -
NW_025965344.1_RagTag:44201-38800     -            204 15399at314147        -            418   1.1e-07   27.4   0.1   1   2     0.087        17    0.4   0.0    90   144    38    93    23   107 0.72 -
NW_025965344.1_RagTag:44201-38800     -            204 15399at314147        -            418   1.1e-07   27.4   0.1   2   2   1.6e-09   3.3e-07   25.8   0.0    81   165    96   180    81   200 0.85 -
NW_025965288.1_RagTag:106172-105948   -             75 15399at314147        -            418   4.5e-07   25.4   0.0   1   1   2.2e-09   4.5e-07   25.4   0.0   103   150     4    54     1    70 0.88 -
NW_025965163.1_RagTag:39467-30573     -            761 15399at314147        -            418   7.2e-06   21.4   0.0   1   1   5.4e-08   1.1e-05   20.8   0.0    46   149   445   548   439   559 0.88 -
NW_025965287.1_RagTag:1597561-1602211 -            433 15399at314147        -            418   8.6e-05   17.9   0.1   1   1   6.3e-07   0.00013   17.3   0.1    79   168   318   410   306   419 0.81 -
NW_025965306.1_RagTag:1072351-1073460 -            370 15399at314147        -            418   0.00075   14.8   0.0   1   1   5.4e-06    0.0011   14.2   0.0    75   139    11    75     2   147 0.84 -
#
# Program:         hmmsearch
# Version:         3.1b2 (February 2015)
# Pipeline mode:   SEARCH
# Query file:      /home/bgerda/guppy_SUP/busco_downloads/lineages/glires_odb10/hmms/15399at314147.hmm
# Target file:     /home/bgerda/guppy_SUP/busco_results/run_glires_odb10/metaeuk_output/initial_results/ragtag.scaffold.fasta.modified.fas
# Option settings: hmmsearch --domtblout /home/bgerda/guppy_SUP/busco_results/run_glires_odb10/hmmer_output/initial_run_results/15399at314147.out --cpu 1 /home/bgerda/guppy_SUP/busco_downloads/lineages/glires_odb10/hmms/15399at314147.hmm /home/bgerda/guppy_SUP/busco_results/run_glires_odb10/metaeuk_output/initial_results/ragtag.scaffold.fasta.modified.fas 
# Current dir:     /home/bgerda/guppy_SUP
# Date:            Sun May 21 15:02:11 2023
# [ok]
