#                                                                                             --- full sequence --- -------------- this domain -------------   hmm coord   ali coord   env coord
# target name                         accession   tlen query name           accession   qlen   E-value  score  bias   #  of  c-Evalue  i-Evalue  score  bias  from    to  from    to  from    to  acc description of target
#                 ------------------- ---------- ----- -------------------- ---------- ----- --------- ------ ----- --- --- --------- --------- ------ ----- ----- ----- ----- ----- ----- ----- ---- ---------------------
NW_025965287.1_RagTag:1528602-1528006 -            199 16247at314147        -            440   1.4e-25   86.2   0.0   1   2   4.2e-14   9.9e-12   40.6   0.0   332   401     7    76     1    88 0.89 -
NW_025965287.1_RagTag:1528602-1528006 -            199 16247at314147        -            440   1.4e-25   86.2   0.0   2   2   3.7e-15   8.7e-13   44.0   0.0   332   429    92   192    80   198 0.90 -
contig_13085_pilon:902-109            -            219 16247at314147        -            440   4.2e-23   78.0   0.9   1   2   1.4e-20   3.4e-18   61.9   0.1   332   437    40   144    22   147 0.94 -
contig_13085_pilon:902-109            -            219 16247at314147        -            440   4.2e-23   78.0   0.9   2   2   2.3e-06   0.00053   15.1   0.0   103   159   156   213   149   219 0.85 -
NW_025965114.1_RagTag:29739-29566     -             58 16247at314147        -            440   4.2e-10   35.2   0.1   1   1   2.1e-12   4.9e-10   35.0   0.1    92   135     9    52     4    55 0.93 -
NW_025965155.1_RagTag:69793-68825     -            323 16247at314147        -            440   2.2e-09   32.8   0.1   1   3   3.9e-06   0.00092   14.3   0.0   327   404    18    98     6   128 0.84 -
NW_025965155.1_RagTag:69793-68825     -            323 16247at314147        -            440   2.2e-09   32.8   0.1   2   3   2.6e-05    0.0061   11.6   0.1   369   438   152   219   127   221 0.76 -
NW_025965155.1_RagTag:69793-68825     -            323 16247at314147        -            440   2.2e-09   32.8   0.1   3   3     0.013         3    2.7   0.0    99   166   242   315   232   319 0.76 -
NW_025965310.1_RagTag:498729-512410   -            308 16247at314147        -            440     2e-06   23.1   0.9   1   2   2.9e-05    0.0068   11.4   0.0   320   359   114   153   105   206 0.73 -
NW_025965310.1_RagTag:498729-512410   -            308 16247at314147        -            440     2e-06   23.1   0.9   2   2   0.00012     0.028    9.4   0.4    94   154   217   282   205   299 0.64 -
NW_025965321.1_RagTag:3116108-3115410 -            233 16247at314147        -            440   9.5e-05   17.6   0.1   1   1   6.2e-07   0.00015   17.0   0.1   321   439     3   126     1   127 0.80 -
#
# Program:         hmmsearch
# Version:         3.1b2 (February 2015)
# Pipeline mode:   SEARCH
# Query file:      /home/bgerda/guppy_SUP/busco_downloads/lineages/glires_odb10/hmms/16247at314147.hmm
# Target file:     /home/bgerda/guppy_SUP/busco_results/run_glires_odb10/metaeuk_output/initial_results/ragtag.scaffold.fasta.modified.fas
# Option settings: hmmsearch --domtblout /home/bgerda/guppy_SUP/busco_results/run_glires_odb10/hmmer_output/initial_run_results/16247at314147.out --cpu 1 /home/bgerda/guppy_SUP/busco_downloads/lineages/glires_odb10/hmms/16247at314147.hmm /home/bgerda/guppy_SUP/busco_results/run_glires_odb10/metaeuk_output/initial_results/ragtag.scaffold.fasta.modified.fas 
# Current dir:     /home/bgerda/guppy_SUP
# Date:            Sun May 21 15:02:15 2023
# [ok]
