#                                                                                             --- full sequence --- -------------- this domain -------------   hmm coord   ali coord   env coord
# target name                         accession   tlen query name           accession   qlen   E-value  score  bias   #  of  c-Evalue  i-Evalue  score  bias  from    to  from    to  from    to  acc description of target
#                 ------------------- ---------- ----- -------------------- ---------- ----- --------- ------ ----- --- --- --------- --------- ------ ----- ----- ----- ----- ----- ----- ----- ---- ---------------------
NW_025965314.1_RagTag:120014-121839   -            303 16634at314147        -            413   6.1e-11   38.2  17.5   1   1   8.5e-13   1.2e-10   37.2  17.5    12   265    49   296    41   301 0.81 -
NW_025965108.1_RagTag:146371-147354   -            328 16634at314147        -            413   2.1e-08   29.8   1.2   1   1   2.4e-10   3.4e-08   29.1   1.2     8   165    73   231    69   290 0.83 -
NW_025965161.1_RagTag:422252-421546   -            215 16634at314147        -            413   6.7e-06   21.6   3.0   1   1   5.4e-08   7.6e-06   21.4   3.0    11   118    52   159    43   209 0.76 -
NW_025965323.1_RagTag:1329524-1328619 -            302 16634at314147        -            413   0.00038   15.8  13.9   1   1   3.3e-06   0.00047   15.5  13.9     9   228    24   244    16   291 0.65 -
NW_025965230.1_RagTag:349910-348756   -            385 16634at314147        -            413   0.00052   15.3   6.6   1   1    0.0006     0.085    8.1   6.6     9   223    72   274    61   334 0.67 -
NW_025965421.1_RagTag:181828-182494   -            201 16634at314147        -            413   0.00082   14.7   0.1   1   1     8e-06    0.0011   14.2   0.1    45   164     9   128     2   133 0.84 -
NW_025965266.1_RagTag:245866-244338   -            282 16634at314147        -            413    0.0026   13.1   1.8   1   1   2.4e-05    0.0034   12.7   1.8    13   185    82   252    69   264 0.68 -
contig_67641_pilon:774-58             -            239 16634at314147        -            413     0.028    9.6   9.9   1   1   0.00031     0.044    9.0   9.9    16   119    39   142    25   238 0.79 -
contig_25261_pilon:2046-1063          -            328 16634at314147        -            413      0.05    8.8  10.9   1   1   0.00052     0.074    8.3  10.9    28   141    75   193    50   318 0.70 -
contig_44821_pilon:519-29             -            161 16634at314147        -            413       0.1    7.8   8.0   1   1   0.00011     0.016   10.5   4.4    45   122    62   138    39   159 0.66 -
#
# Program:         hmmsearch
# Version:         3.1b2 (February 2015)
# Pipeline mode:   SEARCH
# Query file:      /home/bgerda/guppy_SUP/busco_downloads/lineages/glires_odb10/hmms/16634at314147.hmm
# Target file:     /home/bgerda/guppy_SUP/busco_results/run_glires_odb10/metaeuk_output/initial_results/ragtag.scaffold.fasta.modified.fas
# Option settings: hmmsearch --domtblout /home/bgerda/guppy_SUP/busco_results/run_glires_odb10/hmmer_output/initial_run_results/16634at314147.out --cpu 1 /home/bgerda/guppy_SUP/busco_downloads/lineages/glires_odb10/hmms/16634at314147.hmm /home/bgerda/guppy_SUP/busco_results/run_glires_odb10/metaeuk_output/initial_results/ragtag.scaffold.fasta.modified.fas 
# Current dir:     /home/bgerda/guppy_SUP
# Date:            Sun May 21 15:02:16 2023
# [ok]
