#                                                                                             --- full sequence --- -------------- this domain -------------   hmm coord   ali coord   env coord
# target name                         accession   tlen query name           accession   qlen   E-value  score  bias   #  of  c-Evalue  i-Evalue  score  bias  from    to  from    to  from    to  acc description of target
#                 ------------------- ---------- ----- -------------------- ---------- ----- --------- ------ ----- --- --- --------- --------- ------ ----- ----- ----- ----- ----- ----- ----- ---- ---------------------
NW_025965075.1_RagTag:19329-24571     -            378 18785at314147        -            518   6.9e-13   44.5   0.5   1   1   1.3e-14   1.8e-12   43.1   0.5   446   511   301   366   282   370 0.84 -
contig_83093_pilon:417-680            -             88 18785at314147        -            518   2.2e-12   42.9   0.7   1   1   1.8e-14   2.5e-12   42.7   0.7   469   511    38    80    25    85 0.94 -
contig_5411_pilon:437-201             -             79 18785at314147        -            518   4.2e-12   41.9   0.5   1   1   3.2e-14   4.5e-12   41.8   0.5   468   511    28    71     4    76 0.81 -
NW_025965314.1_RagTag:669729-667924   -            602 18785at314147        -            518   1.8e-10   36.5   0.1   1   3      0.23        32   -0.6   0.6    70    98   153   181   105   188 0.81 -
NW_025965314.1_RagTag:669729-667924   -            602 18785at314147        -            518   1.8e-10   36.5   0.1   2   3       2.1     3e+02   -3.8   6.0    45    85   197   237   182   252 0.65 -
NW_025965314.1_RagTag:669729-667924   -            602 18785at314147        -            518   1.8e-10   36.5   0.1   3   3   1.3e-12   1.8e-10   36.5   0.1   468   511   546   589   488   594 0.89 -
NW_025965308.1_RagTag:1044913-1044456 -            150 18785at314147        -            518   1.8e-08   30.0   1.0   1   1   1.5e-10   2.1e-08   29.7   1.0   469   510    94   135    73   141 0.90 -
NW_025965309.1_RagTag:3490785-3490423 -            121 18785at314147        -            518   0.00018   16.8   3.4   1   1   1.4e-06   0.00019   16.7   2.9   458   511    47   108    41   113 0.79 -
NW_025965287.1_RagTag:1430524-1428280 -            589 18785at314147        -            518   0.00097   14.3   0.4   1   1   1.3e-05    0.0018   13.5   0.4   410   512   362   473   355   477 0.78 -
NW_025965322.1_RagTag:1301223-1302431 -            403 18785at314147        -            518    0.0075   11.4   0.6   1   1   7.7e-05     0.011   10.9   0.6   466   511     6    48     2    55 0.85 -
NW_025965314.1_RagTag:624247-623562   -            157 18785at314147        -            518     0.092    7.8   7.0   1   1   0.00083      0.12    7.5   7.0   469   513    20    62    13    66 0.81 -
NW_025965319.1_RagTag:4372733-4372377 -            119 18785at314147        -            518       0.1    7.6   5.6   1   1   0.00099      0.14    7.2   5.6   469   511     3    44     1    50 0.75 -
#
# Program:         hmmsearch
# Version:         3.1b2 (February 2015)
# Pipeline mode:   SEARCH
# Query file:      /home/bgerda/guppy_SUP/busco_downloads/lineages/glires_odb10/hmms/18785at314147.hmm
# Target file:     /home/bgerda/guppy_SUP/busco_results/run_glires_odb10/metaeuk_output/initial_results/ragtag.scaffold.fasta.modified.fas
# Option settings: hmmsearch --domtblout /home/bgerda/guppy_SUP/busco_results/run_glires_odb10/hmmer_output/initial_run_results/18785at314147.out --cpu 1 /home/bgerda/guppy_SUP/busco_downloads/lineages/glires_odb10/hmms/18785at314147.hmm /home/bgerda/guppy_SUP/busco_results/run_glires_odb10/metaeuk_output/initial_results/ragtag.scaffold.fasta.modified.fas 
# Current dir:     /home/bgerda/guppy_SUP
# Date:            Sun May 21 15:02:19 2023
# [ok]
