#                                                                                             --- full sequence --- -------------- this domain -------------   hmm coord   ali coord   env coord
# target name                         accession   tlen query name           accession   qlen   E-value  score  bias   #  of  c-Evalue  i-Evalue  score  bias  from    to  from    to  from    to  acc description of target
#                 ------------------- ---------- ----- -------------------- ---------- ----- --------- ------ ----- --- --- --------- --------- ------ ----- ----- ----- ----- ----- ----- ----- ---- ---------------------
NW_025965288.1_RagTag:116054-117744   -            294 19052at314147        -            362   8.2e-09   31.4   0.1   1   2      0.14        33   -0.2   0.0    32    51    64    83    44    94 0.65 -
NW_025965288.1_RagTag:116054-117744   -            294 19052at314147        -            362   8.2e-09   31.4   0.1   2   2   1.6e-10   3.8e-08   29.2   0.0    35   111   100   174    88   211 0.78 -
NW_025965188.1_RagTag:479145-479711   -            189 19052at314147        -            362   2.8e-05   19.8   1.6   1   2   0.00014     0.033    9.7   0.0    73   134    42   102    36   108 0.87 -
NW_025965188.1_RagTag:479145-479711   -            189 19052at314147        -            362   2.8e-05   19.8   1.6   2   2    0.0005      0.12    7.8   0.3   185   245   110   169   102   175 0.71 -
NW_025965344.1_RagTag:44201-38800     -            204 19052at314147        -            362   0.00035   16.2   0.0   1   2     0.022       5.1    2.5   0.0    67   125    41   100    10   106 0.53 -
NW_025965344.1_RagTag:44201-38800     -            204 19052at314147        -            362   0.00035   16.2   0.0   2   2   2.4e-05    0.0055   12.2   0.0    60   135   103   176   100   197 0.77 -
NW_025965276.1_RagTag:401916-402389   -            158 19052at314147        -            362     0.002   13.7   0.9   1   2     0.011       2.6    3.4   0.1    94   138    16    68     5    74 0.67 -
NW_025965276.1_RagTag:401916-402389   -            158 19052at314147        -            362     0.002   13.7   0.9   2   2   4.4e-05      0.01   11.3   0.3    11    85    43   113    38   122 0.75 -
NW_025965163.1_RagTag:39467-30573     -            761 19052at314147        -            362    0.0034   12.9   0.1   1   1   2.4e-05    0.0056   12.2   0.1    75   135   434   494   419   551 0.50 -
NW_025965287.1_RagTag:1597561-1602211 -            433 19052at314147        -            362    0.0065   12.0   0.1   1   1   3.5e-05    0.0082   11.7   0.1    60   142   327   409   312   433 0.74 -
#
# Program:         hmmsearch
# Version:         3.1b2 (February 2015)
# Pipeline mode:   SEARCH
# Query file:      /home/bgerda/guppy_SUP/busco_downloads/lineages/glires_odb10/hmms/19052at314147.hmm
# Target file:     /home/bgerda/guppy_SUP/busco_results/run_glires_odb10/metaeuk_output/initial_results/ragtag.scaffold.fasta.modified.fas
# Option settings: hmmsearch --domtblout /home/bgerda/guppy_SUP/busco_results/run_glires_odb10/hmmer_output/initial_run_results/19052at314147.out --cpu 1 /home/bgerda/guppy_SUP/busco_downloads/lineages/glires_odb10/hmms/19052at314147.hmm /home/bgerda/guppy_SUP/busco_results/run_glires_odb10/metaeuk_output/initial_results/ragtag.scaffold.fasta.modified.fas 
# Current dir:     /home/bgerda/guppy_SUP
# Date:            Sun May 21 15:02:12 2023
# [ok]
