#                                                                                             --- full sequence --- -------------- this domain -------------   hmm coord   ali coord   env coord
# target name                         accession   tlen query name           accession   qlen   E-value  score  bias   #  of  c-Evalue  i-Evalue  score  bias  from    to  from    to  from    to  acc description of target
#                 ------------------- ---------- ----- -------------------- ---------- ----- --------- ------ ----- --- --- --------- --------- ------ ----- ----- ----- ----- ----- ----- ----- ---- ---------------------
NW_025965270.1_RagTag:210741-210202   -            180 19343at314147        -            640   4.1e-31  104.5   2.2   1   2   2.5e-28   5.8e-26   87.4   0.5     7    97    19   101    15   114 0.94 -
NW_025965270.1_RagTag:210741-210202   -            180 19343at314147        -            640   4.1e-31  104.5   2.2   2   2   4.7e-07   0.00011   17.1   0.1    92   126   126   160   104   173 0.83 -
NW_025965320.1_RagTag:2701863-2702369 -            169 19343at314147        -            640   1.9e-28   95.6   3.4   1   2   2.1e-25     5e-23   77.7   0.8    10    97    11    90     5   104 0.94 -
NW_025965320.1_RagTag:2701863-2702369 -            169 19343at314147        -            640   1.9e-28   95.6   3.4   2   2   1.4e-07   3.2e-05   18.9   0.1    92   127   115   150    98   164 0.80 -
contig_24440_pilon:749-1105           -            119 19343at314147        -            640   3.8e-27   91.3   0.3   1   1     2e-29   4.6e-27   91.0   0.3     7    97     9    91     5   102 0.95 -
NW_025965242.1_RagTag:197208-197543   -            112 19343at314147        -            640   2.1e-15   52.5   1.1   1   2   1.9e-16   4.6e-14   48.1   0.2    28    97     2    63     1    73 0.94 -
NW_025965242.1_RagTag:197208-197543   -            112 19343at314147        -            640   2.1e-15   52.5   1.1   2   2    0.0056       1.3    3.7   0.1    93   113    89   109    72   111 0.80 -
NW_025965135.1_RagTag:1190406-1193747 -            136 19343at314147        -            640     4e-14   48.3   0.0   1   1   1.5e-14   3.6e-12   41.8   0.0     8   123    11   102     7   107 0.86 -
NW_025965280.1_RagTag:178130-183694   -            291 19343at314147        -            640   4.7e-06   21.7   0.5   1   1   1.4e-06   0.00033   15.5   0.5    22   130   105   184   100   193 0.78 -
#
# Program:         hmmsearch
# Version:         3.1b2 (February 2015)
# Pipeline mode:   SEARCH
# Query file:      /home/bgerda/guppy_SUP/busco_downloads/lineages/glires_odb10/hmms/19343at314147.hmm
# Target file:     /home/bgerda/guppy_SUP/busco_results/run_glires_odb10/metaeuk_output/initial_results/ragtag.scaffold.fasta.modified.fas
# Option settings: hmmsearch --domtblout /home/bgerda/guppy_SUP/busco_results/run_glires_odb10/hmmer_output/initial_run_results/19343at314147.out --cpu 1 /home/bgerda/guppy_SUP/busco_downloads/lineages/glires_odb10/hmms/19343at314147.hmm /home/bgerda/guppy_SUP/busco_results/run_glires_odb10/metaeuk_output/initial_results/ragtag.scaffold.fasta.modified.fas 
# Current dir:     /home/bgerda/guppy_SUP
# Date:            Sun May 21 15:02:18 2023
# [ok]
