#                                                                                           --- full sequence --- -------------- this domain -------------   hmm coord   ali coord   env coord
# target name                       accession   tlen query name           accession   qlen   E-value  score  bias   #  of  c-Evalue  i-Evalue  score  bias  from    to  from    to  from    to  acc description of target
#               ------------------- ---------- ----- -------------------- ---------- ----- --------- ------ ----- --- --- --------- --------- ------ ----- ----- ----- ----- ----- ----- ----- ---- ---------------------
NW_025965319.1_RagTag:190216-191286 -            357 20409at314147        -            341   1.4e-10   37.5  20.6   1   1   1.6e-11   2.8e-09   33.2  20.6    11   297     6   318     1   340 0.71 -
NW_025965314.1_RagTag:120014-121839 -            303 20409at314147        -            341   8.8e-08   28.3  17.6   1   1   5.5e-09   9.8e-07   24.8  17.6    37   244    14   257     6   300 0.70 -
NW_025965278.1_RagTag:272984-272433 -            184 20409at314147        -            341   1.1e-06   24.6   4.1   1   1   1.5e-08   2.7e-06   23.4   4.0   169   295    65   182    51   184 0.75 -
NW_025965108.1_RagTag:146371-147354 -            328 20409at314147        -            341     7e-06   22.0   1.7   1   2      0.05       8.8    2.0   0.0    40   110    43   124     3   143 0.59 -
NW_025965108.1_RagTag:146371-147354 -            328 20409at314147        -            341     7e-06   22.0   1.7   2   2   2.6e-07   4.5e-05   19.3   0.4   220   291   254   324   200   327 0.86 -
NW_025965148.1_RagTag:252022-250949 -            288 20409at314147        -            341   0.00038   16.3   3.5   1   1   2.2e-06   0.00038   16.3   3.5    17    97    30   110    14   152 0.76 -
NW_025965209.1_RagTag:637992-638492 -            167 20409at314147        -            341    0.0011   14.8  12.2   1   1   2.2e-05    0.0039   13.0  12.2   172   307    35   163    14   167 0.65 -
NW_025965266.1_RagTag:245866-244338 -            282 20409at314147        -            341    0.0019   14.0  10.7   1   1   6.6e-05     0.012   11.4  10.7    30   121    42   139    26   244 0.64 -
NW_025965230.1_RagTag:349910-348756 -            385 20409at314147        -            341      0.46    6.2   7.6   1   2      0.52        93   -1.4   2.7   117   229    45   169    36   216 0.59 -
NW_025965230.1_RagTag:349910-348756 -            385 20409at314147        -            341      0.46    6.2   7.6   2   2   0.00017      0.03   10.1   0.7   214   295   245   326   160   340 0.76 -
#
# Program:         hmmsearch
# Version:         3.1b2 (February 2015)
# Pipeline mode:   SEARCH
# Query file:      /home/bgerda/guppy_SUP/busco_downloads/lineages/glires_odb10/hmms/20409at314147.hmm
# Target file:     /home/bgerda/guppy_SUP/busco_results/run_glires_odb10/metaeuk_output/initial_results/ragtag.scaffold.fasta.modified.fas
# Option settings: hmmsearch --domtblout /home/bgerda/guppy_SUP/busco_results/run_glires_odb10/hmmer_output/initial_run_results/20409at314147.out --cpu 1 /home/bgerda/guppy_SUP/busco_downloads/lineages/glires_odb10/hmms/20409at314147.hmm /home/bgerda/guppy_SUP/busco_results/run_glires_odb10/metaeuk_output/initial_results/ragtag.scaffold.fasta.modified.fas 
# Current dir:     /home/bgerda/guppy_SUP
# Date:            Sun May 21 15:02:25 2023
# [ok]
