#                                                                                             --- full sequence --- -------------- this domain -------------   hmm coord   ali coord   env coord
# target name                         accession   tlen query name           accession   qlen   E-value  score  bias   #  of  c-Evalue  i-Evalue  score  bias  from    to  from    to  from    to  acc description of target
#                 ------------------- ---------- ----- -------------------- ---------- ----- --------- ------ ----- --- --- --------- --------- ------ ----- ----- ----- ----- ----- ----- ----- ---- ---------------------
NW_025965324.1_RagTag:3058461-3059202 -            122 21628at314147        -            323   3.1e-25   85.3   1.2   1   1   2.8e-27   4.9e-25   84.7   1.2   261   320    32    91    21    94 0.90 -
NW_025965275.1_RagTag:451305-451114   -             64 21628at314147        -            323     3e-23   78.8   4.0   1   1   1.7e-25   3.1e-23   78.8   4.0   263   320     5    62     1    64 0.92 -
NW_025965324.1_RagTag:3071272-3072113 -            184 21628at314147        -            323   2.3e-19   66.0   2.4   1   1   1.6e-21   2.8e-19   65.7   2.4   258   323    81   146    59   146 0.88 -
NW_025965309.1_RagTag:3399239-3398628 -            204 21628at314147        -            323   2.6e-12   42.9   0.0   1   1     2e-14   3.6e-12   42.4   0.0   256   319    62   127    30   131 0.81 -
NW_025965177.1_RagTag:240898-240590   -            103 21628at314147        -            323   1.2e-11   40.6   0.4   1   1   8.2e-14   1.4e-11   40.4   0.4   262   316    49   103    38   103 0.92 -
NW_025965266.1_RagTag:217834-219103   -            166 21628at314147        -            323     2e-10   36.7   0.5   1   2       1.3   2.2e+02   -2.9   0.0    68    89    17    38     4    63 0.51 -
NW_025965266.1_RagTag:217834-219103   -            166 21628at314147        -            323     2e-10   36.7   0.5   2   2   1.3e-12   2.3e-10   36.5   0.1   261   302   124   165    69   166 0.88 -
NW_025965284.1_RagTag:361032-362971   -            167 21628at314147        -            323     4e-09   32.4   2.7   1   1   2.7e-11   4.7e-09   32.2   2.7   253   314   106   167    29   167 0.84 -
NW_025965159.1_RagTag:437244-436957   -             96 21628at314147        -            323   0.00028   16.5   0.3   1   1   1.8e-06   0.00031   16.3   0.3   267   318     5    56     1    61 0.82 -
#
# Program:         hmmsearch
# Version:         3.1b2 (February 2015)
# Pipeline mode:   SEARCH
# Query file:      /home/bgerda/guppy_SUP/busco_downloads/lineages/glires_odb10/hmms/21628at314147.hmm
# Target file:     /home/bgerda/guppy_SUP/busco_results/run_glires_odb10/metaeuk_output/initial_results/ragtag.scaffold.fasta.modified.fas
# Option settings: hmmsearch --domtblout /home/bgerda/guppy_SUP/busco_results/run_glires_odb10/hmmer_output/initial_run_results/21628at314147.out --cpu 1 /home/bgerda/guppy_SUP/busco_downloads/lineages/glires_odb10/hmms/21628at314147.hmm /home/bgerda/guppy_SUP/busco_results/run_glires_odb10/metaeuk_output/initial_results/ragtag.scaffold.fasta.modified.fas 
# Current dir:     /home/bgerda/guppy_SUP
# Date:            Sun May 21 15:02:22 2023
# [ok]
