#                                                                                             --- full sequence --- -------------- this domain -------------   hmm coord   ali coord   env coord
# target name                         accession   tlen query name           accession   qlen   E-value  score  bias   #  of  c-Evalue  i-Evalue  score  bias  from    to  from    to  from    to  acc description of target
#                 ------------------- ---------- ----- -------------------- ---------- ----- --------- ------ ----- --- --- --------- --------- ------ ----- ----- ----- ----- ----- ----- ----- ---- ---------------------
NW_025965287.1_RagTag:1597561-1602211 -            433 21711at314147        -            368   1.8e-13   46.5   0.6   1   1   2.6e-15   4.1e-13   45.3   0.6    85   189   321   433   310   433 0.85 -
NW_025965188.1_RagTag:479145-479711   -            189 21711at314147        -            368   4.3e-10   35.3   1.3   1   2    0.0001     0.016   10.4   0.0   116   165    58   107    40   117 0.81 -
NW_025965188.1_RagTag:479145-479711   -            189 21711at314147        -            368   4.3e-10   35.3   1.3   2   2     1e-08   1.6e-06   23.6   0.3   105   160   126   181   110   187 0.91 -
NW_025965276.1_RagTag:401916-402389   -            158 21711at314147        -            368   1.5e-08   30.2   6.4   1   2   2.6e-08   4.1e-06   22.2   2.2   144   252     6   115     3   123 0.82 -
NW_025965276.1_RagTag:401916-402389   -            158 21711at314147        -            368   1.5e-08   30.2   6.4   2   2   1.4e-06   0.00022   16.5   0.1   186   254    83   153    81   158 0.83 -
NW_025965163.1_RagTag:39467-30573     -            761 21711at314147        -            368   2.3e-08   29.6   1.4   1   1   3.4e-10   5.3e-08   28.4   1.4   191   270   454   538   447   555 0.80 -
NW_025965344.1_RagTag:44201-38800     -            204 21711at314147        -            368   2.7e-07   26.1   0.0   1   1   2.2e-09   3.5e-07   25.7   0.0   116   231    65   175    37   202 0.72 -
NW_025965288.1_RagTag:106172-105948   -             75 21711at314147        -            368   0.00014   17.2   0.1   1   1   1.3e-06    0.0002   16.6   0.1   169   216     4    50     1    61 0.80 -
NW_025965288.1_RagTag:116054-117744   -            294 21711at314147        -            368    0.0014   13.9   0.1   1   1   1.2e-05    0.0019   13.4   0.1   201   250   101   149    62   210 0.88 -
NW_025965306.1_RagTag:1072351-1073460 -            370 21711at314147        -            368     0.002   13.4   0.0   1   1   1.9e-05     0.003   12.8   0.0   113   177    16    79     4    85 0.87 -
NW_025965352.1_RagTag:113601-115367   -            318 21711at314147        -            368    0.0023   13.2   0.0   1   1   2.6e-05     0.004   12.4   0.0   121   171     6    56     2    65 0.90 -
#
# Program:         hmmsearch
# Version:         3.1b2 (February 2015)
# Pipeline mode:   SEARCH
# Query file:      /home/bgerda/guppy_SUP/busco_downloads/lineages/glires_odb10/hmms/21711at314147.hmm
# Target file:     /home/bgerda/guppy_SUP/busco_results/run_glires_odb10/metaeuk_output/initial_results/ragtag.scaffold.fasta.modified.fas
# Option settings: hmmsearch --domtblout /home/bgerda/guppy_SUP/busco_results/run_glires_odb10/hmmer_output/initial_run_results/21711at314147.out --cpu 1 /home/bgerda/guppy_SUP/busco_downloads/lineages/glires_odb10/hmms/21711at314147.hmm /home/bgerda/guppy_SUP/busco_results/run_glires_odb10/metaeuk_output/initial_results/ragtag.scaffold.fasta.modified.fas 
# Current dir:     /home/bgerda/guppy_SUP
# Date:            Sun May 21 15:02:26 2023
# [ok]
