#                                                                                             --- full sequence --- -------------- this domain -------------   hmm coord   ali coord   env coord
# target name                         accession   tlen query name           accession   qlen   E-value  score  bias   #  of  c-Evalue  i-Evalue  score  bias  from    to  from    to  from    to  acc description of target
#                 ------------------- ---------- ----- -------------------- ---------- ----- --------- ------ ----- --- --- --------- --------- ------ ----- ----- ----- ----- ----- ----- ----- ---- ---------------------
NW_025965287.1_RagTag:1597561-1602211 -            433 22516at314147        -            262   3.1e-25   85.4   0.2   1   1   1.5e-27   4.3e-25   85.0   0.2    19   126   307   415   296   433 0.85 -
NW_025965188.1_RagTag:479145-479711   -            189 22516at314147        -            262   4.3e-07   26.0   0.1   1   2    0.0017      0.48    6.1   0.0    87   145    42   104    24   119 0.73 -
NW_025965188.1_RagTag:479145-479711   -            189 22516at314147        -            262   4.3e-07   26.0   0.1   2   2   3.3e-07   9.3e-05   18.3   0.1    89   143   124   181   103   187 0.84 -
NW_025965344.1_RagTag:44201-38800     -            204 22516at314147        -            262   1.1e-05   21.4   0.0   1   2   0.00061      0.17    7.6   0.0   182   254    42   109    24   117 0.73 -
NW_025965344.1_RagTag:44201-38800     -            204 22516at314147        -            262   1.1e-05   21.4   0.0   2   2   3.4e-05    0.0095   11.7   0.0    65   121   127   183   119   194 0.89 -
NW_025965276.1_RagTag:401916-402389   -            158 22516at314147        -            262   0.00025   16.9   0.6   1   3   0.00065      0.18    7.5   0.1   134   192    13    76     5    79 0.78 -
NW_025965276.1_RagTag:401916-402389   -            158 22516at314147        -            262   0.00025   16.9   0.6   2   3     0.034       9.6    1.9   0.1   231   244    74    87    70    89 0.83 -
NW_025965276.1_RagTag:401916-402389   -            158 22516at314147        -            262   0.00025   16.9   0.6   3   3    0.0019      0.54    6.0   0.0    75   100    89   114    86   141 0.85 -
NW_025965163.1_RagTag:39467-30573     -            761 22516at314147        -            262    0.0091   11.8   1.2   1   2      0.13        37   -0.1   0.0   216   234   387   405   380   415 0.82 -
NW_025965163.1_RagTag:39467-30573     -            761 22516at314147        -            262    0.0091   11.8   1.2   2   2   0.00066      0.19    7.5   0.5    72   113   452   493   443   551 0.60 -
#
# Program:         hmmsearch
# Version:         3.1b2 (February 2015)
# Pipeline mode:   SEARCH
# Query file:      /home/bgerda/guppy_SUP/busco_downloads/lineages/glires_odb10/hmms/22516at314147.hmm
# Target file:     /home/bgerda/guppy_SUP/busco_results/run_glires_odb10/metaeuk_output/initial_results/ragtag.scaffold.fasta.modified.fas
# Option settings: hmmsearch --domtblout /home/bgerda/guppy_SUP/busco_results/run_glires_odb10/hmmer_output/initial_run_results/22516at314147.out --cpu 1 /home/bgerda/guppy_SUP/busco_downloads/lineages/glires_odb10/hmms/22516at314147.hmm /home/bgerda/guppy_SUP/busco_results/run_glires_odb10/metaeuk_output/initial_results/ragtag.scaffold.fasta.modified.fas 
# Current dir:     /home/bgerda/guppy_SUP
# Date:            Sun May 21 15:02:22 2023
# [ok]
