#                                                                                             --- full sequence --- -------------- this domain -------------   hmm coord   ali coord   env coord
# target name                         accession   tlen query name           accession   qlen   E-value  score  bias   #  of  c-Evalue  i-Evalue  score  bias  from    to  from    to  from    to  acc description of target
#                 ------------------- ---------- ----- -------------------- ---------- ----- --------- ------ ----- --- --- --------- --------- ------ ----- ----- ----- ----- ----- ----- ----- ---- ---------------------
NW_025965314.1_RagTag:624247-623562   -            157 22761at314147        -            382   7.2e-10   34.6   1.1   1   1   6.3e-12   8.9e-10   34.3   1.1     8    83     8    83     3   111 0.91 -
NW_025965287.1_RagTag:1430524-1428280 -            589 22761at314147        -            382   3.7e-09   32.2   1.3   1   1   5.8e-11   8.1e-09   31.1   1.3    11    60   423   472   417   481 0.91 -
contig_83093_pilon:417-680            -             88 22761at314147        -            382     3e-07   26.0   0.4   1   1   2.3e-09   3.2e-07   25.9   0.4    12    63    30    83    19    87 0.79 -
NW_025965319.1_RagTag:4372733-4372377 -            119 22761at314147        -            382     5e-07   25.2   0.5   1   1   4.3e-09     6e-07   25.0   0.5    19    81     2    65     1    76 0.90 -
contig_5411_pilon:437-201             -             79 22761at314147        -            382   9.8e-06   21.0   0.3   1   1   7.2e-08     1e-05   20.9   0.3    15    63    24    74    10    78 0.77 -
contig_50121_pilon:804-1229           -            142 22761at314147        -            382   2.2e-05   19.8   1.2   1   1   1.6e-07   2.3e-05   19.8   0.7    23    82     3    63     1    80 0.78 -
contig_4568_pilon:1340-1633           -             98 22761at314147        -            382   4.3e-05   18.9   3.1   1   1   3.2e-07   4.5e-05   18.8   3.1    21    91     2    71     1    94 0.73 -
NW_025965314.1_RagTag:669729-667924   -            602 22761at314147        -            382   0.00025   16.4   0.2   1   1   2.9e-06    0.0004   15.7   0.2    16    64   543   593   529   600 0.77 -
NW_025965309.1_RagTag:3490785-3490423 -            121 22761at314147        -            382   0.00028   16.2   3.2   1   1     2e-06   0.00028   16.2   3.2    20    61    62   109    58   116 0.75 -
NW_025965075.1_RagTag:69361-62353     -            353 22761at314147        -            382   0.00072   14.8   2.9   1   1   7.8e-06    0.0011   14.2   2.9    13    57    43    86    34   121 0.87 -
#
# Program:         hmmsearch
# Version:         3.1b2 (February 2015)
# Pipeline mode:   SEARCH
# Query file:      /home/bgerda/guppy_SUP/busco_downloads/lineages/glires_odb10/hmms/22761at314147.hmm
# Target file:     /home/bgerda/guppy_SUP/busco_results/run_glires_odb10/metaeuk_output/initial_results/ragtag.scaffold.fasta.modified.fas
# Option settings: hmmsearch --domtblout /home/bgerda/guppy_SUP/busco_results/run_glires_odb10/hmmer_output/initial_run_results/22761at314147.out --cpu 1 /home/bgerda/guppy_SUP/busco_downloads/lineages/glires_odb10/hmms/22761at314147.hmm /home/bgerda/guppy_SUP/busco_results/run_glires_odb10/metaeuk_output/initial_results/ragtag.scaffold.fasta.modified.fas 
# Current dir:     /home/bgerda/guppy_SUP
# Date:            Sun May 21 15:02:23 2023
# [ok]
