#                                                                                             --- full sequence --- -------------- this domain -------------   hmm coord   ali coord   env coord
# target name                         accession   tlen query name           accession   qlen   E-value  score  bias   #  of  c-Evalue  i-Evalue  score  bias  from    to  from    to  from    to  acc description of target
#                 ------------------- ---------- ----- -------------------- ---------- ----- --------- ------ ----- --- --- --------- --------- ------ ----- ----- ----- ----- ----- ----- ----- ---- ---------------------
NW_025965287.1_RagTag:1528602-1528006 -            199 24099at314147        -            325   1.3e-15   53.9   1.3   1   3   7.5e-06    0.0021   13.7   0.0   272   322     5    55     1    57 0.83 -
NW_025965287.1_RagTag:1528602-1528006 -            199 24099at314147        -            325   1.3e-15   53.9   1.3   2   3   3.6e-09     1e-06   24.6   0.1   223   324    48   142    41   144 0.86 -
NW_025965287.1_RagTag:1528602-1528006 -            199 24099at314147        -            325   1.3e-15   53.9   1.3   3   3   6.1e-06    0.0017   14.0   0.1   282   318   145   181   140   186 0.91 -
NW_025965155.1_RagTag:69793-68825     -            323 24099at314147        -            325     6e-09   31.9   0.0   1   2   1.9e-05    0.0052   12.4   0.0    81   158    15    94     3   130 0.83 -
NW_025965155.1_RagTag:69793-68825     -            323 24099at314147        -            325     6e-09   31.9   0.0   2   2   4.4e-07   0.00013   17.7   0.0    69   168   134   232   106   259 0.74 -
NW_025965321.1_RagTag:3116108-3115410 -            233 24099at314147        -            325   9.5e-09   31.3   0.0   1   2   8.8e-06    0.0025   13.5   0.0   217   311     7    97     1   101 0.79 -
NW_025965321.1_RagTag:3116108-3115410 -            233 24099at314147        -            325   9.5e-09   31.3   0.0   2   2   1.4e-06    0.0004   16.1   0.0    87   168   101   188    98   198 0.76 -
contig_13085_pilon:902-109            -            219 24099at314147        -            325   1.6e-08   30.6   0.2   1   3    0.0086       2.4    3.7   0.0   275   311    41    77    12    84 0.86 -
contig_13085_pilon:902-109            -            219 24099at314147        -            325   1.6e-08   30.6   0.2   2   3   1.4e-06   0.00039   16.1   0.0   275   317    83   125    79   134 0.90 -
contig_13085_pilon:902-109            -            219 24099at314147        -            325   1.6e-08   30.6   0.2   3   3   0.00045      0.13    7.9   0.0   275   324   156   203   146   204 0.87 -
NW_025965114.1_RagTag:29739-29566     -             58 24099at314147        -            325   0.00071   15.3   0.0   1   1   2.5e-06   0.00071   15.3   0.0   224   251    19    46     5    54 0.84 -
#
# Program:         hmmsearch
# Version:         3.1b2 (February 2015)
# Pipeline mode:   SEARCH
# Query file:      /home/bgerda/guppy_SUP/busco_downloads/lineages/glires_odb10/hmms/24099at314147.hmm
# Target file:     /home/bgerda/guppy_SUP/busco_results/run_glires_odb10/metaeuk_output/initial_results/ragtag.scaffold.fasta.modified.fas
# Option settings: hmmsearch --domtblout /home/bgerda/guppy_SUP/busco_results/run_glires_odb10/hmmer_output/initial_run_results/24099at314147.out --cpu 1 /home/bgerda/guppy_SUP/busco_downloads/lineages/glires_odb10/hmms/24099at314147.hmm /home/bgerda/guppy_SUP/busco_results/run_glires_odb10/metaeuk_output/initial_results/ragtag.scaffold.fasta.modified.fas 
# Current dir:     /home/bgerda/guppy_SUP
# Date:            Sun May 21 15:02:29 2023
# [ok]
