#                                                                                             --- full sequence --- -------------- this domain -------------   hmm coord   ali coord   env coord
# target name                         accession   tlen query name           accession   qlen   E-value  score  bias   #  of  c-Evalue  i-Evalue  score  bias  from    to  from    to  from    to  acc description of target
#                 ------------------- ---------- ----- -------------------- ---------- ----- --------- ------ ----- --- --- --------- --------- ------ ----- ----- ----- ----- ----- ----- ----- ---- ---------------------
NW_025965233.1_RagTag:1552699-1559366 -            282 24441at314147        -            405   3.6e-30  101.5   0.1   1   2   0.00012     0.028    9.6   0.0    31    80    15    67     6    80 0.85 -
NW_025965233.1_RagTag:1552699-1559366 -            282 24441at314147        -            405   3.6e-30  101.5   0.1   2   2   5.4e-29   1.3e-26   89.8   0.0   219   346   146   280   142   282 0.91 -
NW_025965233.1_RagTag:1542345-1544748 -            171 24441at314147        -            405   2.1e-23   79.2   0.0   1   1   1.1e-25   2.6e-23   78.9   0.0   259   386     5   140     2   151 0.83 -
NW_025965177.1_RagTag:109092-112850   -            325 24441at314147        -            405   2.7e-23   78.9   3.8   1   3   1.3e-13     3e-11   39.2   0.0    26   147    46   184    23   208 0.79 -
NW_025965177.1_RagTag:109092-112850   -            325 24441at314147        -            405   2.7e-23   78.9   3.8   2   3   4.6e-05     0.011   11.0   0.2   285   307   222   244   208   248 0.85 -
NW_025965177.1_RagTag:109092-112850   -            325 24441at314147        -            405   2.7e-23   78.9   3.8   3   3   1.6e-10   3.7e-08   29.0   0.1   340   395   248   312   241   322 0.78 -
NW_025965090.1_RagTag:13307-7557      -            223 24441at314147        -            405   1.5e-12   43.5   0.0   1   2   2.2e-07   5.1e-05   18.7   0.0    36   127     1   108     1   140 0.69 -
NW_025965090.1_RagTag:13307-7557      -            223 24441at314147        -            405   1.5e-12   43.5   0.0   2   2     1e-08   2.4e-06   23.1   0.0   358   387   168   197   152   209 0.87 -
NW_025965039.1_RagTag:326590-325058   -            109 24441at314147        -            405   1.8e-09   33.3   0.0   1   2   1.9e-06   0.00045   15.6   0.0   270   316    17    63     1    64 0.85 -
NW_025965039.1_RagTag:326590-325058   -            109 24441at314147        -            405   1.8e-09   33.3   0.0   2   2   4.4e-07    0.0001   17.7   0.1   359   386    63    90    60   103 0.87 -
contig_50368_pilon:2080-1255          -            270 24441at314147        -            405   2.5e-09   32.9   0.0   1   1   3.3e-11   7.7e-09   31.3   0.0    26   186    62   254    49   269 0.62 -
#
# Program:         hmmsearch
# Version:         3.1b2 (February 2015)
# Pipeline mode:   SEARCH
# Query file:      /home/bgerda/guppy_SUP/busco_downloads/lineages/glires_odb10/hmms/24441at314147.hmm
# Target file:     /home/bgerda/guppy_SUP/busco_results/run_glires_odb10/metaeuk_output/initial_results/ragtag.scaffold.fasta.modified.fas
# Option settings: hmmsearch --domtblout /home/bgerda/guppy_SUP/busco_results/run_glires_odb10/hmmer_output/initial_run_results/24441at314147.out --cpu 1 /home/bgerda/guppy_SUP/busco_downloads/lineages/glires_odb10/hmms/24441at314147.hmm /home/bgerda/guppy_SUP/busco_results/run_glires_odb10/metaeuk_output/initial_results/ragtag.scaffold.fasta.modified.fas 
# Current dir:     /home/bgerda/guppy_SUP
# Date:            Sun May 21 15:02:25 2023
# [ok]
