#                                                                                             --- full sequence --- -------------- this domain -------------   hmm coord   ali coord   env coord
# target name                         accession   tlen query name           accession   qlen   E-value  score  bias   #  of  c-Evalue  i-Evalue  score  bias  from    to  from    to  from    to  acc description of target
#                 ------------------- ---------- ----- -------------------- ---------- ----- --------- ------ ----- --- --- --------- --------- ------ ----- ----- ----- ----- ----- ----- ----- ---- ---------------------
NW_025965287.1_RagTag:1528602-1528006 -            199 24944at314147        -            271   2.7e-20   69.3   1.4   1   2   4.4e-14   1.6e-11   40.5   0.1    39   124    14    99     1   101 0.90 -
NW_025965287.1_RagTag:1528602-1528006 -            199 24944at314147        -            271   2.7e-20   69.3   1.4   2   2   1.2e-11   4.2e-09   32.6   0.1    30   115    90   177    89   198 0.77 -
contig_13085_pilon:902-109            -            219 24944at314147        -            271   2.8e-15   52.8   2.3   1   2     3e-14   1.1e-11   41.1   0.8    22   127    30   132    17   147 0.82 -
contig_13085_pilon:902-109            -            219 24944at314147        -            271   2.8e-15   52.8   2.3   2   2   5.4e-05     0.019   10.7   0.0    31    89   154   213   148   219 0.78 -
NW_025965310.1_RagTag:498729-512410   -            308 24944at314147        -            271   0.00012   17.9   0.6   1   2   0.00015     0.053    9.3   0.0    47    99    99   151    82   186 0.85 -
NW_025965310.1_RagTag:498729-512410   -            308 24944at314147        -            271   0.00012   17.9   0.6   2   2   0.00066      0.23    7.2   0.2    26    96   219   294   190   300 0.75 -
NW_025965155.1_RagTag:69793-68825     -            323 24944at314147        -            271    0.0004   16.2   0.1   1   3      0.15        53   -0.6   0.0   143   206    15    81     2   115 0.50 -
NW_025965155.1_RagTag:69793-68825     -            323 24944at314147        -            271    0.0004   16.2   0.1   2   3    0.0014      0.51    6.1   0.1    19    97    99   177    94   179 0.75 -
NW_025965155.1_RagTag:69793-68825     -            323 24944at314147        -            271    0.0004   16.2   0.1   3   3   3.9e-05     0.014   11.2   0.1    34    99   156   222   149   322 0.78 -
#
# Program:         hmmsearch
# Version:         3.1b2 (February 2015)
# Pipeline mode:   SEARCH
# Query file:      /home/bgerda/guppy_SUP/busco_downloads/lineages/glires_odb10/hmms/24944at314147.hmm
# Target file:     /home/bgerda/guppy_SUP/busco_results/run_glires_odb10/metaeuk_output/initial_results/ragtag.scaffold.fasta.modified.fas
# Option settings: hmmsearch --domtblout /home/bgerda/guppy_SUP/busco_results/run_glires_odb10/hmmer_output/initial_run_results/24944at314147.out --cpu 1 /home/bgerda/guppy_SUP/busco_downloads/lineages/glires_odb10/hmms/24944at314147.hmm /home/bgerda/guppy_SUP/busco_results/run_glires_odb10/metaeuk_output/initial_results/ragtag.scaffold.fasta.modified.fas 
# Current dir:     /home/bgerda/guppy_SUP
# Date:            Sun May 21 15:02:21 2023
# [ok]
