#                                                                                             --- full sequence --- -------------- this domain -------------   hmm coord   ali coord   env coord
# target name                         accession   tlen query name           accession   qlen   E-value  score  bias   #  of  c-Evalue  i-Evalue  score  bias  from    to  from    to  from    to  acc description of target
#                 ------------------- ---------- ----- -------------------- ---------- ----- --------- ------ ----- --- --- --------- --------- ------ ----- ----- ----- ----- ----- ----- ----- ---- ---------------------
NW_025965022.1_RagTag:228159-227266   -            298 25336at314147        -            323     7e-13   44.9   1.1   1   2   4.7e-08   1.1e-05   21.3   0.1    34   164    14   152     7   153 0.81 -
NW_025965022.1_RagTag:228159-227266   -            298 25336at314147        -            323     7e-13   44.9   1.1   2   2   6.6e-10   1.5e-07   27.3   0.2    41   188   126   279   113   289 0.70 -
NW_025965280.1_RagTag:82497-86276     -            268 25336at314147        -            323   1.2e-11   40.8   0.4   1   3   6.7e-08   1.6e-05   20.7   0.0    37   154    62   179    47   191 0.75 -
NW_025965280.1_RagTag:82497-86276     -            268 25336at314147        -            323   1.2e-11   40.8   0.4   2   3   5.4e-07   0.00013   17.8   0.1    27    99   151   225   142   238 0.77 -
NW_025965280.1_RagTag:82497-86276     -            268 25336at314147        -            323   1.2e-11   40.8   0.4   3   3   1.4e-05    0.0034   13.1   0.0   264   314   198   248   194   252 0.90 -
NW_025965103.1_RagTag:1143138-1143689 -            184 25336at314147        -            323     2e-06   23.7   0.0   1   1   1.1e-08   2.5e-06   23.4   0.0    42   189    12   166     3   176 0.70 -
NW_025965317.1_RagTag:2490045-2490833 -            263 25336at314147        -            323    0.0019   13.9   0.0   1   1   4.9e-05     0.012   11.3   0.0    72   250    37   203    22   227 0.69 -
NW_025965230.1_RagTag:1010459-1010037 -            141 25336at314147        -            323    0.0051   12.5   0.9   1   2     0.048        11    1.5   0.1   289   309    12    32     6    37 0.86 -
NW_025965230.1_RagTag:1010459-1010037 -            141 25336at314147        -            323    0.0051   12.5   0.9   2   2   0.00051      0.12    8.0   0.1   226   304    37   131    32   139 0.52 -
NW_025965256.1_RagTag:649684-647213   -            143 25336at314147        -            323    0.0083   11.8   0.0   1   2      0.17        39   -0.3   0.0    38    63    63    84    47    87 0.63 -
NW_025965256.1_RagTag:649684-647213   -            143 25336at314147        -            323    0.0083   11.8   0.0   2   2   0.00022     0.052    9.2   0.0    45    79   103   140    93   142 0.79 -
#
# Program:         hmmsearch
# Version:         3.1b2 (February 2015)
# Pipeline mode:   SEARCH
# Query file:      /home/bgerda/guppy_SUP/busco_downloads/lineages/glires_odb10/hmms/25336at314147.hmm
# Target file:     /home/bgerda/guppy_SUP/busco_results/run_glires_odb10/metaeuk_output/initial_results/ragtag.scaffold.fasta.modified.fas
# Option settings: hmmsearch --domtblout /home/bgerda/guppy_SUP/busco_results/run_glires_odb10/hmmer_output/initial_run_results/25336at314147.out --cpu 1 /home/bgerda/guppy_SUP/busco_downloads/lineages/glires_odb10/hmms/25336at314147.hmm /home/bgerda/guppy_SUP/busco_results/run_glires_odb10/metaeuk_output/initial_results/ragtag.scaffold.fasta.modified.fas 
# Current dir:     /home/bgerda/guppy_SUP
# Date:            Sun May 21 15:02:25 2023
# [ok]
