#                                                                                             --- full sequence --- -------------- this domain -------------   hmm coord   ali coord   env coord
# target name                         accession   tlen query name           accession   qlen   E-value  score  bias   #  of  c-Evalue  i-Evalue  score  bias  from    to  from    to  from    to  acc description of target
#                 ------------------- ---------- ----- -------------------- ---------- ----- --------- ------ ----- --- --- --------- --------- ------ ----- ----- ----- ----- ----- ----- ----- ---- ---------------------
NW_025965022.1_RagTag:228159-227266   -            298 26018at314147        -            343   2.1e-16   56.1   0.2   1   2   6.9e-07   0.00016   17.0   0.0   253   338    12    96     3   102 0.54 -
NW_025965022.1_RagTag:228159-227266   -            298 26018at314147        -            343   2.1e-16   56.1   0.2   2   2   5.1e-13   1.2e-10   37.2   0.1    63   215   116   273   111   290 0.81 -
NW_025965280.1_RagTag:82497-86276     -            268 26018at314147        -            343   2.3e-16   56.0   0.0   1   1   9.9e-18   2.3e-15   52.7   0.0    62   269    55   268    43   268 0.81 -
NW_025965230.1_RagTag:1010459-1010037 -            141 26018at314147        -            343   2.2e-10   36.4   0.0   1   1   1.2e-12   2.9e-10   36.0   0.0   223   340     8   129     4   132 0.79 -
NW_025965103.1_RagTag:1143138-1143689 -            184 26018at314147        -            343   4.6e-08   28.7   0.0   1   1   2.3e-10   5.5e-08   28.4   0.0    65   215     3   159     1   177 0.78 -
NW_025965317.1_RagTag:2490045-2490833 -            263 26018at314147        -            343   2.2e-06   23.2   0.0   1   2    0.0012      0.27    6.4   0.0   165   315     4   143     2   156 0.60 -
NW_025965317.1_RagTag:2490045-2490833 -            263 26018at314147        -            343   2.2e-06   23.2   0.0   2   2   4.6e-06    0.0011   14.3   0.0    48   107   163   226   159   262 0.79 -
NW_025965256.1_RagTag:649684-647213   -            143 26018at314147        -            343   0.00086   14.7   0.0   1   2    0.0032      0.75    5.0   0.0   164   194    55    85    42    91 0.82 -
NW_025965256.1_RagTag:649684-647213   -            143 26018at314147        -            343   0.00086   14.7   0.0   2   2   0.00044       0.1    7.8   0.0   176   208   104   139    95   142 0.82 -
#
# Program:         hmmsearch
# Version:         3.1b2 (February 2015)
# Pipeline mode:   SEARCH
# Query file:      /home/bgerda/guppy_SUP/busco_downloads/lineages/glires_odb10/hmms/26018at314147.hmm
# Target file:     /home/bgerda/guppy_SUP/busco_results/run_glires_odb10/metaeuk_output/initial_results/ragtag.scaffold.fasta.modified.fas
# Option settings: hmmsearch --domtblout /home/bgerda/guppy_SUP/busco_results/run_glires_odb10/hmmer_output/initial_run_results/26018at314147.out --cpu 1 /home/bgerda/guppy_SUP/busco_downloads/lineages/glires_odb10/hmms/26018at314147.hmm /home/bgerda/guppy_SUP/busco_results/run_glires_odb10/metaeuk_output/initial_results/ragtag.scaffold.fasta.modified.fas 
# Current dir:     /home/bgerda/guppy_SUP
# Date:            Sun May 21 15:02:30 2023
# [ok]
