#                                                                                             --- full sequence --- -------------- this domain -------------   hmm coord   ali coord   env coord
# target name                         accession   tlen query name           accession   qlen   E-value  score  bias   #  of  c-Evalue  i-Evalue  score  bias  from    to  from    to  from    to  acc description of target
#                 ------------------- ---------- ----- -------------------- ---------- ----- --------- ------ ----- --- --- --------- --------- ------ ----- ----- ----- ----- ----- ----- ----- ---- ---------------------
NW_025965028.1_RagTag:496664-495023   -            268 26471at314147        -            333   3.7e-13   45.6   0.0   1   1     3e-15   7.2e-13   44.7   0.0    33    89    33    89    12    99 0.94 -
NW_025965324.1_RagTag:3058461-3059202 -            122 26471at314147        -            333     6e-05   18.7   0.1   1   1   2.5e-07     6e-05   18.7   0.1    51    94    50    93    13   116 0.86 -
NW_025965275.1_RagTag:451305-451114   -             64 26471at314147        -            333   9.2e-05   18.0   1.3   1   1   3.9e-07   9.2e-05   18.0   1.3    51    94    21    64     2    64 0.86 -
NW_025965177.1_RagTag:240898-240590   -            103 26471at314147        -            333    0.0001   17.9   0.2   1   1   4.5e-07   0.00011   17.8   0.2    36    87    49   102    15   103 0.72 -
NW_025965324.1_RagTag:3071272-3072113 -            184 26471at314147        -            333   0.00018   17.1   0.9   1   2      0.49   1.1e+02   -2.0   0.3   197   216    31    50    14    66 0.58 -
NW_025965324.1_RagTag:3071272-3072113 -            184 26471at314147        -            333   0.00018   17.1   0.9   2   2   7.7e-07   0.00018   17.1   0.9    35    93    84   144    65   154 0.83 -
NW_025965300.1_RagTag:1789101-1791284 -            728 26471at314147        -            333   0.00023   16.8   7.0   1   5     0.001      0.25    6.8   0.1    44    87   160   203   144   216 0.82 -
NW_025965300.1_RagTag:1789101-1791284 -            728 26471at314147        -            333   0.00023   16.8   7.0   2   5      0.25        59   -1.0   0.5   166   200   301   335   293   351 0.74 -
NW_025965300.1_RagTag:1789101-1791284 -            728 26471at314147        -            333   0.00023   16.8   7.0   3   5      0.05        12    1.2   0.0    55   104   351   401   332   410 0.78 -
NW_025965300.1_RagTag:1789101-1791284 -            728 26471at314147        -            333   0.00023   16.8   7.0   4   5   0.00027     0.064    8.7   0.0    18    90   408   475   397   491 0.80 -
NW_025965300.1_RagTag:1789101-1791284 -            728 26471at314147        -            333   0.00023   16.8   7.0   5   5      0.24        57   -1.0   0.0    56    91   541   576   533   586 0.85 -
#
# Program:         hmmsearch
# Version:         3.1b2 (February 2015)
# Pipeline mode:   SEARCH
# Query file:      /home/bgerda/guppy_SUP/busco_downloads/lineages/glires_odb10/hmms/26471at314147.hmm
# Target file:     /home/bgerda/guppy_SUP/busco_results/run_glires_odb10/metaeuk_output/initial_results/ragtag.scaffold.fasta.modified.fas
# Option settings: hmmsearch --domtblout /home/bgerda/guppy_SUP/busco_results/run_glires_odb10/hmmer_output/initial_run_results/26471at314147.out --cpu 1 /home/bgerda/guppy_SUP/busco_downloads/lineages/glires_odb10/hmms/26471at314147.hmm /home/bgerda/guppy_SUP/busco_results/run_glires_odb10/metaeuk_output/initial_results/ragtag.scaffold.fasta.modified.fas 
# Current dir:     /home/bgerda/guppy_SUP
# Date:            Sun May 21 15:02:24 2023
# [ok]
