#                                                                                             --- full sequence --- -------------- this domain -------------   hmm coord   ali coord   env coord
# target name                         accession   tlen query name           accession   qlen   E-value  score  bias   #  of  c-Evalue  i-Evalue  score  bias  from    to  from    to  from    to  acc description of target
#                 ------------------- ---------- ----- -------------------- ---------- ----- --------- ------ ----- --- --- --------- --------- ------ ----- ----- ----- ----- ----- ----- ----- ---- ---------------------
NW_025965287.1_RagTag:1528602-1528006 -            199 27243at314147        -            283  8.4e-131  431.6   3.5   1   1  4.3e-133    1e-130  431.3   3.5    87   277     5   199     2   199 0.99 -
contig_13085_pilon:902-109            -            219 27243at314147        -            283   4.6e-91  301.2   8.3   1   2   4.4e-56     1e-53  178.7   2.0     9   111    38   145    34   149 0.92 -
contig_13085_pilon:902-109            -            219 27243at314147        -            283   4.6e-91  301.2   8.3   2   2   1.3e-40   3.1e-38  127.9   0.6   160   236   141   219   141   219 0.93 -
NW_025965155.1_RagTag:69793-68825     -            323 27243at314147        -            283   7.7e-10   34.7   1.5   1   2   7.7e-06    0.0018   13.8   0.0   167   245    20    98     8   112 0.67 -
NW_025965155.1_RagTag:69793-68825     -            323 27243at314147        -            283   7.7e-10   34.7   1.5   2   2   3.6e-07   8.5e-05   18.2   1.0    46   165   150   229   105   305 0.55 -
NW_025965310.1_RagTag:498729-512410   -            308 27243at314147        -            283   4.2e-09   32.3   2.9   1   2   5.4e-06    0.0013   14.3   0.1   103   224    98   179    84   203 0.54 -
NW_025965310.1_RagTag:498729-512410   -            308 27243at314147        -            283   4.2e-09   32.3   2.9   2   2   3.8e-07     9e-05   18.1   0.6   123   194   217   296   177   301 0.73 -
NW_025965114.1_RagTag:29739-29566     -             58 27243at314147        -            283   2.3e-05   20.0   0.1   1   1     1e-07   2.5e-05   19.9   0.1   121   163     9    53     4    57 0.73 -
NW_025965321.1_RagTag:3116108-3115410 -            233 27243at314147        -            283   0.00019   17.0   0.2   1   1   3.5e-06   0.00083   14.9   0.2     3   112     6   126     4   141 0.72 -
#
# Program:         hmmsearch
# Version:         3.1b2 (February 2015)
# Pipeline mode:   SEARCH
# Query file:      /home/bgerda/guppy_SUP/busco_downloads/lineages/glires_odb10/hmms/27243at314147.hmm
# Target file:     /home/bgerda/guppy_SUP/busco_results/run_glires_odb10/metaeuk_output/initial_results/ragtag.scaffold.fasta.modified.fas
# Option settings: hmmsearch --domtblout /home/bgerda/guppy_SUP/busco_results/run_glires_odb10/hmmer_output/initial_run_results/27243at314147.out --cpu 1 /home/bgerda/guppy_SUP/busco_downloads/lineages/glires_odb10/hmms/27243at314147.hmm /home/bgerda/guppy_SUP/busco_results/run_glires_odb10/metaeuk_output/initial_results/ragtag.scaffold.fasta.modified.fas 
# Current dir:     /home/bgerda/guppy_SUP
# Date:            Sun May 21 15:02:25 2023
# [ok]
