#                                                                                             --- full sequence --- -------------- this domain -------------   hmm coord   ali coord   env coord
# target name                         accession   tlen query name           accession   qlen   E-value  score  bias   #  of  c-Evalue  i-Evalue  score  bias  from    to  from    to  from    to  acc description of target
#                 ------------------- ---------- ----- -------------------- ---------- ----- --------- ------ ----- --- --- --------- --------- ------ ----- ----- ----- ----- ----- ----- ----- ---- ---------------------
NW_025965344.1_RagTag:44201-38800     -            204 28450at314147        -            267   7.3e-15   51.7   0.0   1   1   7.7e-17   1.1e-14   51.2   0.0    50   182    53   186    32   195 0.73 -
NW_025965188.1_RagTag:479145-479711   -            189 28450at314147        -            267   3.2e-11   39.8   0.0   1   1   3.9e-07   5.5e-05   19.3   0.0   145   190   122   167   113   185 0.82 -
NW_025965288.1_RagTag:116054-117744   -            294 28450at314147        -            267   3.7e-10   36.3   0.0   1   1   3.8e-12   5.4e-10   35.7   0.0   112   191    71   150    49   174 0.92 -
NW_025965163.1_RagTag:39467-30573     -            761 28450at314147        -            267   4.2e-08   29.6   0.0   1   1   4.6e-10   6.5e-08   28.9   0.0    49   154   435   541   415   557 0.84 -
NW_025965288.1_RagTag:106172-105948   -             75 28450at314147        -            267   1.9e-05   20.9   0.0   1   1   1.4e-07   1.9e-05   20.8   0.0   145   210     2    73     1    75 0.72 -
NW_025965276.1_RagTag:401916-402389   -            158 28450at314147        -            267   0.00016   17.8   0.1   1   2      0.49        69   -0.7   0.0   133   157    17    41     4    52 0.52 -
NW_025965276.1_RagTag:401916-402389   -            158 28450at314147        -            267   0.00016   17.8   0.1   2   2   4.2e-06    0.0006   15.9   0.0    33   109    58   132    41   150 0.65 -
NW_025965352.1_RagTag:113601-115367   -            318 28450at314147        -            267   0.00023   17.3   0.0   1   1   2.2e-06   0.00031   16.9   0.0    30    84     3    57     1    73 0.76 -
NW_025965287.1_RagTag:1597561-1602211 -            433 28450at314147        -            267    0.0003   16.9   0.4   1   1   3.3e-06   0.00046   16.3   0.4    95   191   323   421   315   431 0.78 -
NW_025965306.1_RagTag:1072351-1073460 -            370 28450at314147        -            267    0.0022   14.1   0.0   1   1   2.3e-05    0.0032   13.5   0.0    63   124    21    81     2    90 0.82 -
NW_025965318.1_RagTag:163264-173593   -            166 28450at314147        -            267    0.0071   12.4   0.0   1   1   6.7e-05    0.0094   12.0   0.0   142   263   121   149    92   159 0.72 -
#
# Program:         hmmsearch
# Version:         3.1b2 (February 2015)
# Pipeline mode:   SEARCH
# Query file:      /home/bgerda/guppy_SUP/busco_downloads/lineages/glires_odb10/hmms/28450at314147.hmm
# Target file:     /home/bgerda/guppy_SUP/busco_results/run_glires_odb10/metaeuk_output/initial_results/ragtag.scaffold.fasta.modified.fas
# Option settings: hmmsearch --domtblout /home/bgerda/guppy_SUP/busco_results/run_glires_odb10/hmmer_output/initial_run_results/28450at314147.out --cpu 1 /home/bgerda/guppy_SUP/busco_downloads/lineages/glires_odb10/hmms/28450at314147.hmm /home/bgerda/guppy_SUP/busco_results/run_glires_odb10/metaeuk_output/initial_results/ragtag.scaffold.fasta.modified.fas 
# Current dir:     /home/bgerda/guppy_SUP
# Date:            Sun May 21 15:02:23 2023
# [ok]
