#                                                                                             --- full sequence --- -------------- this domain -------------   hmm coord   ali coord   env coord
# target name                         accession   tlen query name           accession   qlen   E-value  score  bias   #  of  c-Evalue  i-Evalue  score  bias  from    to  from    to  from    to  acc description of target
#                 ------------------- ---------- ----- -------------------- ---------- ----- --------- ------ ----- --- --- --------- --------- ------ ----- ----- ----- ----- ----- ----- ----- ---- ---------------------
NW_025965022.1_RagTag:228159-227266   -            298 28605at314147        -            113   1.1e-89  292.8   3.0   1   3   2.2e-80   7.8e-78  254.7   1.3     1   113     7   119     7   119 0.99 -
NW_025965022.1_RagTag:228159-227266   -            298 28605at314147        -            113   1.1e-89  292.8   3.0   2   3     6e-07   0.00021   18.1   0.0     9    90   120   199   119   209 0.81 -
NW_025965022.1_RagTag:228159-227266   -            298 28605at314147        -            113   1.1e-89  292.8   3.0   3   3   3.1e-07   0.00011   19.0   0.0    14    76   222   282   210   297 0.75 -
NW_025965103.1_RagTag:1143138-1143689 -            184 28605at314147        -            113   2.4e-10   37.3   0.0   1   2   9.8e-06    0.0035   14.2   0.0     8    71     4    65     1    90 0.74 -
NW_025965103.1_RagTag:1143138-1143689 -            184 28605at314147        -            113   2.4e-10   37.3   0.0   2   2   5.6e-08     2e-05   21.4   0.0    15    77   109   169    96   183 0.78 -
NW_025965280.1_RagTag:82497-86276     -            268 28605at314147        -            113   2.6e-10   37.1   0.0   1   2   1.1e-06    0.0004   17.2   0.0     7    84    58   131    52   144 0.87 -
NW_025965280.1_RagTag:82497-86276     -            268 28605at314147        -            113   2.6e-10   37.1   0.0   2   2   6.7e-07   0.00024   17.9   0.0     9    86   159   230   149   244 0.82 -
NW_025965317.1_RagTag:2490045-2490833 -            263 28605at314147        -            113   0.00024   17.9   0.0   1   3      0.26        91   -0.1   0.0    58    90    41    73    12    93 0.77 -
NW_025965317.1_RagTag:2490045-2490833 -            263 28605at314147        -            113   0.00024   17.9   0.0   2   3   0.00073      0.26    8.2   0.0     5    51    85   134    81   167 0.65 -
NW_025965317.1_RagTag:2490045-2490833 -            263 28605at314147        -            113   0.00024   17.9   0.0   3   3    0.0036       1.3    5.9   0.0     3    34   180   211   178   254 0.77 -
#
# Program:         hmmsearch
# Version:         3.1b2 (February 2015)
# Pipeline mode:   SEARCH
# Query file:      /home/bgerda/guppy_SUP/busco_downloads/lineages/glires_odb10/hmms/28605at314147.hmm
# Target file:     /home/bgerda/guppy_SUP/busco_results/run_glires_odb10/metaeuk_output/initial_results/ragtag.scaffold.fasta.modified.fas
# Option settings: hmmsearch --domtblout /home/bgerda/guppy_SUP/busco_results/run_glires_odb10/hmmer_output/initial_run_results/28605at314147.out --cpu 1 /home/bgerda/guppy_SUP/busco_downloads/lineages/glires_odb10/hmms/28605at314147.hmm /home/bgerda/guppy_SUP/busco_results/run_glires_odb10/metaeuk_output/initial_results/ragtag.scaffold.fasta.modified.fas 
# Current dir:     /home/bgerda/guppy_SUP
# Date:            Sun May 21 15:02:29 2023
# [ok]
