#                                                                                             --- full sequence --- -------------- this domain -------------   hmm coord   ali coord   env coord
# target name                         accession   tlen query name           accession   qlen   E-value  score  bias   #  of  c-Evalue  i-Evalue  score  bias  from    to  from    to  from    to  acc description of target
#                 ------------------- ---------- ----- -------------------- ---------- ----- --------- ------ ----- --- --- --------- --------- ------ ----- ----- ----- ----- ----- ----- ----- ---- ---------------------
NW_025965319.1_RagTag:190216-191286   -            357 29721at314147        -            305   5.4e-13   45.5  20.8   1   1   3.4e-13     6e-11   38.8  20.8    12   299    37   322    30   327 0.78 -
NW_025965230.1_RagTag:349910-348756   -            385 29721at314147        -            305   2.3e-11   40.1  11.1   1   1   5.9e-11     1e-08   31.4  11.1    12   296    49   328    40   335 0.73 -
NW_025965295.1_RagTag:980802-979558   -            415 29721at314147        -            305   6.4e-06   22.3  29.2   1   1   3.6e-06   0.00063   15.7  29.2    12   294   102   373    94   385 0.72 -
NW_025965278.1_RagTag:272984-272433   -            184 29721at314147        -            305   1.2e-05   21.3   1.3   1   1   8.4e-08   1.5e-05   21.1   1.3   127   292    12   180     2   184 0.69 -
NW_025965108.1_RagTag:146371-147354   -            328 29721at314147        -            305   1.6e-05   21.0   3.5   1   1   4.8e-06   0.00085   15.3   3.5    14   106    48   144    40   327 0.80 -
NW_025965322.1_RagTag:1962882-1961488 -            283 29721at314147        -            305   7.4e-05   18.8   6.2   1   2   6.5e-07   0.00012   18.1   2.3    13   107    54   146    45   161 0.83 -
NW_025965322.1_RagTag:1962882-1961488 -            283 29721at314147        -            305   7.4e-05   18.8   6.2   2   2     0.044       7.8    2.3   0.1   234   293   202   267   180   275 0.67 -
NW_025965266.1_RagTag:245866-244338   -            282 29721at314147        -            305   0.00013   18.0   3.4   1   1   1.3e-06   0.00023   17.1   3.4    12   104    55   146    47   152 0.85 -
NW_025965321.1_RagTag:4466482-4467336 -            285 29721at314147        -            305   0.00021   17.3   5.9   1   2   1.2e-06   0.00021   17.3   5.9    12   105    32   122    24   142 0.84 -
NW_025965321.1_RagTag:4466482-4467336 -            285 29721at314147        -            305   0.00021   17.3   5.9   2   2     0.083        15    1.4   0.5   140   187   192   239   181   278 0.57 -
#
# Program:         hmmsearch
# Version:         3.1b2 (February 2015)
# Pipeline mode:   SEARCH
# Query file:      /home/bgerda/guppy_SUP/busco_downloads/lineages/glires_odb10/hmms/29721at314147.hmm
# Target file:     /home/bgerda/guppy_SUP/busco_results/run_glires_odb10/metaeuk_output/initial_results/ragtag.scaffold.fasta.modified.fas
# Option settings: hmmsearch --domtblout /home/bgerda/guppy_SUP/busco_results/run_glires_odb10/hmmer_output/initial_run_results/29721at314147.out --cpu 1 /home/bgerda/guppy_SUP/busco_downloads/lineages/glires_odb10/hmms/29721at314147.hmm /home/bgerda/guppy_SUP/busco_results/run_glires_odb10/metaeuk_output/initial_results/ragtag.scaffold.fasta.modified.fas 
# Current dir:     /home/bgerda/guppy_SUP
# Date:            Sun May 21 15:02:31 2023
# [ok]
