#                                                                                             --- full sequence --- -------------- this domain -------------   hmm coord   ali coord   env coord
# target name                         accession   tlen query name           accession   qlen   E-value  score  bias   #  of  c-Evalue  i-Evalue  score  bias  from    to  from    to  from    to  acc description of target
#                 ------------------- ---------- ----- -------------------- ---------- ----- --------- ------ ----- --- --- --------- --------- ------ ----- ----- ----- ----- ----- ----- ----- ---- ---------------------
NW_025965309.1_RagTag:3490785-3490423 -            121 31940at314147        -            205   5.2e-05   19.2   2.2   1   1   5.3e-07   6.8e-05   18.8   2.1   158   202    62   112    30   114 0.72 -
contig_83093_pilon:417-680            -             88 31940at314147        -            205   5.9e-05   19.0   0.9   1   1   5.2e-07   6.7e-05   18.8   0.9   155   200    35    82    16    85 0.75 -
NW_025965287.1_RagTag:1430524-1428280 -            589 31940at314147        -            205   9.8e-05   18.3   3.5   1   1   1.5e-06   0.00019   17.4   3.5   152   198   426   472   421   476 0.92 -
contig_5411_pilon:437-201             -             79 31940at314147        -            205   0.00018   17.4   0.6   1   1   1.5e-06   0.00019   17.3   0.6   154   200    28    73     7    76 0.72 -
NW_025965075.1_RagTag:69361-62353     -            353 31940at314147        -            205    0.0036   13.2   0.7   1   2   2.8e-05    0.0036   13.2   0.7   155   200    47    91    37    95 0.87 -
NW_025965075.1_RagTag:69361-62353     -            353 31940at314147        -            205    0.0036   13.2   0.7   2   2      0.99   1.3e+02   -1.7   0.4   161   188   102   129    97   147 0.70 -
NW_025965314.1_RagTag:624247-623562   -            157 31940at314147        -            205    0.0045   12.9   4.3   1   1     5e-05    0.0065   12.4   4.3   158   202    20    64     8    67 0.82 -
contig_4568_pilon:1340-1633           -             98 31940at314147        -            205    0.0045   12.9   6.7   1   1   3.9e-05    0.0051   12.7   6.2   159   198     2    43     1    51 0.87 -
NW_025965314.1_RagTag:669729-667924   -            602 31940at314147        -            205    0.0058   12.5   0.6   1   1   7.5e-05    0.0097   11.8   0.6   155   200   547   591   524   594 0.74 -
NW_025965322.1_RagTag:1301223-1302431 -            403 31940at314147        -            205    0.0092   11.9   2.5   1   1   0.00017     0.022   10.6   2.5   156   193     7    43     2    65 0.81 -
NW_025965118.1_RagTag:431038-433188   -            717 31940at314147        -            205     0.011   11.7   3.6   1   1   0.00013     0.017   11.0   3.6   157   199     2    44     1    50 0.85 -
NW_025965075.1_RagTag:19329-24571     -            378 31940at314147        -            205     0.028   10.3   1.9   1   1   0.00044     0.056    9.3   1.9   157   200   323   368   309   372 0.76 -
#
# Program:         hmmsearch
# Version:         3.1b2 (February 2015)
# Pipeline mode:   SEARCH
# Query file:      /home/bgerda/guppy_SUP/busco_downloads/lineages/glires_odb10/hmms/31940at314147.hmm
# Target file:     /home/bgerda/guppy_SUP/busco_results/run_glires_odb10/metaeuk_output/initial_results/ragtag.scaffold.fasta.modified.fas
# Option settings: hmmsearch --domtblout /home/bgerda/guppy_SUP/busco_results/run_glires_odb10/hmmer_output/initial_run_results/31940at314147.out --cpu 1 /home/bgerda/guppy_SUP/busco_downloads/lineages/glires_odb10/hmms/31940at314147.hmm /home/bgerda/guppy_SUP/busco_results/run_glires_odb10/metaeuk_output/initial_results/ragtag.scaffold.fasta.modified.fas 
# Current dir:     /home/bgerda/guppy_SUP
# Date:            Sun May 21 15:02:31 2023
# [ok]
