#                                                                                             --- full sequence --- -------------- this domain -------------   hmm coord   ali coord   env coord
# target name                         accession   tlen query name           accession   qlen   E-value  score  bias   #  of  c-Evalue  i-Evalue  score  bias  from    to  from    to  from    to  acc description of target
#                 ------------------- ---------- ----- -------------------- ---------- ----- --------- ------ ----- --- --- --------- --------- ------ ----- ----- ----- ----- ----- ----- ----- ---- ---------------------
NW_025965314.1_RagTag:624247-623562   -            157 32054at314147        -            371   7.1e-10   34.8   0.8   1   1   5.2e-12   8.1e-10   34.6   0.8    43   121    16    96     5   124 0.82 -
NW_025965309.1_RagTag:3490785-3490423 -            121 32054at314147        -            371     1e-09   34.3   0.7   1   1   7.2e-12   1.1e-09   34.1   0.7    45    95    60   115    23   118 0.83 -
contig_50121_pilon:804-1229           -            142 32054at314147        -            371   8.9e-08   27.9   1.2   1   1   5.7e-10   8.9e-08   27.9   1.2    48   110     1    62     1    80 0.84 -
NW_025965118.1_RagTag:431038-433188   -            717 32054at314147        -            371   2.3e-07   26.5   0.6   1   1   2.5e-09   3.9e-07   25.8   0.6    47   106     3    62     1    99 0.82 -
NW_025965287.1_RagTag:1430524-1428280 -            589 32054at314147        -            371   7.6e-06   21.5   1.5   1   1   9.2e-08   1.5e-05   20.6   1.5    43    91   428   475   417   493 0.83 -
NW_025965319.1_RagTag:4372733-4372377 -            119 32054at314147        -            371   0.00025   16.5   3.4   1   1   1.6e-06   0.00025   16.5   3.4    45   111     1    66     1   112 0.82 -
contig_83093_pilon:417-680            -             88 32054at314147        -            371    0.0012   14.3   0.5   1   1   7.8e-06    0.0012   14.3   0.5    47    93    38    85    12    88 0.86 -
contig_5411_pilon:437-201             -             79 32054at314147        -            371     0.013   10.9   0.7   1   1   8.6e-05     0.013   10.8   0.7    47    93    29    76    14    79 0.80 -
NW_025965322.1_RagTag:1301223-1302431 -            403 32054at314147        -            371     0.021   10.2   0.1   1   1   0.00022     0.035    9.5   0.1    43    80     5    41     2    93 0.80 -
#
# Program:         hmmsearch
# Version:         3.1b2 (February 2015)
# Pipeline mode:   SEARCH
# Query file:      /home/bgerda/guppy_SUP/busco_downloads/lineages/glires_odb10/hmms/32054at314147.hmm
# Target file:     /home/bgerda/guppy_SUP/busco_results/run_glires_odb10/metaeuk_output/initial_results/ragtag.scaffold.fasta.modified.fas
# Option settings: hmmsearch --domtblout /home/bgerda/guppy_SUP/busco_results/run_glires_odb10/hmmer_output/initial_run_results/32054at314147.out --cpu 1 /home/bgerda/guppy_SUP/busco_downloads/lineages/glires_odb10/hmms/32054at314147.hmm /home/bgerda/guppy_SUP/busco_results/run_glires_odb10/metaeuk_output/initial_results/ragtag.scaffold.fasta.modified.fas 
# Current dir:     /home/bgerda/guppy_SUP
# Date:            Sun May 21 15:02:34 2023
# [ok]
