#                                                                                             --- full sequence --- -------------- this domain -------------   hmm coord   ali coord   env coord
# target name                         accession   tlen query name           accession   qlen   E-value  score  bias   #  of  c-Evalue  i-Evalue  score  bias  from    to  from    to  from    to  acc description of target
#                 ------------------- ---------- ----- -------------------- ---------- ----- --------- ------ ----- --- --- --------- --------- ------ ----- ----- ----- ----- ----- ----- ----- ---- ---------------------
NW_025965307.1_RagTag:1485809-1486255 -            149 32461at314147        -            203   1.1e-35  119.5   1.2   1   2     2e-21   4.6e-19   65.2   0.1    15    91     3    79     1    84 0.93 -
NW_025965307.1_RagTag:1485809-1486255 -            149 32461at314147        -            203   1.1e-35  119.5   1.2   2   2   4.8e-18   1.1e-15   54.2   0.2    23    87    84   148    78   149 0.94 -
NW_025965318.1_RagTag:3881400-3882474 -            128 32461at314147        -            203   2.7e-15   53.0   5.5   1   2   4.7e-12   1.1e-09   34.6   0.3    37    86    10    59     3    72 0.89 -
NW_025965318.1_RagTag:3881400-3882474 -            128 32461at314147        -            203   2.7e-15   53.0   5.5   2   2   6.3e-08   1.5e-05   21.1   0.9    23    79    72   128    66   128 0.95 -
NW_025965315.1_RagTag:2621896-2622569 -            132 32461at314147        -            203   1.1e-08   31.3   0.1   1   2   1.1e-07   2.7e-05   20.3   0.0    24    85     1    64     1    77 0.82 -
NW_025965315.1_RagTag:2621896-2622569 -            132 32461at314147        -            203   1.1e-08   31.3   0.1   2   2    0.0002     0.048    9.7   0.0    25    65    79   119    69   132 0.81 -
NW_025965135.1_RagTag:478480-478860   -            127 32461at314147        -            203   0.00042   16.4   0.1   1   2    0.0037      0.86    5.6   0.0    64    86    68    90    26    97 0.87 -
NW_025965135.1_RagTag:478480-478860   -            127 32461at314147        -            203   0.00042   16.4   0.1   2   2   0.00025     0.058    9.4   0.0    21    45    97   121    90   126 0.86 -
NW_025965296.1_RagTag:255913-255011   -            301 32461at314147        -            203     0.002   14.1   0.9   1   3    0.0029      0.69    5.9   0.0    52    82    61    91    36   132 0.77 -
NW_025965296.1_RagTag:255913-255011   -            301 32461at314147        -            203     0.002   14.1   0.9   2   3    0.0067       1.6    4.7   0.1    58    83   191   216   156   222 0.62 -
NW_025965296.1_RagTag:255913-255011   -            301 32461at314147        -            203     0.002   14.1   0.9   3   3     0.005       1.2    5.1   0.3    27    81   196   255   188   272 0.59 -
NW_025965304.1_RagTag:1234755-1234037 -             84 32461at314147        -            203    0.0098   11.9   0.0   1   1   4.2e-05    0.0099   11.9   0.0    24    65    30    71    14    84 0.79 -
#
# Program:         hmmsearch
# Version:         3.1b2 (February 2015)
# Pipeline mode:   SEARCH
# Query file:      /home/bgerda/guppy_SUP/busco_downloads/lineages/glires_odb10/hmms/32461at314147.hmm
# Target file:     /home/bgerda/guppy_SUP/busco_results/run_glires_odb10/metaeuk_output/initial_results/ragtag.scaffold.fasta.modified.fas
# Option settings: hmmsearch --domtblout /home/bgerda/guppy_SUP/busco_results/run_glires_odb10/hmmer_output/initial_run_results/32461at314147.out --cpu 1 /home/bgerda/guppy_SUP/busco_downloads/lineages/glires_odb10/hmms/32461at314147.hmm /home/bgerda/guppy_SUP/busco_results/run_glires_odb10/metaeuk_output/initial_results/ragtag.scaffold.fasta.modified.fas 
# Current dir:     /home/bgerda/guppy_SUP
# Date:            Sun May 21 15:02:33 2023
# [ok]
