#                                                                                             --- full sequence --- -------------- this domain -------------   hmm coord   ali coord   env coord
# target name                         accession   tlen query name           accession   qlen   E-value  score  bias   #  of  c-Evalue  i-Evalue  score  bias  from    to  from    to  from    to  acc description of target
#                 ------------------- ---------- ----- -------------------- ---------- ----- --------- ------ ----- --- --- --------- --------- ------ ----- ----- ----- ----- ----- ----- ----- ---- ---------------------
NW_025965272.1_RagTag:161579-162205   -            209 33199at314147        -            215     1e-16   57.9  43.2   1   3       3.2   6.5e+02   -3.5   3.9    31    40    46    55    31    56 0.51 -
NW_025965272.1_RagTag:161579-162205   -            209 33199at314147        -            215     1e-16   57.9  43.2   2   3     0.002       0.4    6.9  36.6     8    59    56   123    41   131 0.61 -
NW_025965272.1_RagTag:161579-162205   -            209 33199at314147        -            215     1e-16   57.9  43.2   3   3   1.5e-16     3e-14   49.9   0.6    51    93   165   209   126   209 0.64 -
NW_025965309.1_RagTag:3399239-3398628 -            204 33199at314147        -            215   5.5e-07   26.1   0.3   1   1   3.7e-09   7.5e-07   25.7   0.3   147   208    66   127    49   132 0.94 -
NW_025965159.1_RagTag:437244-436957   -             96 33199at314147        -            215   2.3e-06   24.1   0.0   1   1   1.4e-08   2.9e-06   23.8   0.0   152   208     1    57     1    63 0.89 -
NW_025965218.1_RagTag:1408440-1405062 -            206 33199at314147        -            215     2e-05   21.0   0.4   1   1   1.5e-07     3e-05   20.5   0.4   152   209    73   130    64   135 0.91 -
NW_025965177.1_RagTag:240898-240590   -            103 33199at314147        -            215   0.00023   17.6   0.6   1   1   1.3e-06   0.00027   17.3   0.6   150   205    48   103    35   103 0.94 -
NW_025965324.1_RagTag:3071272-3072113 -            184 33199at314147        -            215    0.0021   14.4   0.6   1   1   1.4e-05    0.0027   14.0   0.6   155   208    89   142    64   147 0.82 -
NW_025965275.1_RagTag:451305-451114   -             64 33199at314147        -            215    0.0067   12.8   0.4   1   1   3.4e-05    0.0069   12.7   0.4   148   208     1    61     1    64 0.91 -
#
# Program:         hmmsearch
# Version:         3.1b2 (February 2015)
# Pipeline mode:   SEARCH
# Query file:      /home/bgerda/guppy_SUP/busco_downloads/lineages/glires_odb10/hmms/33199at314147.hmm
# Target file:     /home/bgerda/guppy_SUP/busco_results/run_glires_odb10/metaeuk_output/initial_results/ragtag.scaffold.fasta.modified.fas
# Option settings: hmmsearch --domtblout /home/bgerda/guppy_SUP/busco_results/run_glires_odb10/hmmer_output/initial_run_results/33199at314147.out --cpu 1 /home/bgerda/guppy_SUP/busco_downloads/lineages/glires_odb10/hmms/33199at314147.hmm /home/bgerda/guppy_SUP/busco_results/run_glires_odb10/metaeuk_output/initial_results/ragtag.scaffold.fasta.modified.fas 
# Current dir:     /home/bgerda/guppy_SUP
# Date:            Sun May 21 15:02:33 2023
# [ok]
