#                                                                                             --- full sequence --- -------------- this domain -------------   hmm coord   ali coord   env coord
# target name                         accession   tlen query name           accession   qlen   E-value  score  bias   #  of  c-Evalue  i-Evalue  score  bias  from    to  from    to  from    to  acc description of target
#                 ------------------- ---------- ----- -------------------- ---------- ----- --------- ------ ----- --- --- --------- --------- ------ ----- ----- ----- ----- ----- ----- ----- ---- ---------------------
NW_025965284.1_RagTag:361032-362971   -            167 33944at314147        -            280   2.8e-12   43.5   0.3   1   1   2.1e-14   4.2e-12   42.9   0.3   119   170   110   161    96   166 0.94 -
NW_025965309.1_RagTag:3399239-3398628 -            204 33944at314147        -            280     6e-11   39.1   1.3   1   2     3e-13     6e-11   39.1   1.3   123   209    69   153    59   166 0.84 -
NW_025965309.1_RagTag:3399239-3398628 -            204 33944at314147        -            280     6e-11   39.1   1.3   2   2       1.1   2.3e+02   -2.2   0.3   196   216   166   186   148   203 0.46 -
NW_025965177.1_RagTag:240898-240590   -            103 33944at314147        -            280   9.9e-11   38.4   0.4   1   1   4.9e-13   9.9e-11   38.4   0.4   118   170    43    95    17   103 0.91 -
NW_025965324.1_RagTag:3058461-3059202 -            122 33944at314147        -            280   3.4e-07   26.8   0.2   1   1   1.8e-09   3.7e-07   26.7   0.2   125   185    34    98    10   112 0.84 -
NW_025965324.1_RagTag:3071272-3072113 -            184 33944at314147        -            280   9.9e-07   25.3   0.3   1   2       1.6   3.2e+02   -2.6   2.2   185   207    26    51    22    63 0.53 -
NW_025965324.1_RagTag:3071272-3072113 -            184 33944at314147        -            280   9.9e-07   25.3   0.3   2   2   4.9e-09   9.9e-07   25.3   0.3   127   188    88   153    65   179 0.85 -
NW_025965275.1_RagTag:451305-451114   -             64 33944at314147        -            280   4.1e-06   23.3   1.1   1   1   2.2e-08   4.4e-06   23.1   1.1   125   177     5    61     2    64 0.85 -
NW_025965266.1_RagTag:217834-219103   -            166 33944at314147        -            280   0.00019   17.8   0.0   1   1   1.1e-06   0.00022   17.5   0.0   105   164   105   165    66   166 0.83 -
#
# Program:         hmmsearch
# Version:         3.1b2 (February 2015)
# Pipeline mode:   SEARCH
# Query file:      /home/bgerda/guppy_SUP/busco_downloads/lineages/glires_odb10/hmms/33944at314147.hmm
# Target file:     /home/bgerda/guppy_SUP/busco_results/run_glires_odb10/metaeuk_output/initial_results/ragtag.scaffold.fasta.modified.fas
# Option settings: hmmsearch --domtblout /home/bgerda/guppy_SUP/busco_results/run_glires_odb10/hmmer_output/initial_run_results/33944at314147.out --cpu 1 /home/bgerda/guppy_SUP/busco_downloads/lineages/glires_odb10/hmms/33944at314147.hmm /home/bgerda/guppy_SUP/busco_results/run_glires_odb10/metaeuk_output/initial_results/ragtag.scaffold.fasta.modified.fas 
# Current dir:     /home/bgerda/guppy_SUP
# Date:            Sun May 21 15:02:29 2023
# [ok]
