#                                                                                             --- full sequence --- -------------- this domain -------------   hmm coord   ali coord   env coord
# target name                         accession   tlen query name           accession   qlen   E-value  score  bias   #  of  c-Evalue  i-Evalue  score  bias  from    to  from    to  from    to  acc description of target
#                 ------------------- ---------- ----- -------------------- ---------- ----- --------- ------ ----- --- --- --------- --------- ------ ----- ----- ----- ----- ----- ----- ----- ---- ---------------------
NW_025965256.1_RagTag:1009673-1010269 -            199 35612at314147        -            201   2.6e-24   82.6   0.0   1   1   3.5e-26     5e-24   81.7   0.0     4   175     7   167     4   173 0.90 -
NW_025965315.1_RagTag:3506954-3507928 -            104 35612at314147        -            201   2.4e-12   43.6   0.0   1   1   1.8e-14   2.6e-12   43.5   0.0    86   165    15    92     4   103 0.91 -
NW_025965240.1_RagTag:128133-126765   -            157 35612at314147        -            201   9.9e-11   38.3   0.0   1   1   9.5e-13   1.3e-10   37.9   0.0    74   178     4   103     2   116 0.85 -
NW_025965233.1_RagTag:142579-144216   -            168 35612at314147        -            201   3.2e-09   33.4   0.0   1   1   2.8e-11   3.9e-09   33.1   0.0    84   164    35   112    21   131 0.90 -
NW_025965319.1_RagTag:367206-366811   -            132 35612at314147        -            201   2.8e-08   30.3   0.0   1   1   7.3e-10     1e-07   28.5   0.0     4   112    31   130    28   132 0.87 -
NW_025965218.1_RagTag:905689-892082   -            159 35612at314147        -            201   2.8e-07   27.1   0.0   1   1   4.2e-09   5.9e-07   26.0   0.0     5   146    24   154    21   157 0.86 -
NW_025965016.1_RagTag:328147-328811   -            169 35612at314147        -            201     3e-05   20.4   0.0   1   1   8.4e-06    0.0012   15.2   0.0     6   174     2   156     1   165 0.67 -
NW_025965318.1_RagTag:2314880-2316285 -            155 35612at314147        -            201   9.4e-05   18.8   0.0   1   1     8e-07   0.00011   18.6   0.0    84   151    47   116    24   135 0.78 -
NW_025965350.1_RagTag:49664-49999     -            112 35612at314147        -            201   0.00018   17.9   0.0   1   1   1.4e-06    0.0002   17.7   0.0     4    61     8    66     5    82 0.86 -
NW_025965250.1_RagTag:73368-72787     -            194 35612at314147        -            201    0.0031   13.9   0.0   1   2     0.013       1.8    4.8   0.0     4    36    22    53    19    79 0.87 -
NW_025965250.1_RagTag:73368-72787     -            194 35612at314147        -            201    0.0031   13.9   0.0   2   2    0.0022      0.31    7.3   0.0    87   134    97   142    81   152 0.83 -
#
# Program:         hmmsearch
# Version:         3.1b2 (February 2015)
# Pipeline mode:   SEARCH
# Query file:      /home/bgerda/guppy_SUP/busco_downloads/lineages/glires_odb10/hmms/35612at314147.hmm
# Target file:     /home/bgerda/guppy_SUP/busco_results/run_glires_odb10/metaeuk_output/initial_results/ragtag.scaffold.fasta.modified.fas
# Option settings: hmmsearch --domtblout /home/bgerda/guppy_SUP/busco_results/run_glires_odb10/hmmer_output/initial_run_results/35612at314147.out --cpu 1 /home/bgerda/guppy_SUP/busco_downloads/lineages/glires_odb10/hmms/35612at314147.hmm /home/bgerda/guppy_SUP/busco_results/run_glires_odb10/metaeuk_output/initial_results/ragtag.scaffold.fasta.modified.fas 
# Current dir:     /home/bgerda/guppy_SUP
# Date:            Sun May 21 15:02:31 2023
# [ok]
