#                                                                                             --- full sequence --- -------------- this domain -------------   hmm coord   ali coord   env coord
# target name                         accession   tlen query name           accession   qlen   E-value  score  bias   #  of  c-Evalue  i-Evalue  score  bias  from    to  from    to  from    to  acc description of target
#                 ------------------- ---------- ----- -------------------- ---------- ----- --------- ------ ----- --- --- --------- --------- ------ ----- ----- ----- ----- ----- ----- ----- ---- ---------------------
NW_025965343.1_RagTag:72708-71872     -            213 36544at314147        -            246   1.2e-23   80.5  22.8   1   2   1.4e-21   4.1e-19   65.7  11.1     9   132     1   109     1   117 0.88 -
NW_025965343.1_RagTag:72708-71872     -            213 36544at314147        -            246   1.2e-23   80.5  22.8   2   2   4.7e-06    0.0013   14.9   4.0   160   222   119   184   110   212 0.76 -
NW_025965078.1_RagTag:715143-714448   -            232 36544at314147        -            246   1.4e-18   63.9  21.0   1   1   1.1e-20     3e-18   62.8  21.0     8   171    38   230    31   232 0.69 -
contig_67641_pilon:774-58             -            239 36544at314147        -            246   9.6e-08   28.4  10.7   1   2   3.4e-10   9.6e-08   28.4  10.7     7    97     2    94     1   141 0.77 -
contig_67641_pilon:774-58             -            239 36544at314147        -            246   9.6e-08   28.4  10.7   2   2     0.066        19    1.3   0.2   183   207   172   196   168   231 0.89 -
contig_25261_pilon:2046-1063          -            328 36544at314147        -            246   7.9e-06   22.2   7.7   1   2   2.8e-08   7.9e-06   22.2   7.7     5    69    22    89    18   164 0.76 -
contig_25261_pilon:2046-1063          -            328 36544at314147        -            246   7.9e-06   22.2   7.7   2   2      0.14        40    0.2   2.1   194   222   278   306   176   328 0.54 -
NW_025965322.1_RagTag:1962882-1961488 -            283 36544at314147        -            246   0.00024   17.3   2.7   1   2     2e-05    0.0058   12.8   1.1    16    55    55    95    40   116 0.83 -
NW_025965322.1_RagTag:1962882-1961488 -            283 36544at314147        -            246   0.00024   17.3   2.7   2   2     0.012       3.4    3.7   0.0   190   223   233   262   222   280 0.75 -
#
# Program:         hmmsearch
# Version:         3.1b2 (February 2015)
# Pipeline mode:   SEARCH
# Query file:      /home/bgerda/guppy_SUP/busco_downloads/lineages/glires_odb10/hmms/36544at314147.hmm
# Target file:     /home/bgerda/guppy_SUP/busco_results/run_glires_odb10/metaeuk_output/initial_results/ragtag.scaffold.fasta.modified.fas
# Option settings: hmmsearch --domtblout /home/bgerda/guppy_SUP/busco_results/run_glires_odb10/hmmer_output/initial_run_results/36544at314147.out --cpu 1 /home/bgerda/guppy_SUP/busco_downloads/lineages/glires_odb10/hmms/36544at314147.hmm /home/bgerda/guppy_SUP/busco_results/run_glires_odb10/metaeuk_output/initial_results/ragtag.scaffold.fasta.modified.fas 
# Current dir:     /home/bgerda/guppy_SUP
# Date:            Sun May 21 15:02:32 2023
# [ok]
