#                                                                                             --- full sequence --- -------------- this domain -------------   hmm coord   ali coord   env coord
# target name                         accession   tlen query name           accession   qlen   E-value  score  bias   #  of  c-Evalue  i-Evalue  score  bias  from    to  from    to  from    to  acc description of target
#                 ------------------- ---------- ----- -------------------- ---------- ----- --------- ------ ----- --- --- --------- --------- ------ ----- ----- ----- ----- ----- ----- ----- ---- ---------------------
NW_025965140.1_RagTag:642469-641756   -            238 36678at314147        -            232   7.2e-07   25.4   1.1   1   2   3.3e-09   9.3e-07   25.1   0.0    21    96    11    89     7    98 0.85 -
NW_025965140.1_RagTag:642469-641756   -            238 36678at314147        -            232   7.2e-07   25.4   1.1   2   2       1.2   3.3e+02   -2.9   1.4   125   144   151   173   108   207 0.61 -
NW_025965314.1_RagTag:1505837-1506983 -            345 36678at314147        -            232   9.5e-05   18.5   1.1   1   3   0.00024     0.068    9.2   0.1    17    82   103   173    97   188 0.82 -
NW_025965314.1_RagTag:1505837-1506983 -            345 36678at314147        -            232   9.5e-05   18.5   1.1   2   3      0.17        48   -0.1   0.0    23    68   202   253   190   261 0.64 -
NW_025965314.1_RagTag:1505837-1506983 -            345 36678at314147        -            232   9.5e-05   18.5   1.1   3   3    0.0016      0.46    6.4   0.0    23    89   267   338   246   342 0.77 -
NW_025965172.1_RagTag:1495386-1494919 -            156 36678at314147        -            232   0.00036   16.6   0.0   1   1   1.9e-06   0.00053   16.1   0.0    21    94     6    86     2   107 0.80 -
contig_74271_pilon:107-1205           -            357 36678at314147        -            232   0.00037   16.6   0.0   1   2     0.031       8.6    2.3   0.0    37    77    20    64     1    86 0.67 -
contig_74271_pilon:107-1205           -            357 36678at314147        -            232   0.00037   16.6   0.0   2   2   3.1e-05    0.0088   12.1   0.0    20    92   178   253   172   267 0.87 -
NW_025965175.1_RagTag:939250-940536   -            429 36678at314147        -            232   0.00045   16.3   0.0   1   1   2.5e-06   0.00071   15.6   0.0    23   109    18   112     5   120 0.74 -
#
# Program:         hmmsearch
# Version:         3.1b2 (February 2015)
# Pipeline mode:   SEARCH
# Query file:      /home/bgerda/guppy_SUP/busco_downloads/lineages/glires_odb10/hmms/36678at314147.hmm
# Target file:     /home/bgerda/guppy_SUP/busco_results/run_glires_odb10/metaeuk_output/initial_results/ragtag.scaffold.fasta.modified.fas
# Option settings: hmmsearch --domtblout /home/bgerda/guppy_SUP/busco_results/run_glires_odb10/hmmer_output/initial_run_results/36678at314147.out --cpu 1 /home/bgerda/guppy_SUP/busco_downloads/lineages/glires_odb10/hmms/36678at314147.hmm /home/bgerda/guppy_SUP/busco_results/run_glires_odb10/metaeuk_output/initial_results/ragtag.scaffold.fasta.modified.fas 
# Current dir:     /home/bgerda/guppy_SUP
# Date:            Sun May 21 15:02:31 2023
# [ok]
