#                                                                                             --- full sequence --- -------------- this domain -------------   hmm coord   ali coord   env coord
# target name                         accession   tlen query name           accession   qlen   E-value  score  bias   #  of  c-Evalue  i-Evalue  score  bias  from    to  from    to  from    to  acc description of target
#                 ------------------- ---------- ----- -------------------- ---------- ----- --------- ------ ----- --- --- --------- --------- ------ ----- ----- ----- ----- ----- ----- ----- ---- ---------------------
NW_025965250.1_RagTag:73368-72787     -            194 37491at314147        -            197  2.1e-129  425.2   0.2   1   1  1.6e-131  2.5e-129  424.9   0.2     1   197     3   194     3   194 0.98 -
NW_025965218.1_RagTag:905689-892082   -            159 37491at314147        -            197   9.1e-13   44.5   0.1   1   1   6.8e-15   1.1e-12   44.3   0.1    17   138    23   143     9   156 0.86 -
NW_025965016.1_RagTag:328147-328811   -            169 37491at314147        -            197     3e-09   33.0   0.0   1   1   2.1e-11   3.4e-09   32.9   0.0    18   140     1   120     1   165 0.80 -
NW_025965233.1_RagTag:142579-144216   -            168 37491at314147        -            197   0.00014   17.8   0.0   1   1   1.2e-06   0.00019   17.4   0.0    58   145     5    91     2   107 0.89 -
NW_025965318.1_RagTag:2314880-2316285 -            155 37491at314147        -            197   0.00042   16.2   0.2   1   1   3.2e-06   0.00051   15.9   0.2    67   139    25    97    13   121 0.85 -
NW_025965066.1_RagTag:302419-304244   -            147 37491at314147        -            197    0.0005   16.0   0.0   1   1   4.1e-06   0.00065   15.6   0.0    68   119    14    65     6    84 0.85 -
NW_025965350.1_RagTag:49664-49999     -            112 37491at314147        -            197   0.00087   15.2   0.0   1   1   7.1e-06    0.0011   14.8   0.0    17    80     8    72     4    81 0.90 -
contig_28026_pilon:2038-2154          -             39 37491at314147        -            197    0.0014   14.5   0.0   1   1   8.9e-06    0.0014   14.5   0.0    69    97     3    31     1    36 0.86 -
NW_025965152.1_RagTag:101615-101481   -             45 37491at314147        -            197    0.0077   12.1   0.0   1   1   4.9e-05    0.0077   12.1   0.0    72   112     1    41     1    45 0.86 -
#
# Program:         hmmsearch
# Version:         3.1b2 (February 2015)
# Pipeline mode:   SEARCH
# Query file:      /home/bgerda/guppy_SUP/busco_downloads/lineages/glires_odb10/hmms/37491at314147.hmm
# Target file:     /home/bgerda/guppy_SUP/busco_results/run_glires_odb10/metaeuk_output/initial_results/ragtag.scaffold.fasta.modified.fas
# Option settings: hmmsearch --domtblout /home/bgerda/guppy_SUP/busco_results/run_glires_odb10/hmmer_output/initial_run_results/37491at314147.out --cpu 1 /home/bgerda/guppy_SUP/busco_downloads/lineages/glires_odb10/hmms/37491at314147.hmm /home/bgerda/guppy_SUP/busco_results/run_glires_odb10/metaeuk_output/initial_results/ragtag.scaffold.fasta.modified.fas 
# Current dir:     /home/bgerda/guppy_SUP
# Date:            Sun May 21 15:02:31 2023
# [ok]
