#                                                                                             --- full sequence --- -------------- this domain -------------   hmm coord   ali coord   env coord
# target name                         accession   tlen query name           accession   qlen   E-value  score  bias   #  of  c-Evalue  i-Evalue  score  bias  from    to  from    to  from    to  acc description of target
#                 ------------------- ---------- ----- -------------------- ---------- ----- --------- ------ ----- --- --- --------- --------- ------ ----- ----- ----- ----- ----- ----- ----- ---- ---------------------
NW_025965188.1_RagTag:479145-479711   -            189 4748at314147         -            822   9.3e-11   36.9   0.2   1   2   4.9e-05    0.0087   10.5   0.0   434   478    42    88    33   114 0.52 -
NW_025965188.1_RagTag:479145-479711   -            189 4748at314147         -            822   9.3e-11   36.9   0.2   2   2   2.9e-09   5.1e-07   24.5   0.2   624   675   131   182   112   187 0.88 -
NW_025965163.1_RagTag:39467-30573     -            761 4748at314147         -            822   5.8e-09   31.0   0.7   1   1   4.9e-11   8.6e-09   30.4   0.7   407   537   406   549   394   567 0.82 -
NW_025965344.1_RagTag:44201-38800     -            204 4748at314147         -            822   1.4e-06   23.1   0.0   1   1   9.7e-09   1.7e-06   22.8   0.0   557   674    60   175    27   190 0.80 -
NW_025965287.1_RagTag:1597561-1602211 -            433 4748at314147         -            822   1.8e-06   22.7   1.0   1   1   1.4e-08   2.5e-06   22.3   1.0   595   686   321   414   308   426 0.86 -
NW_025965276.1_RagTag:401916-402389   -            158 4748at314147         -            822   6.5e-05   17.6   0.1   1   1   4.3e-07   7.5e-05   17.4   0.1   467   548    40   129    11   141 0.80 -
NW_025965352.1_RagTag:113601-115367   -            318 4748at314147         -            822   0.00063   14.3   0.0   1   1   4.6e-06   0.00081   13.9   0.0   599   650     4    54     1    67 0.56 -
NW_025965288.1_RagTag:116054-117744   -            294 4748at314147         -            822    0.0035   11.9   0.1   1   1   3.7e-05    0.0066   10.9   0.1   480   543    87   159    33   174 0.56 -
NW_025965288.1_RagTag:106172-105948   -             75 4748at314147         -            822    0.0058   11.1   0.0   1   1   3.3e-05    0.0058   11.1   0.0   597   642    21    65     2    75 0.73 -
#
# Program:         hmmsearch
# Version:         3.1b2 (February 2015)
# Pipeline mode:   SEARCH
# Query file:      /home/bgerda/guppy_SUP/busco_downloads/lineages/glires_odb10/hmms/4748at314147.hmm
# Target file:     /home/bgerda/guppy_SUP/busco_results/run_glires_odb10/metaeuk_output/initial_results/ragtag.scaffold.fasta.modified.fas
# Option settings: hmmsearch --domtblout /home/bgerda/guppy_SUP/busco_results/run_glires_odb10/hmmer_output/initial_run_results/4748at314147.out --cpu 1 /home/bgerda/guppy_SUP/busco_downloads/lineages/glires_odb10/hmms/4748at314147.hmm /home/bgerda/guppy_SUP/busco_results/run_glires_odb10/metaeuk_output/initial_results/ragtag.scaffold.fasta.modified.fas 
# Current dir:     /home/bgerda/guppy_SUP
# Date:            Sun May 21 15:02:43 2023
# [ok]
