#                                                                                             --- full sequence --- -------------- this domain -------------   hmm coord   ali coord   env coord
# target name                         accession   tlen query name           accession   qlen   E-value  score  bias   #  of  c-Evalue  i-Evalue  score  bias  from    to  from    to  from    to  acc description of target
#                 ------------------- ---------- ----- -------------------- ---------- ----- --------- ------ ----- --- --- --------- --------- ------ ----- ----- ----- ----- ----- ----- ----- ---- ---------------------
NW_025965227.1_RagTag:2022871-2024364 -            498 5368at314147         -            908  6.9e-292  967.1  56.4   1   1  4.4e-294  7.8e-292  967.0  56.4   419   887     2   498     1   498 0.97 -
contig_6394_pilon:1047-2027           -            297 5368at314147         -            908   0.00029   15.4   0.1   1   1   2.3e-06    0.0004   14.9   0.1   841   879   229   267   226   281 0.90 -
NW_025965297.1_RagTag:1793755-1794789 -            342 5368at314147         -            908   0.00039   14.9   1.2   1   2   2.7e-06   0.00048   14.6   0.1   842   879   253   290   250   300 0.87 -
NW_025965297.1_RagTag:1793755-1794789 -            342 5368at314147         -            908   0.00039   14.9   1.2   2   2      0.23        41   -1.7   0.2   850   878   295   327   291   332 0.69 -
contig_35593_pilon:1257-298           -            320 5368at314147         -            908   0.00045   14.7   0.2   1   1   4.3e-06   0.00076   14.0   0.1   841   879   230   268   228   286 0.87 -
contig_75386_pilon:63-949             -            291 5368at314147         -            908   0.00051   14.5   1.7   1   2   6.4e-06    0.0011   13.4   0.0   841   879   203   241   201   247 0.88 -
contig_75386_pilon:63-949             -            291 5368at314147         -            908   0.00051   14.5   1.7   2   2     0.055       9.8    0.4   0.4   850   878   248   276   242   283 0.79 -
contig_58018_pilon:272-1310           -            287 5368at314147         -            908   0.00071   14.1   0.1   1   1   5.5e-06   0.00098   13.6   0.1   841   879   212   250   210   263 0.88 -
contig_28043_pilon:1337-298           -            293 5368at314147         -            908    0.0034   11.8   0.1   1   1   2.9e-05    0.0051   11.2   0.1   841   878   217   254   215   261 0.87 -
NW_025965286.1_RagTag:1198367-1197477 -            294 5368at314147         -            908     0.011   10.1   0.0   1   1   8.1e-05     0.014    9.8   0.0   842   876   260   294   257   294 0.89 -
#
# Program:         hmmsearch
# Version:         3.1b2 (February 2015)
# Pipeline mode:   SEARCH
# Query file:      /home/bgerda/guppy_SUP/busco_downloads/lineages/glires_odb10/hmms/5368at314147.hmm
# Target file:     /home/bgerda/guppy_SUP/busco_results/run_glires_odb10/metaeuk_output/initial_results/ragtag.scaffold.fasta.modified.fas
# Option settings: hmmsearch --domtblout /home/bgerda/guppy_SUP/busco_results/run_glires_odb10/hmmer_output/initial_run_results/5368at314147.out --cpu 1 /home/bgerda/guppy_SUP/busco_downloads/lineages/glires_odb10/hmms/5368at314147.hmm /home/bgerda/guppy_SUP/busco_results/run_glires_odb10/metaeuk_output/initial_results/ragtag.scaffold.fasta.modified.fas 
# Current dir:     /home/bgerda/guppy_SUP
# Date:            Sun May 21 15:02:35 2023
# [ok]
