#                                                                                             --- full sequence --- -------------- this domain -------------   hmm coord   ali coord   env coord
# target name                         accession   tlen query name           accession   qlen   E-value  score  bias   #  of  c-Evalue  i-Evalue  score  bias  from    to  from    to  from    to  acc description of target
#                 ------------------- ---------- ----- -------------------- ---------- ----- --------- ------ ----- --- --- --------- --------- ------ ----- ----- ----- ----- ----- ----- ----- ---- ---------------------
NW_025965287.1_RagTag:1528602-1528006 -            199 5478at314147         -            890   3.2e-09   31.8   1.6   1   3   3.7e-09   8.7e-07   23.7   0.1   434   517     1    83     1    94 0.90 -
NW_025965287.1_RagTag:1528602-1528006 -            199 5478at314147         -            890   3.2e-09   31.8   1.6   2   3   2.8e-06   0.00067   14.2   0.1   431   517    40   126    38   135 0.90 -
NW_025965287.1_RagTag:1528602-1528006 -            199 5478at314147         -            890   3.2e-09   31.8   1.6   3   3     0.037       8.6    0.6   0.0   645   682   139   176   132   193 0.71 -
contig_13085_pilon:902-109            -            219 5478at314147         -            890   5.2e-07   24.5   0.5   1   2   1.7e-08   4.1e-06   21.5   0.4   441   521    41   120    25   125 0.81 -
contig_13085_pilon:902-109            -            219 5478at314147         -            890   5.2e-07   24.5   0.5   2   2     0.031       7.2    0.8   0.0   478   509   149   180   140   192 0.83 -
NW_025965155.1_RagTag:69793-68825     -            323 5478at314147         -            890   0.00044   14.8   0.0   1   1   2.9e-06   0.00069   14.1   0.0   651   724   162   233   147   269 0.83 -
NW_025965310.1_RagTag:498729-512410   -            308 5478at314147         -            890   0.00066   14.2   0.1   1   1   6.1e-06    0.0014   13.1   0.0   494   607   136   259   114   266 0.79 -
NW_025965114.1_RagTag:29739-29566     -             58 5478at314147         -            890    0.0032   11.9   0.0   1   1   1.4e-05    0.0032   11.9   0.0   477   508    13    43     6    57 0.80 -
NW_025965321.1_RagTag:3116108-3115410 -            233 5478at314147         -            890     0.022    9.2   0.1   1   2   0.00097      0.23    5.8   0.0   686   755    14    81     5    93 0.67 -
NW_025965321.1_RagTag:3116108-3115410 -            233 5478at314147         -            890     0.022    9.2   0.1   2   2    0.0073       1.7    2.9   0.1   654   710    72   127    69   132 0.73 -
#
# Program:         hmmsearch
# Version:         3.1b2 (February 2015)
# Pipeline mode:   SEARCH
# Query file:      /home/bgerda/guppy_SUP/busco_downloads/lineages/glires_odb10/hmms/5478at314147.hmm
# Target file:     /home/bgerda/guppy_SUP/busco_results/run_glires_odb10/metaeuk_output/initial_results/ragtag.scaffold.fasta.modified.fas
# Option settings: hmmsearch --domtblout /home/bgerda/guppy_SUP/busco_results/run_glires_odb10/hmmer_output/initial_run_results/5478at314147.out --cpu 1 /home/bgerda/guppy_SUP/busco_downloads/lineages/glires_odb10/hmms/5478at314147.hmm /home/bgerda/guppy_SUP/busco_results/run_glires_odb10/metaeuk_output/initial_results/ragtag.scaffold.fasta.modified.fas 
# Current dir:     /home/bgerda/guppy_SUP
# Date:            Sun May 21 15:02:41 2023
# [ok]
