#                                                                                             --- full sequence --- -------------- this domain -------------   hmm coord   ali coord   env coord
# target name                         accession   tlen query name           accession   qlen   E-value  score  bias   #  of  c-Evalue  i-Evalue  score  bias  from    to  from    to  from    to  acc description of target
#                 ------------------- ---------- ----- -------------------- ---------- ----- --------- ------ ----- --- --- --------- --------- ------ ----- ----- ----- ----- ----- ----- ----- ---- ---------------------
NW_025965320.1_RagTag:594416-589492   -            223 5523at314147         -            655   8.7e-10   34.1   0.5   1   1     5e-12   1.2e-09   33.7   0.5    32    77   123   167   112   173 0.84 -
NW_025965548.1_RagTag:8826-1842       -            515 5523at314147         -            655   1.9e-09   33.0   0.0   1   2   0.00019     0.044    8.7   0.0   241   264    22    45    13    53 0.88 -
NW_025965548.1_RagTag:8826-1842       -            515 5523at314147         -            655   1.9e-09   33.0   0.0   2   2   1.4e-08   3.4e-06   22.3   0.0   189   305    65   199    55   209 0.78 -
NW_025965324.1_RagTag:3286112-3285156 -            319 5523at314147         -            655   2.9e-08   29.1   0.0   1   2   4.8e-06    0.0011   13.9   0.0   239   310     6    76     3    92 0.86 -
NW_025965324.1_RagTag:3286112-3285156 -            319 5523at314147         -            655   2.9e-08   29.1   0.0   2   2   7.6e-06    0.0018   13.3   0.0   231   305   235   310   225   319 0.81 -
NW_025965309.1_RagTag:3535833-3533111 -            326 5523at314147         -            655   0.00076   14.5   0.0   1   2   0.00016     0.038    8.9   0.0   283   310    14    41     5    56 0.84 -
NW_025965309.1_RagTag:3535833-3533111 -            326 5523at314147         -            655   0.00076   14.5   0.0   2   2    0.0075       1.8    3.4   0.0   583   621    77   115    59   120 0.80 -
NW_025965321.1_RagTag:3071726-3072713 -            268 5523at314147         -            655    0.0084   11.1   0.0   1   1   4.7e-05     0.011   10.7   0.0   186   246   125   183   115   188 0.79 -
NW_025965307.1_RagTag:1485809-1486255 -            149 5523at314147         -            655     0.013   10.4   0.4   1   4      0.13        31   -0.7   0.0   110   134    14    38     4    43 0.84 -
NW_025965307.1_RagTag:1485809-1486255 -            149 5523at314147         -            655     0.013   10.4   0.4   2   4     0.087        20   -0.1   0.0   103   134    43    74    36    78 0.77 -
NW_025965307.1_RagTag:1485809-1486255 -            149 5523at314147         -            655     0.013   10.4   0.4   3   4    0.0012      0.28    6.0   0.0    99   134    76   111    69   124 0.86 -
NW_025965307.1_RagTag:1485809-1486255 -            149 5523at314147         -            655     0.013   10.4   0.4   4   4     0.092        22   -0.2   0.0   107   132   120   145   111   148 0.84 -
#
# Program:         hmmsearch
# Version:         3.1b2 (February 2015)
# Pipeline mode:   SEARCH
# Query file:      /home/bgerda/guppy_SUP/busco_downloads/lineages/glires_odb10/hmms/5523at314147.hmm
# Target file:     /home/bgerda/guppy_SUP/busco_results/run_glires_odb10/metaeuk_output/initial_results/ragtag.scaffold.fasta.modified.fas
# Option settings: hmmsearch --domtblout /home/bgerda/guppy_SUP/busco_results/run_glires_odb10/hmmer_output/initial_run_results/5523at314147.out --cpu 1 /home/bgerda/guppy_SUP/busco_downloads/lineages/glires_odb10/hmms/5523at314147.hmm /home/bgerda/guppy_SUP/busco_results/run_glires_odb10/metaeuk_output/initial_results/ragtag.scaffold.fasta.modified.fas 
# Current dir:     /home/bgerda/guppy_SUP
# Date:            Sun May 21 15:02:43 2023
# [ok]
