#                                                                                             --- full sequence --- -------------- this domain -------------   hmm coord   ali coord   env coord
# target name                         accession   tlen query name           accession   qlen   E-value  score  bias   #  of  c-Evalue  i-Evalue  score  bias  from    to  from    to  from    to  acc description of target
#                 ------------------- ---------- ----- -------------------- ---------- ----- --------- ------ ----- --- --- --------- --------- ------ ----- ----- ----- ----- ----- ----- ----- ---- ---------------------
NW_025965359.1_RagTag:203699-204637   -            310 6177at314147         -            733   7.5e-19   63.5   0.2   1   1   6.4e-21   1.5e-18   62.5   0.2   576   728   130   278   108   283 0.85 -
NW_025965359.1_RagTag:203589-206496   -            349 6177at314147         -            733   1.1e-13   46.4   0.4   1   1   1.5e-15   3.4e-13   44.8   0.4   573   727   156   306   150   312 0.81 -
NW_025965191.1_RagTag:541275-539223   -            619 6177at314147         -            733   1.1e-10   36.5   0.0   1   2   1.5e-10   3.6e-08   28.2   0.0   579   664    12    94     8   155 0.83 -
NW_025965191.1_RagTag:541275-539223   -            619 6177at314147         -            733   1.1e-10   36.5   0.0   2   2   0.00081      0.19    6.0   0.0    72   116   333   374   327   519 0.90 -
NW_025965028.1_RagTag:357538-358857   -            372 6177at314147         -            733   1.9e-08   29.1   0.0   1   1   1.1e-10   2.7e-08   28.6   0.0   593   680    32   116    18   131 0.82 -
NW_025965281.1_RagTag:529223-527331   -            631 6177at314147         -            733   0.00011   16.7   0.2   1   2   1.3e-06    0.0003   15.3   0.0   594   674    32   110    15   120 0.84 -
NW_025965281.1_RagTag:529223-527331   -            631 6177at314147         -            733   0.00011   16.7   0.2   2   2      0.17        40   -1.7   0.1    20    41   469   491   459   507 0.78 -
NW_025965321.1_RagTag:1275193-1274498 -            232 6177at314147         -            733    0.0037   11.6   0.4   1   2   0.00061      0.14    6.4   0.1    47   124    22    96    14   107 0.66 -
NW_025965321.1_RagTag:1275193-1274498 -            232 6177at314147         -            733    0.0037   11.6   0.4   2   2    0.0058       1.4    3.2   0.0    96   211   115   226   109   231 0.67 -
#
# Program:         hmmsearch
# Version:         3.1b2 (February 2015)
# Pipeline mode:   SEARCH
# Query file:      /home/bgerda/guppy_SUP/busco_downloads/lineages/glires_odb10/hmms/6177at314147.hmm
# Target file:     /home/bgerda/guppy_SUP/busco_results/run_glires_odb10/metaeuk_output/initial_results/ragtag.scaffold.fasta.modified.fas
# Option settings: hmmsearch --domtblout /home/bgerda/guppy_SUP/busco_results/run_glires_odb10/hmmer_output/initial_run_results/6177at314147.out --cpu 1 /home/bgerda/guppy_SUP/busco_downloads/lineages/glires_odb10/hmms/6177at314147.hmm /home/bgerda/guppy_SUP/busco_results/run_glires_odb10/metaeuk_output/initial_results/ragtag.scaffold.fasta.modified.fas 
# Current dir:     /home/bgerda/guppy_SUP
# Date:            Sun May 21 15:02:41 2023
# [ok]
