#                                                                                             --- full sequence --- -------------- this domain -------------   hmm coord   ali coord   env coord
# target name                         accession   tlen query name           accession   qlen   E-value  score  bias   #  of  c-Evalue  i-Evalue  score  bias  from    to  from    to  from    to  acc description of target
#                 ------------------- ---------- ----- -------------------- ---------- ----- --------- ------ ----- --- --- --------- --------- ------ ----- ----- ----- ----- ----- ----- ----- ---- ---------------------
NW_025965324.1_RagTag:3286112-3285156 -            319 6280at314147         -            841   2.2e-06   22.3   0.0   1   2   2.3e-06   0.00065   14.1   0.0    20    53     3    36     1    63 0.84 -
NW_025965324.1_RagTag:3286112-3285156 -            319 6280at314147         -            841   2.2e-06   22.3   0.0   2   2   0.00058      0.16    6.2   0.0     9    49   228   269   222   277 0.85 -
NW_025965324.1_RagTag:3257588-3256989 -            200 6280at314147         -            841    0.0005   14.5   0.0   1   1   2.6e-06   0.00074   13.9   0.0   114   170    14    75     8    84 0.78 -
NW_025965548.1_RagTag:8826-1842       -            515 6280at314147         -            841   0.00073   14.0   0.0   1   2   2.5e-05     0.007   10.7   0.0    25    52    22    49    10   143 0.68 -
NW_025965548.1_RagTag:8826-1842       -            515 6280at314147         -            841   0.00073   14.0   0.0   2   2     0.014         4    1.6   0.0    20    54   118   156    96   170 0.81 -
NW_025965166.1_RagTag:67012-68744     -            208 6280at314147         -            841    0.0016   12.8   0.0   1   2   1.7e-05    0.0049   11.2   0.0   103   185    34   118    25   126 0.74 -
NW_025965166.1_RagTag:67012-68744     -            208 6280at314147         -            841    0.0016   12.8   0.0   2   2     0.025         7    0.8   0.0   284   326   112   153   101   165 0.68 -
NW_025965324.1_RagTag:3261743-3254525 -            264 6280at314147         -            841     0.003   11.9   0.1   1   2      0.18        50   -2.0   0.0   300   314     7    21     4    83 0.58 -
NW_025965324.1_RagTag:3261743-3254525 -            264 6280at314147         -            841     0.003   11.9   0.1   2   2   2.2e-05    0.0063   10.9   0.0    99   182    97   182    64   258 0.79 -
#
# Program:         hmmsearch
# Version:         3.1b2 (February 2015)
# Pipeline mode:   SEARCH
# Query file:      /home/bgerda/guppy_SUP/busco_downloads/lineages/glires_odb10/hmms/6280at314147.hmm
# Target file:     /home/bgerda/guppy_SUP/busco_results/run_glires_odb10/metaeuk_output/initial_results/ragtag.scaffold.fasta.modified.fas
# Option settings: hmmsearch --domtblout /home/bgerda/guppy_SUP/busco_results/run_glires_odb10/hmmer_output/initial_run_results/6280at314147.out --cpu 1 /home/bgerda/guppy_SUP/busco_downloads/lineages/glires_odb10/hmms/6280at314147.hmm /home/bgerda/guppy_SUP/busco_results/run_glires_odb10/metaeuk_output/initial_results/ragtag.scaffold.fasta.modified.fas 
# Current dir:     /home/bgerda/guppy_SUP
# Date:            Sun May 21 15:02:36 2023
# [ok]
