#                                                                                             --- full sequence --- -------------- this domain -------------   hmm coord   ali coord   env coord
# target name                         accession   tlen query name           accession   qlen   E-value  score  bias   #  of  c-Evalue  i-Evalue  score  bias  from    to  from    to  from    to  acc description of target
#                 ------------------- ---------- ----- -------------------- ---------- ----- --------- ------ ----- --- --- --------- --------- ------ ----- ----- ----- ----- ----- ----- ----- ---- ---------------------
NW_025965499.1_RagTag:3945-3043       -            301 8066at314147         -            679   6.1e-15   50.8   0.0   1   1   5.1e-17   8.1e-15   50.4   0.0    28   178    47   197    33   207 0.92 -
NW_025965099.1_RagTag:15127-16038     -            304 8066at314147         -            679   4.5e-12   41.4   0.0   1   1   3.7e-14   5.8e-12   41.0   0.0    25   177    71   223    53   231 0.89 -
NW_025965233.1_RagTag:125981-124584   -            466 8066at314147         -            679   6.6e-10   34.2   0.0   1   1   5.8e-12     9e-10   33.8   0.0    27   179    52   204    33   256 0.74 -
contig_66008_pilon:1767-2642          -            292 8066at314147         -            679   1.4e-07   26.5   0.0   1   1   1.1e-09   1.8e-07   26.2   0.0    24   177    33   186    21   221 0.85 -
contig_34501_pilon:2309-1602          -            236 8066at314147         -            679   4.3e-05   18.3   0.0   1   1   3.2e-07     5e-05   18.1   0.0    65   180    13   128     1   147 0.86 -
NW_025965321.1_RagTag:4470492-4469881 -            204 8066at314147         -            679   0.00015   16.5   0.0   1   1   9.4e-07   0.00015   16.5   0.0    22   122    46   147    25   199 0.76 -
contig_37224_pilon:1702-2604          -            301 8066at314147         -            679   0.00016   16.4   0.0   1   1   1.3e-06   0.00021   16.0   0.0    28   176    55   203    34   226 0.82 -
contig_34309_pilon:451-104            -            116 8066at314147         -            679   0.00086   14.0   0.0   1   1     6e-06   0.00094   13.9   0.0    67   173     9   115     3   116 0.85 -
NW_025965279.1_RagTag:90332-90961     -            210 8066at314147         -            679     0.018    9.6   0.0   1   1   0.00015     0.024    9.2   0.0    62   172     9   118     2   135 0.79 -
#
# Program:         hmmsearch
# Version:         3.1b2 (February 2015)
# Pipeline mode:   SEARCH
# Query file:      /home/bgerda/guppy_SUP/busco_downloads/lineages/glires_odb10/hmms/8066at314147.hmm
# Target file:     /home/bgerda/guppy_SUP/busco_results/run_glires_odb10/metaeuk_output/initial_results/ragtag.scaffold.fasta.modified.fas
# Option settings: hmmsearch --domtblout /home/bgerda/guppy_SUP/busco_results/run_glires_odb10/hmmer_output/initial_run_results/8066at314147.out --cpu 1 /home/bgerda/guppy_SUP/busco_downloads/lineages/glires_odb10/hmms/8066at314147.hmm /home/bgerda/guppy_SUP/busco_results/run_glires_odb10/metaeuk_output/initial_results/ragtag.scaffold.fasta.modified.fas 
# Current dir:     /home/bgerda/guppy_SUP
# Date:            Sun May 21 15:02:46 2023
# [ok]
