#                                                                                             --- full sequence --- -------------- this domain -------------   hmm coord   ali coord   env coord
# target name                         accession   tlen query name           accession   qlen   E-value  score  bias   #  of  c-Evalue  i-Evalue  score  bias  from    to  from    to  from    to  acc description of target
#                 ------------------- ---------- ----- -------------------- ---------- ----- --------- ------ ----- --- --- --------- --------- ------ ----- ----- ----- ----- ----- ----- ----- ---- ---------------------
NW_025965075.1_RagTag:19329-24571     -            378 8990at314147         -            578   2.1e-07   25.8   0.4   1   2       1.8   3.7e+02   -4.7   3.6    43    96    56   110    50   133 0.70 -
NW_025965075.1_RagTag:19329-24571     -            378 8990at314147         -            578   2.1e-07   25.8   0.4   2   2     1e-09   2.1e-07   25.8   0.4    47   169   248   366   223   370 0.76 -
NW_025965309.1_RagTag:3490785-3490423 -            121 8990at314147         -            578   1.5e-06   23.0   0.4   1   1   7.4e-09   1.5e-06   23.0   0.4   123   176    61   115     4   121 0.69 -
contig_83093_pilon:417-680            -             88 8990at314147         -            578   6.6e-06   20.9   0.7   1   1   3.4e-08   6.9e-06   20.8   0.7   121   170    35    81     9    86 0.79 -
contig_5411_pilon:437-201             -             79 8990at314147         -            578   1.4e-05   19.8   0.5   1   1   7.5e-08   1.5e-05   19.7   0.5   121   170    26    72     8    77 0.82 -
NW_025965319.1_RagTag:4372733-4372377 -            119 8990at314147         -            578    0.0004   14.9   0.6   1   1   2.4e-06   0.00048   14.7   0.6   125   173     4    48     2    68 0.78 -
NW_025965314.1_RagTag:669729-667924   -            602 8990at314147         -            578   0.00074   14.1   0.7   1   2       2.8   5.7e+02   -5.4   2.6    58   101   204   246   195   261 0.52 -
NW_025965314.1_RagTag:669729-667924   -            602 8990at314147         -            578   0.00074   14.1   0.7   2   2   3.7e-06   0.00074   14.1   0.7   121   170   544   590   520   596 0.83 -
NW_025965308.1_RagTag:1044913-1044456 -            150 8990at314147         -            578     0.014    9.9   0.0   1   1   9.2e-05     0.019    9.5   0.0   118   169    88   136    78   142 0.80 -
#
# Program:         hmmsearch
# Version:         3.1b2 (February 2015)
# Pipeline mode:   SEARCH
# Query file:      /home/bgerda/guppy_SUP/busco_downloads/lineages/glires_odb10/hmms/8990at314147.hmm
# Target file:     /home/bgerda/guppy_SUP/busco_results/run_glires_odb10/metaeuk_output/initial_results/ragtag.scaffold.fasta.modified.fas
# Option settings: hmmsearch --domtblout /home/bgerda/guppy_SUP/busco_results/run_glires_odb10/hmmer_output/initial_run_results/8990at314147.out --cpu 1 /home/bgerda/guppy_SUP/busco_downloads/lineages/glires_odb10/hmms/8990at314147.hmm /home/bgerda/guppy_SUP/busco_results/run_glires_odb10/metaeuk_output/initial_results/ragtag.scaffold.fasta.modified.fas 
# Current dir:     /home/bgerda/guppy_SUP
# Date:            Sun May 21 15:02:44 2023
# [ok]
