#                                                                                             --- full sequence --- -------------- this domain -------------   hmm coord   ali coord   env coord
# target name                         accession   tlen query name           accession   qlen   E-value  score  bias   #  of  c-Evalue  i-Evalue  score  bias  from    to  from    to  from    to  acc description of target
#                 ------------------- ---------- ----- -------------------- ---------- ----- --------- ------ ----- --- --- --------- --------- ------ ----- ----- ----- ----- ----- ----- ----- ---- ---------------------
NW_025965314.1_RagTag:1506340-1507486 -            345 10010at314147        -            840   5.3e-14   47.8   0.5   1   3   1.3e-05    0.0037   12.0   0.0   712   787    98   174    94   187 0.80 -
NW_025965314.1_RagTag:1506340-1507486 -            345 10010at314147        -            840   5.3e-14   47.8   0.5   2   3   1.6e-05    0.0044   11.7   0.1   714   773   192   252   182   258 0.75 -
NW_025965314.1_RagTag:1506340-1507486 -            345 10010at314147        -            840   5.3e-14   47.8   0.5   3   3   1.3e-08   3.8e-06   21.8   0.0   713   778   256   321   249   333 0.87 -
NW_025965310.1_RagTag:4031348-4030299 -            350 10010at314147        -            840   1.7e-06   23.0   0.3   1   2   1.2e-06   0.00034   15.4   0.0   722   776     6    64     3    84 0.83 -
NW_025965310.1_RagTag:4031348-4030299 -            350 10010at314147        -            840   1.7e-06   23.0   0.3   2   2   0.00091      0.26    5.9   0.1   724   774    99   149    81   172 0.86 -
NW_025965319.1_RagTag:1169066-1168656 -            133 10010at314147        -            840   1.6e-05   19.8   0.1   1   2    0.0024      0.69    4.4   0.0   737   769     5    39     2    54 0.72 -
NW_025965319.1_RagTag:1169066-1168656 -            133 10010at314147        -            840   1.6e-05   19.8   0.1   2   2   3.4e-06   0.00097   13.9   0.0   712   768    62   119    42   123 0.79 -
NW_025965172.1_RagTag:1498191-1497724 -            156 10010at314147        -            840   0.00023   15.9   0.0   1   1     1e-06   0.00029   15.6   0.0   724   785     8    73     2    85 0.79 -
NW_025965364.1_RagTag:5932-5519       -            138 10010at314147        -            840   0.00036   15.3   0.0   1   1   1.8e-06   0.00052   14.8   0.0   722   774     6    60     2    72 0.84 -
#
# Program:         hmmsearch
# Version:         3.1b2 (February 2015)
# Pipeline mode:   SEARCH
# Query file:      /home/bgerda/guppy_SUP/busco_downloads/lineages/glires_odb10/hmms/10010at314147.hmm
# Target file:     /home/bgerda/guppy_SUP/busco_results_flye/run_glires_odb10/metaeuk_output/initial_results/ragtag.scaffold.fasta.modified.fas
# Option settings: hmmsearch --domtblout /home/bgerda/guppy_SUP/busco_results_flye/run_glires_odb10/hmmer_output/initial_run_results/10010at314147.out --cpu 1 /home/bgerda/guppy_SUP/busco_downloads/lineages/glires_odb10/hmms/10010at314147.hmm /home/bgerda/guppy_SUP/busco_results_flye/run_glires_odb10/metaeuk_output/initial_results/ragtag.scaffold.fasta.modified.fas 
# Current dir:     /home/bgerda/guppy_SUP
# Date:            Sun May 21 17:16:44 2023
# [ok]
