#                                                                                             --- full sequence --- -------------- this domain -------------   hmm coord   ali coord   env coord
# target name                         accession   tlen query name           accession   qlen   E-value  score  bias   #  of  c-Evalue  i-Evalue  score  bias  from    to  from    to  from    to  acc description of target
#                 ------------------- ---------- ----- -------------------- ---------- ----- --------- ------ ----- --- --- --------- --------- ------ ----- ----- ----- ----- ----- ----- ----- ---- ---------------------
NW_025965225.1_RagTag:634263-633982   -             94 10935at314147        -            614   4.4e-07   24.9   6.2   1   1   3.2e-09   5.1e-07   24.7   6.2    14    65     2    57     1    65 0.84 -
NW_025965309.1_RagTag:3486659-3486297 -            121 10935at314147        -            614   1.7e-05   19.7   1.2   1   1   1.4e-07   2.1e-05   19.4   1.2    27    59    80   112    52   117 0.69 -
contig_50121_pilon:804-1229           -            142 10935at314147        -            614   2.7e-05   19.0   3.2   1   1   2.1e-07   3.4e-05   18.7   3.2    17    61     1    47     1    66 0.87 -
contig_4568_pilon:1345-1638           -             98 10935at314147        -            614   0.00015   16.6   2.2   1   1   9.6e-07   0.00015   16.6   2.2    16    62     1    50     1    93 0.84 -
NW_025965040.1_RagTag:266331-266095   -             79 10935at314147        -            614   0.00027   15.7   0.5   1   1   1.8e-06   0.00028   15.7   0.5    23    58    42    74    21    79 0.67 -
NW_025965075.1_RagTag:21988-27231     -            378 10935at314147        -            614   0.00052   14.8   0.8   1   1     5e-06   0.00079   14.2   0.8    21    58   335   369   312   376 0.74 -
NW_025965040.1_RagTag:265376-265137   -             80 10935at314147        -            614    0.0007   14.4   0.9   1   1   4.9e-06   0.00076   14.2   0.9    12    55    40    80    29    80 0.69 -
NW_025965075.1_RagTag:74487-67481     -            353 10935at314147        -            614    0.0026   12.5   0.8   1   1   2.5e-05     0.004   11.9   0.8    15    55    49    89    39   100 0.91 -
NW_025965314.1_RagTag:623697-623012   -            157 10935at314147        -            614    0.0037   12.0   2.3   1   1   2.9e-05    0.0046   11.7   2.3    11    63    15    68     5    84 0.84 -
#
# Program:         hmmsearch
# Version:         3.1b2 (February 2015)
# Pipeline mode:   SEARCH
# Query file:      /home/bgerda/guppy_SUP/busco_downloads/lineages/glires_odb10/hmms/10935at314147.hmm
# Target file:     /home/bgerda/guppy_SUP/busco_results_flye/run_glires_odb10/metaeuk_output/initial_results/ragtag.scaffold.fasta.modified.fas
# Option settings: hmmsearch --domtblout /home/bgerda/guppy_SUP/busco_results_flye/run_glires_odb10/hmmer_output/initial_run_results/10935at314147.out --cpu 1 /home/bgerda/guppy_SUP/busco_downloads/lineages/glires_odb10/hmms/10935at314147.hmm /home/bgerda/guppy_SUP/busco_results_flye/run_glires_odb10/metaeuk_output/initial_results/ragtag.scaffold.fasta.modified.fas 
# Current dir:     /home/bgerda/guppy_SUP
# Date:            Sun May 21 17:16:54 2023
# [ok]
