#                                                                                             --- full sequence --- -------------- this domain -------------   hmm coord   ali coord   env coord
# target name                         accession   tlen query name           accession   qlen   E-value  score  bias   #  of  c-Evalue  i-Evalue  score  bias  from    to  from    to  from    to  acc description of target
#                 ------------------- ---------- ----- -------------------- ---------- ----- --------- ------ ----- --- --- --------- --------- ------ ----- ----- ----- ----- ----- ----- ----- ---- ---------------------
NW_025965300.1_RagTag:1789604-1791787 -            728 11070at314147        -            645   2.8e-10   35.6   0.8   1   3   8.1e-05     0.014   10.1   0.0   182   223   344   385   334   393 0.90 -
NW_025965300.1_RagTag:1789604-1791787 -            728 11070at314147        -            645   2.8e-10   35.6   0.8   2   3   0.00012     0.021    9.6   0.1   175   227   424   480   416   511 0.81 -
NW_025965300.1_RagTag:1789604-1791787 -            728 11070at314147        -            645   2.8e-10   35.6   0.8   3   3   1.4e-05    0.0025   12.6   0.0   179   221   530   572   516   580 0.86 -
NW_025965028.1_RagTag:501806-500165   -            268 11070at314147        -            645   5.4e-06   21.4   0.0   1   1   4.1e-08   7.3e-06   21.0   0.0   182   223    45    89    36   116 0.80 -
NW_025965218.1_RagTag:1405061-1401683 -            206 11070at314147        -            645   1.3e-05   20.2   0.2   1   1   9.2e-08   1.6e-05   19.9   0.2   175   227    79   131    68   146 0.93 -
NW_025965284.1_RagTag:358647-360583   -            161 11070at314147        -            645   1.6e-05   19.9   0.2   1   1     1e-07   1.8e-05   19.7   0.2   172   220   113   161    87   161 0.87 -
NW_025965324.1_RagTag:3071511-3072352 -            184 11070at314147        -            645   0.00027   15.8   0.1   1   1   1.9e-06   0.00033   15.5   0.1   175   229    92   147    82   167 0.84 -
NW_025965177.1_RagTag:240911-240603   -            103 11070at314147        -            645   0.00059   14.7   0.3   1   1   3.8e-06   0.00068   14.5   0.3   183   221    64   102    46   103 0.88 -
NW_025965309.1_RagTag:3395110-3394499 -            204 11070at314147        -            645    0.0013   13.6   0.2   1   1   1.1e-05     0.002   13.0   0.2   181   223    83   125    65   135 0.84 -
NW_025965275.1_RagTag:451509-451318   -             64 11070at314147        -            645     0.005   11.6   0.8   1   1   2.9e-05    0.0051   11.6   0.8   183   226    19    62     6    64 0.84 -
#
# Program:         hmmsearch
# Version:         3.1b2 (February 2015)
# Pipeline mode:   SEARCH
# Query file:      /home/bgerda/guppy_SUP/busco_downloads/lineages/glires_odb10/hmms/11070at314147.hmm
# Target file:     /home/bgerda/guppy_SUP/busco_results_flye/run_glires_odb10/metaeuk_output/initial_results/ragtag.scaffold.fasta.modified.fas
# Option settings: hmmsearch --domtblout /home/bgerda/guppy_SUP/busco_results_flye/run_glires_odb10/hmmer_output/initial_run_results/11070at314147.out --cpu 1 /home/bgerda/guppy_SUP/busco_downloads/lineages/glires_odb10/hmms/11070at314147.hmm /home/bgerda/guppy_SUP/busco_results_flye/run_glires_odb10/metaeuk_output/initial_results/ragtag.scaffold.fasta.modified.fas 
# Current dir:     /home/bgerda/guppy_SUP
# Date:            Sun May 21 17:16:48 2023
# [ok]
