#                                                                                             --- full sequence --- -------------- this domain -------------   hmm coord   ali coord   env coord
# target name                         accession   tlen query name           accession   qlen   E-value  score  bias   #  of  c-Evalue  i-Evalue  score  bias  from    to  from    to  from    to  acc description of target
#                 ------------------- ---------- ----- -------------------- ---------- ----- --------- ------ ----- --- --- --------- --------- ------ ----- ----- ----- ----- ----- ----- ----- ---- ---------------------
NW_025965308.1_RagTag:1031163-1030706 -            150 118at314147          -           4425   2.3e-06   20.3   0.6   1   1   1.8e-08   2.3e-06   20.3   0.6  3288  3332    91   137    39   146 0.85 -
contig_4568_pilon:1345-1638           -             98 118at314147          -           4425   8.8e-06   18.4   5.1   1   1   7.4e-08   9.6e-06   18.3   5.1  3292  3357     2    70     1    80 0.84 -
NW_025965040.1_RagTag:266331-266095   -             79 118at314147          -           4425   1.4e-05   17.7   0.5   1   1   1.1e-07   1.4e-05   17.7   0.5  3288  3333    26    73     9    77 0.79 -
contig_50121_pilon:804-1229           -            142 118at314147          -           4425   2.9e-05   16.7   4.3   1   1   2.9e-07   3.7e-05   16.3   4.3  3292  3335     1    45     1    57 0.85 -
NW_025965040.1_RagTag:265376-265137   -             80 118at314147          -           4425   7.2e-05   15.4   0.4   1   1   5.6e-07   7.2e-05   15.4   0.4  3288  3331    35    80     7    80 0.83 -
NW_025965309.1_RagTag:3486659-3486297 -            121 118at314147          -           4425   0.00012   14.7   1.1   1   1   9.7e-07   0.00013   14.6   1.1  3272  3336    42   113    19   119 0.68 -
NW_025965225.1_RagTag:634263-633982   -             94 118at314147          -           4425   0.00013   14.5   8.5   1   1   1.1e-06   0.00014   14.4   8.5  3291  3332     4    45     1    59 0.90 -
NW_025965314.1_RagTag:669272-667462   -            600 118at314147          -           4425   0.00034   13.1   0.2   1   1   3.6e-06   0.00046   12.7   0.2  3288  3333   542   589   511   596 0.79 -
NW_025965319.1_RagTag:4368574-4368218 -            119 118at314147          -           4425   0.00061   12.3   4.7   1   1   5.6e-06   0.00071   12.1   4.7  3292  3332     4    45     2    58 0.90 -
NW_025965075.1_RagTag:74487-67481     -            353 118at314147          -           4425    0.0089    8.4   6.6   1   1   8.7e-05     0.011    8.1   6.6  3292  3335    51    93    47   121 0.86 -
NW_025965075.1_RagTag:21988-27231     -            378 118at314147          -           4425      0.04    6.3   3.1   1   1   0.00042     0.054    5.8   3.1  3291  3332   324   367   314   372 0.81 -
#
# Program:         hmmsearch
# Version:         3.1b2 (February 2015)
# Pipeline mode:   SEARCH
# Query file:      /home/bgerda/guppy_SUP/busco_downloads/lineages/glires_odb10/hmms/118at314147.hmm
# Target file:     /home/bgerda/guppy_SUP/busco_results_flye/run_glires_odb10/metaeuk_output/initial_results/ragtag.scaffold.fasta.modified.fas
# Option settings: hmmsearch --domtblout /home/bgerda/guppy_SUP/busco_results_flye/run_glires_odb10/hmmer_output/initial_run_results/118at314147.out --cpu 1 /home/bgerda/guppy_SUP/busco_downloads/lineages/glires_odb10/hmms/118at314147.hmm /home/bgerda/guppy_SUP/busco_results_flye/run_glires_odb10/metaeuk_output/initial_results/ragtag.scaffold.fasta.modified.fas 
# Current dir:     /home/bgerda/guppy_SUP
# Date:            Sun May 21 17:16:45 2023
# [ok]
