#                                                                                             --- full sequence --- -------------- this domain -------------   hmm coord   ali coord   env coord
# target name                         accession   tlen query name           accession   qlen   E-value  score  bias   #  of  c-Evalue  i-Evalue  score  bias  from    to  from    to  from    to  acc description of target
#                 ------------------- ---------- ----- -------------------- ---------- ----- --------- ------ ----- --- --- --------- --------- ------ ----- ----- ----- ----- ----- ----- ----- ---- ---------------------
NW_025965344.1_RagTag:44205-38804     -            204 13081at314147        -            497   1.1e-12   44.0   0.0   1   2   2.3e-08   4.1e-06   22.4   0.0   203   286    38   121    16   128 0.72 -
NW_025965344.1_RagTag:44205-38804     -            204 13081at314147        -            497   1.1e-12   44.0   0.0   2   2   1.5e-07   2.7e-05   19.7   0.0    27    77   129   179   123   186 0.93 -
NW_025965188.1_RagTag:479764-480330   -            189 13081at314147        -            497   4.9e-08   28.7   0.9   1   2   2.6e-05    0.0046   12.3   0.0    47   106    42   102    24   107 0.88 -
NW_025965188.1_RagTag:479764-480330   -            189 13081at314147        -            497   4.9e-08   28.7   0.9   2   2     7e-06    0.0012   14.2   0.2   227   276   134   183   128   189 0.90 -
NW_025965163.1_RagTag:39462-30569     -            761 13081at314147        -            497   1.5e-07   27.1   0.1   1   1   1.3e-09   2.4e-07   26.4   0.1    70   187   422   541   415   566 0.77 -
NW_025965287.1_RagTag:1600616-1605266 -            433 13081at314147        -            497   2.4e-07   26.4   0.1   1   1   2.1e-09   3.7e-07   25.8   0.1   159   261   321   422   289   431 0.82 -
NW_025965288.1_RagTag:116076-117766   -            294 13081at314147        -            497   4.6e-05   18.9   0.1   1   1   3.3e-07   5.8e-05   18.5   0.1   192   271    82   160    35   197 0.72 -
NW_025965306.1_RagTag:1072482-1073591 -            370 13081at314147        -            497   0.00017   17.0   0.1   1   1   1.5e-06   0.00027   16.4   0.1   230   287    19    76    14   125 0.74 -
NW_025965352.1_RagTag:111207-112973   -            318 13081at314147        -            497   0.00024   16.5   0.0   1   1   1.7e-06   0.00031   16.2   0.0   129   285     3    56     1    84 0.60 -
NW_025965276.1_RagTag:401981-402454   -            158 13081at314147        -            497   0.00033   16.1   0.3   1   2     0.013       2.4    3.3   0.0   232   260    13    41     1    51 0.79 -
NW_025965276.1_RagTag:401981-402454   -            158 13081at314147        -            497   0.00033   16.1   0.3   2   2     0.016       2.9    3.1   0.0    36    60    90   114    85   123 0.88 -
#
# Program:         hmmsearch
# Version:         3.1b2 (February 2015)
# Pipeline mode:   SEARCH
# Query file:      /home/bgerda/guppy_SUP/busco_downloads/lineages/glires_odb10/hmms/13081at314147.hmm
# Target file:     /home/bgerda/guppy_SUP/busco_results_flye/run_glires_odb10/metaeuk_output/initial_results/ragtag.scaffold.fasta.modified.fas
# Option settings: hmmsearch --domtblout /home/bgerda/guppy_SUP/busco_results_flye/run_glires_odb10/hmmer_output/initial_run_results/13081at314147.out --cpu 1 /home/bgerda/guppy_SUP/busco_downloads/lineages/glires_odb10/hmms/13081at314147.hmm /home/bgerda/guppy_SUP/busco_results_flye/run_glires_odb10/metaeuk_output/initial_results/ragtag.scaffold.fasta.modified.fas 
# Current dir:     /home/bgerda/guppy_SUP
# Date:            Sun May 21 17:16:49 2023
# [ok]
