#                                                                                             --- full sequence --- -------------- this domain -------------   hmm coord   ali coord   env coord
# target name                         accession   tlen query name           accession   qlen   E-value  score  bias   #  of  c-Evalue  i-Evalue  score  bias  from    to  from    to  from    to  acc description of target
#                 ------------------- ---------- ----- -------------------- ---------- ----- --------- ------ ----- --- --- --------- --------- ------ ----- ----- ----- ----- ----- ----- ----- ---- ---------------------
NW_025965256.1_RagTag:480139-483577   -            311 14539at314147        -            547   5.7e-46  153.7  16.6   1   2   2.9e-28   5.8e-26   87.6   6.4   156   263    30   129    13   165 0.83 -
NW_025965256.1_RagTag:480139-483577   -            311 14539at314147        -            547   5.7e-46  153.7  16.6   2   2   1.7e-23   3.4e-21   71.9   2.5   386   456   194   264   178   305 0.85 -
NW_025965074.1_RagTag:875138-874701   -            146 14539at314147        -            547     9e-06   21.0   0.0   1   2   0.00035     0.071    8.1   0.0    37   101     3    68     1    75 0.83 -
NW_025965074.1_RagTag:875138-874701   -            146 14539at314147        -            547     9e-06   21.0   0.0   2   2   3.6e-05    0.0073   11.4   0.0    41    88    85   132    69   142 0.86 -
NW_025965258.1_RagTag:253410-253637   -             76 14539at314147        -            547   0.00014   17.1   0.0   1   1   6.8e-07   0.00014   17.1   0.0    38    95    16    73     1    76 0.78 -
contig_28867_pilon:933-1160           -             76 14539at314147        -            547   0.00014   17.1   0.0   1   1   6.8e-07   0.00014   17.1   0.0    38    95    16    73     1    76 0.78 -
NW_025965300.1_RagTag:3100327-3100578 -             84 14539at314147        -            547   0.00017   16.8   0.0   1   1   8.4e-07   0.00017   16.8   0.0    38    96    16    74     1    78 0.78 -
NW_025965144.1_RagTag:1077100-1077288 -             63 14539at314147        -            547    0.0033   12.5   0.1   1   1   1.7e-05    0.0033   12.5   0.1    61    96    26    61     5    63 0.91 -
NW_025965309.1_RagTag:1009676-1009217 -             67 14539at314147        -            547    0.0057   11.7   0.0   1   1   2.8e-05    0.0057   11.7   0.0   488   539    13    62     2    67 0.77 -
#
# Program:         hmmsearch
# Version:         3.1b2 (February 2015)
# Pipeline mode:   SEARCH
# Query file:      /home/bgerda/guppy_SUP/busco_downloads/lineages/glires_odb10/hmms/14539at314147.hmm
# Target file:     /home/bgerda/guppy_SUP/busco_results_flye/run_glires_odb10/metaeuk_output/initial_results/ragtag.scaffold.fasta.modified.fas
# Option settings: hmmsearch --domtblout /home/bgerda/guppy_SUP/busco_results_flye/run_glires_odb10/hmmer_output/initial_run_results/14539at314147.out --cpu 1 /home/bgerda/guppy_SUP/busco_downloads/lineages/glires_odb10/hmms/14539at314147.hmm /home/bgerda/guppy_SUP/busco_results_flye/run_glires_odb10/metaeuk_output/initial_results/ragtag.scaffold.fasta.modified.fas 
# Current dir:     /home/bgerda/guppy_SUP
# Date:            Sun May 21 17:16:49 2023
# [ok]
