#                                                                                             --- full sequence --- -------------- this domain -------------   hmm coord   ali coord   env coord
# target name                         accession   tlen query name           accession   qlen   E-value  score  bias   #  of  c-Evalue  i-Evalue  score  bias  from    to  from    to  from    to  acc description of target
#                 ------------------- ---------- ----- -------------------- ---------- ----- --------- ------ ----- --- --- --------- --------- ------ ----- ----- ----- ----- ----- ----- ----- ---- ---------------------
NW_025965287.1_RagTag:1529085-1528498 -            196 16165at314147        -            400   1.1e-10   37.1   1.6   1   2   6.3e-10   2.2e-07   26.2   0.3   209   325     2   115     1   117 0.89 -
NW_025965287.1_RagTag:1529085-1528498 -            196 16165at314147        -            400   1.1e-10   37.1   1.6   2   2   4.3e-07   0.00015   16.9   0.1    68   162    90   180    80   189 0.82 -
NW_025965310.1_RagTag:498896-512586   -            308 16165at314147        -            400   1.4e-05   20.3   0.2   1   2   5.1e-05     0.018   10.1   0.0   228   330   101   206    85   234 0.71 -
NW_025965310.1_RagTag:498896-512586   -            308 16165at314147        -            400   1.4e-05   20.3   0.2   2   2     3e-05     0.011   10.8   0.1   270   332   191   259   187   271 0.67 -
contig_13085_pilon:902-109            -            219 16165at314147        -            400   6.8e-05   18.1   0.5   1   2   4.9e-07   0.00017   16.7   0.3   210   352    39   176    17   193 0.81 -
contig_13085_pilon:902-109            -            219 16165at314147        -            400   6.8e-05   18.1   0.5   2   2     0.037        13    0.6   0.0    69    94   157   182   151   218 0.58 -
NW_025965155.1_RagTag:69796-68828     -            323 16165at314147        -            400   0.00011   17.4   0.1   1   3    0.0074       2.6    3.0   0.0   208   316    20   130     7   148 0.69 -
NW_025965155.1_RagTag:69796-68828     -            323 16165at314147        -            400   0.00011   17.4   0.1   2   3     0.063        22   -0.1   0.0   308   327   163   182   132   189 0.70 -
NW_025965155.1_RagTag:69796-68828     -            323 16165at314147        -            400   0.00011   17.4   0.1   3   3   2.6e-05    0.0093   11.0   0.1   211   318   197   312   156   320 0.65 -
#
# Program:         hmmsearch
# Version:         3.1b2 (February 2015)
# Pipeline mode:   SEARCH
# Query file:      /home/bgerda/guppy_SUP/busco_downloads/lineages/glires_odb10/hmms/16165at314147.hmm
# Target file:     /home/bgerda/guppy_SUP/busco_results_flye/run_glires_odb10/metaeuk_output/initial_results/ragtag.scaffold.fasta.modified.fas
# Option settings: hmmsearch --domtblout /home/bgerda/guppy_SUP/busco_results_flye/run_glires_odb10/hmmer_output/initial_run_results/16165at314147.out --cpu 1 /home/bgerda/guppy_SUP/busco_downloads/lineages/glires_odb10/hmms/16165at314147.hmm /home/bgerda/guppy_SUP/busco_results_flye/run_glires_odb10/metaeuk_output/initial_results/ragtag.scaffold.fasta.modified.fas 
# Current dir:     /home/bgerda/guppy_SUP
# Date:            Sun May 21 17:16:49 2023
# [ok]
