#                                                                                             --- full sequence --- -------------- this domain -------------   hmm coord   ali coord   env coord
# target name                         accession   tlen query name           accession   qlen   E-value  score  bias   #  of  c-Evalue  i-Evalue  score  bias  from    to  from    to  from    to  acc description of target
#                 ------------------- ---------- ----- -------------------- ---------- ----- --------- ------ ----- --- --- --------- --------- ------ ----- ----- ----- ----- ----- ----- ----- ---- ---------------------
NW_025965287.1_RagTag:1529085-1528498 -            196 16753at314147        -            371   7.7e-09   31.3   0.3   1   3   0.00017     0.049    8.9   0.0   241   285     2    44     1    52 0.84 -
NW_025965287.1_RagTag:1529085-1528498 -            196 16753at314147        -            371   7.7e-09   31.3   0.3   2   3   6.4e-07   0.00018   16.9   0.0   205   289    53   133    45   150 0.82 -
NW_025965287.1_RagTag:1529085-1528498 -            196 16753at314147        -            371   7.7e-09   31.3   0.3   3   3     0.012       3.3    2.9   0.1   333   351   143   160   131   178 0.71 -
contig_13085_pilon:902-109            -            219 16753at314147        -            371   1.4e-06   23.8   1.2   1   2   2.7e-07   7.5e-05   18.2   0.2   136   175    71   109    63   119 0.85 -
contig_13085_pilon:902-109            -            219 16753at314147        -            371   1.4e-06   23.8   1.2   2   2     0.013       3.6    2.8   0.0   242   284   154   192   142   205 0.68 -
NW_025965114.1_RagTag:29747-29574     -             58 16753at314147        -            371   0.00014   17.3   0.0   1   1   5.1e-07   0.00014   17.2   0.0   229   267     5    42     2    54 0.89 -
NW_025965310.1_RagTag:498896-512586   -            308 16753at314147        -            371   0.00056   15.3   2.3   1   2   2.4e-06   0.00069   15.0   0.8   152   268   130   250   124   256 0.72 -
NW_025965310.1_RagTag:498896-512586   -            308 16753at314147        -            371   0.00056   15.3   2.3   2   2   0.00029     0.081    8.2   0.1    87   172   218   296   205   303 0.72 -
NW_025965321.1_RagTag:3116320-3115622 -            233 16753at314147        -            371      0.01   11.1   0.2   1   1   7.8e-05     0.022   10.0   0.2   134   221     1    84     1   129 0.84 -
#
# Program:         hmmsearch
# Version:         3.1b2 (February 2015)
# Pipeline mode:   SEARCH
# Query file:      /home/bgerda/guppy_SUP/busco_downloads/lineages/glires_odb10/hmms/16753at314147.hmm
# Target file:     /home/bgerda/guppy_SUP/busco_results_flye/run_glires_odb10/metaeuk_output/initial_results/ragtag.scaffold.fasta.modified.fas
# Option settings: hmmsearch --domtblout /home/bgerda/guppy_SUP/busco_results_flye/run_glires_odb10/hmmer_output/initial_run_results/16753at314147.out --cpu 1 /home/bgerda/guppy_SUP/busco_downloads/lineages/glires_odb10/hmms/16753at314147.hmm /home/bgerda/guppy_SUP/busco_results_flye/run_glires_odb10/metaeuk_output/initial_results/ragtag.scaffold.fasta.modified.fas 
# Current dir:     /home/bgerda/guppy_SUP
# Date:            Sun May 21 17:16:49 2023
# [ok]
