#                                                                                             --- full sequence --- -------------- this domain -------------   hmm coord   ali coord   env coord
# target name                         accession   tlen query name           accession   qlen   E-value  score  bias   #  of  c-Evalue  i-Evalue  score  bias  from    to  from    to  from    to  acc description of target
#                 ------------------- ---------- ----- -------------------- ---------- ----- --------- ------ ----- --- --- --------- --------- ------ ----- ----- ----- ----- ----- ----- ----- ---- ---------------------
NW_025965188.1_RagTag:479764-480330   -            189 17560at314147        -            413   2.9e-93  309.1   9.5   1   1   2.6e-95   3.7e-93  308.8   9.5   152   299    41   189    36   189 0.98 -
NW_025965163.1_RagTag:39462-30569     -            761 17560at314147        -            413   1.7e-11   39.8   0.2   1   1     2e-13   2.8e-11   39.1   0.2    84   198   423   543   417   560 0.76 -
NW_025965344.1_RagTag:44205-38804     -            204 17560at314147        -            413   2.1e-09   32.9   0.0   1   2   0.00031     0.044    8.8   0.0   158   204    54   100    48   109 0.81 -
NW_025965344.1_RagTag:44205-38804     -            204 17560at314147        -            413   2.1e-09   32.9   0.0   2   2   2.7e-08   3.8e-06   22.2   0.0    80   150   103   174    97   183 0.86 -
NW_025965352.1_RagTag:111207-112973   -            318 17560at314147        -            413   2.3e-09   32.7   0.3   1   2   8.8e-11   1.2e-08   30.3   0.1   252   291     6    45     1    54 0.91 -
NW_025965352.1_RagTag:111207-112973   -            318 17560at314147        -            413   2.3e-09   32.7   0.3   2   2   0.00052     0.073    8.0   0.0    80   103    39    62    37    66 0.85 -
NW_025965276.1_RagTag:401981-402454   -            158 17560at314147        -            413   1.1e-06   24.0   0.1   1   1   2.3e-08   3.2e-06   22.4   0.1   108   180    54   128    11   149 0.68 -
NW_025965288.1_RagTag:116076-117766   -            294 17560at314147        -            413   2.2e-06   22.9   0.7   1   1   4.1e-08   5.8e-06   21.5   0.7   232   288   104   160     2   182 0.84 -
NW_025965288.1_RagTag:106194-105970   -             75 17560at314147        -            413   1.7e-05   20.0   0.0   1   1   1.3e-07   1.8e-05   19.9   0.0   154   202     3    53     1    64 0.83 -
NW_025965306.1_RagTag:1072482-1073591 -            370 17560at314147        -            413   2.9e-05   19.2   0.0   1   1   3.3e-07   4.6e-05   18.6   0.0   109   159    21    76     8   101 0.80 -
NW_025965287.1_RagTag:1600616-1605266 -            433 17560at314147        -            413   7.5e-05   17.9   0.1   1   1   8.2e-07   0.00012   17.3   0.1    79   152   326   403   316   428 0.80 -
NW_025965318.1_RagTag:163288-173618   -            166 17560at314147        -            413    0.0021   13.1   0.0   1   1     2e-05    0.0028   12.7   0.0   118   154   117   152   112   164 0.73 -
#
# Program:         hmmsearch
# Version:         3.1b2 (February 2015)
# Pipeline mode:   SEARCH
# Query file:      /home/bgerda/guppy_SUP/busco_downloads/lineages/glires_odb10/hmms/17560at314147.hmm
# Target file:     /home/bgerda/guppy_SUP/busco_results_flye/run_glires_odb10/metaeuk_output/initial_results/ragtag.scaffold.fasta.modified.fas
# Option settings: hmmsearch --domtblout /home/bgerda/guppy_SUP/busco_results_flye/run_glires_odb10/hmmer_output/initial_run_results/17560at314147.out --cpu 1 /home/bgerda/guppy_SUP/busco_downloads/lineages/glires_odb10/hmms/17560at314147.hmm /home/bgerda/guppy_SUP/busco_results_flye/run_glires_odb10/metaeuk_output/initial_results/ragtag.scaffold.fasta.modified.fas 
# Current dir:     /home/bgerda/guppy_SUP
# Date:            Sun May 21 17:16:45 2023
# [ok]
