#                                                                                             --- full sequence --- -------------- this domain -------------   hmm coord   ali coord   env coord
# target name                         accession   tlen query name           accession   qlen   E-value  score  bias   #  of  c-Evalue  i-Evalue  score  bias  from    to  from    to  from    to  acc description of target
#                 ------------------- ---------- ----- -------------------- ---------- ----- --------- ------ ----- --- --- --------- --------- ------ ----- ----- ----- ----- ----- ----- ----- ---- ---------------------
NW_025965287.1_RagTag:1529085-1528498 -            196 17703at314147        -            404     2e-08   29.8   0.4   1   3   8.5e-06     0.002   13.4   0.0   276   346     2    69     1    72 0.82 -
NW_025965287.1_RagTag:1529085-1528498 -            196 17703at314147        -            404     2e-08   29.8   0.4   2   3   9.2e-07   0.00022   16.5   0.1   241   348    54   159    51   172 0.81 -
NW_025965287.1_RagTag:1529085-1528498 -            196 17703at314147        -            404     2e-08   29.8   0.4   3   3     0.002      0.48    5.5   0.0   175   327   124   181   121   194 0.47 -
NW_025965310.1_RagTag:498896-512586   -            308 17703at314147        -            404   1.2e-06   23.9   0.4   1   1   1.5e-08   3.5e-06   22.4   0.3   246   354   139   257   117   269 0.73 -
contig_13085_pilon:902-109            -            219 17703at314147        -            404   2.4e-06   23.0   0.5   1   2   3.9e-07   9.2e-05   17.8   0.2   257   347    19   106     8   109 0.76 -
contig_13085_pilon:902-109            -            219 17703at314147        -            404   2.4e-06   23.0   0.5   2   2     0.032       7.6    1.6   0.0   278   312   155   185   144   212 0.71 -
NW_025965114.1_RagTag:29747-29574     -             58 17703at314147        -            404   0.00019   16.7   0.1   1   1   9.1e-07   0.00021   16.6   0.1   264   302     5    42     2    50 0.85 -
NW_025965155.1_RagTag:69796-68828     -            323 17703at314147        -            404   0.00066   14.9   0.0   1   2   2.3e-05    0.0055   11.9   0.0   264   347     9    92     4   101 0.89 -
NW_025965155.1_RagTag:69796-68828     -            323 17703at314147        -            404   0.00066   14.9   0.0   2   2     0.057        13    0.8   0.0   262   293   229   259   155   294 0.75 -
NW_025965321.1_RagTag:3116320-3115622 -            233 17703at314147        -            404    0.0097   11.1   0.2   1   2   0.00012     0.029    9.5   0.1   169   256     1    84     1    91 0.78 -
NW_025965321.1_RagTag:3116320-3115622 -            233 17703at314147        -            404    0.0097   11.1   0.2   2   2      0.18        42   -0.9   0.0   173   208    93   128    83   142 0.80 -
#
# Program:         hmmsearch
# Version:         3.1b2 (February 2015)
# Pipeline mode:   SEARCH
# Query file:      /home/bgerda/guppy_SUP/busco_downloads/lineages/glires_odb10/hmms/17703at314147.hmm
# Target file:     /home/bgerda/guppy_SUP/busco_results_flye/run_glires_odb10/metaeuk_output/initial_results/ragtag.scaffold.fasta.modified.fas
# Option settings: hmmsearch --domtblout /home/bgerda/guppy_SUP/busco_results_flye/run_glires_odb10/hmmer_output/initial_run_results/17703at314147.out --cpu 1 /home/bgerda/guppy_SUP/busco_downloads/lineages/glires_odb10/hmms/17703at314147.hmm /home/bgerda/guppy_SUP/busco_results_flye/run_glires_odb10/metaeuk_output/initial_results/ragtag.scaffold.fasta.modified.fas 
# Current dir:     /home/bgerda/guppy_SUP
# Date:            Sun May 21 17:16:48 2023
# [ok]
