#                                                                                             --- full sequence --- -------------- this domain -------------   hmm coord   ali coord   env coord
# target name                         accession   tlen query name           accession   qlen   E-value  score  bias   #  of  c-Evalue  i-Evalue  score  bias  from    to  from    to  from    to  acc description of target
#                 ------------------- ---------- ----- -------------------- ---------- ----- --------- ------ ----- --- --- --------- --------- ------ ----- ----- ----- ----- ----- ----- ----- ---- ---------------------
NW_025965287.1_RagTag:1529085-1528498 -            196 17774at314147        -            431     5e-24   81.3   3.0   1   3   2.8e-06    0.0008   14.7   0.0   267   300     4    37     1    39 0.92 -
NW_025965287.1_RagTag:1529085-1528498 -            196 17774at314147        -            431     5e-24   81.3   3.0   2   3   1.5e-18   4.3e-16   55.2   0.1   260   347    39   125    37   139 0.91 -
NW_025965287.1_RagTag:1529085-1528498 -            196 17774at314147        -            431     5e-24   81.3   3.0   3   3   3.8e-05     0.011   11.0   0.1   159   192   157   190   145   195 0.90 -
NW_025965155.1_RagTag:69796-68828     -            323 17774at314147        -            431   7.2e-10   34.7   1.7   1   3   0.00072       0.2    6.8   0.0   259   356    15   113     4   125 0.73 -
NW_025965155.1_RagTag:69796-68828     -            323 17774at314147        -            431   7.2e-10   34.7   1.7   2   3   3.4e-05    0.0096   11.2   1.2   272   333   159   219   148   225 0.77 -
NW_025965155.1_RagTag:69796-68828     -            323 17774at314147        -            431   7.2e-10   34.7   1.7   3   3   5.1e-06    0.0014   13.9   0.0   162   248   229   319   217   323 0.77 -
contig_13085_pilon:902-109            -            219 17774at314147        -            431     2e-09   33.2   2.5   1   2     4e-07   0.00011   17.5   0.7   263   345    36   116    31   120 0.88 -
contig_13085_pilon:902-109            -            219 17774at314147        -            431     2e-09   33.2   2.5   2   2   8.5e-06    0.0024   13.2   0.0   268   347   124   189   114   199 0.76 -
NW_025965114.1_RagTag:29747-29574     -             58 17774at314147        -            431   6.2e-05   18.4   0.0   1   1   2.3e-07   6.4e-05   18.4   0.0   259   300    11    54     3    57 0.55 -
NW_025965310.1_RagTag:498896-512586   -            308 17774at314147        -            431   0.00016   17.0   0.5   1   2    0.0025      0.72    5.0   0.1   229   291    91   150    83   188 0.79 -
NW_025965310.1_RagTag:498896-512586   -            308 17774at314147        -            431   0.00016   17.0   0.5   2   2   0.00011     0.032    9.5   0.0   170   203   217   251   192   262 0.64 -
#
# Program:         hmmsearch
# Version:         3.1b2 (February 2015)
# Pipeline mode:   SEARCH
# Query file:      /home/bgerda/guppy_SUP/busco_downloads/lineages/glires_odb10/hmms/17774at314147.hmm
# Target file:     /home/bgerda/guppy_SUP/busco_results_flye/run_glires_odb10/metaeuk_output/initial_results/ragtag.scaffold.fasta.modified.fas
# Option settings: hmmsearch --domtblout /home/bgerda/guppy_SUP/busco_results_flye/run_glires_odb10/hmmer_output/initial_run_results/17774at314147.out --cpu 1 /home/bgerda/guppy_SUP/busco_downloads/lineages/glires_odb10/hmms/17774at314147.hmm /home/bgerda/guppy_SUP/busco_results_flye/run_glires_odb10/metaeuk_output/initial_results/ragtag.scaffold.fasta.modified.fas 
# Current dir:     /home/bgerda/guppy_SUP
# Date:            Sun May 21 17:16:50 2023
# [ok]
