#                                                                                             --- full sequence --- -------------- this domain -------------   hmm coord   ali coord   env coord
# target name                         accession   tlen query name           accession   qlen   E-value  score  bias   #  of  c-Evalue  i-Evalue  score  bias  from    to  from    to  from    to  acc description of target
#                 ------------------- ---------- ----- -------------------- ---------- ----- --------- ------ ----- --- --- --------- --------- ------ ----- ----- ----- ----- ----- ----- ----- ---- ---------------------
NW_025965548.1_RagTag:8831-1842       -            515 1899at314147         -           1167   2.3e-30  101.5   0.0   1   1   2.9e-32   3.4e-30  100.9   0.0   905  1102   271   507   263   513 0.81 -
NW_025965309.1_RagTag:3531840-3529118 -            326 1899at314147         -           1167   1.9e-27   91.8   0.1   1   1   9.1e-29   1.1e-26   89.3   0.1   857  1059    89   325    75   326 0.82 -
NW_025965313.1_RagTag:91187-92498     -            211 1899at314147         -           1167   8.6e-19   63.2   0.0   1   1   8.8e-21     1e-18   62.9   0.0   886  1042    55   208    20   209 0.82 -
NW_025965287.1_RagTag:77543-78792     -            357 1899at314147         -           1167   3.9e-13   44.4   0.0   1   1   1.2e-14   1.4e-12   42.6   0.0   974  1065    36   153    21   159 0.77 -
NW_025965222.1_RagTag:194675-192692   -            116 1899at314147         -           1167   2.9e-07   25.0   0.0   1   1   2.6e-09   3.1e-07   24.9   0.0  1028  1104     2    93     1   104 0.80 -
NW_025965334.1_RagTag:180570-180424   -             49 1899at314147         -           1167   1.2e-05   19.6   0.1   1   1   1.1e-07   1.3e-05   19.5   0.1  1025  1064     2    49     1    49 0.80 -
NW_025965499.1_RagTag:3947-3072       -            292 1899at314147         -           1167   2.9e-05   18.4   0.0   1   1   3.1e-07   3.6e-05   18.1   0.0   887  1093    19   214     2   227 0.75 -
NW_025965233.1_RagTag:123560-122163   -            466 1899at314147         -           1167   6.2e-05   17.3   0.0   1   1   6.2e-07   7.3e-05   17.0   0.0   914  1021    50   147    15   253 0.85 -
NW_025965321.1_RagTag:4471412-4470762 -            217 1899at314147         -           1167   0.00017   15.8   0.0   1   1   1.8e-06   0.00022   15.5   0.0   868  1021     7   148     2   169 0.78 -
NW_025965352.1_RagTag:111207-112973   -            318 1899at314147         -           1167   0.00032   14.9   0.0   1   1   3.8e-06   0.00045   14.4   0.0  1001  1103   196   313   186   317 0.67 -
contig_66008_pilon:1783-2643          -            287 1899at314147         -           1167   0.00095   13.3   0.1   1   1   1.5e-05    0.0018   12.5   0.1   893  1073    11   198     7   255 0.65 -
NW_025965279.1_RagTag:87840-88469     -            210 1899at314147         -           1167    0.0023   12.1   0.0   1   1   2.3e-05    0.0027   11.8   0.0   971  1023    17    71     5    98 0.80 -
#
# Program:         hmmsearch
# Version:         3.1b2 (February 2015)
# Pipeline mode:   SEARCH
# Query file:      /home/bgerda/guppy_SUP/busco_downloads/lineages/glires_odb10/hmms/1899at314147.hmm
# Target file:     /home/bgerda/guppy_SUP/busco_results_flye/run_glires_odb10/metaeuk_output/initial_results/ragtag.scaffold.fasta.modified.fas
# Option settings: hmmsearch --domtblout /home/bgerda/guppy_SUP/busco_results_flye/run_glires_odb10/hmmer_output/initial_run_results/1899at314147.out --cpu 1 /home/bgerda/guppy_SUP/busco_downloads/lineages/glires_odb10/hmms/1899at314147.hmm /home/bgerda/guppy_SUP/busco_results_flye/run_glires_odb10/metaeuk_output/initial_results/ragtag.scaffold.fasta.modified.fas 
# Current dir:     /home/bgerda/guppy_SUP
# Date:            Sun May 21 17:16:50 2023
# [ok]
