#                                                                                             --- full sequence --- -------------- this domain -------------   hmm coord   ali coord   env coord
# target name                         accession   tlen query name           accession   qlen   E-value  score  bias   #  of  c-Evalue  i-Evalue  score  bias  from    to  from    to  from    to  acc description of target
#                 ------------------- ---------- ----- -------------------- ---------- ----- --------- ------ ----- --- --- --------- --------- ------ ----- ----- ----- ----- ----- ----- ----- ---- ---------------------
NW_025965287.1_RagTag:1529085-1528498 -            196 19050at314147        -            409   3.7e-32  107.9   0.2   1   1   2.1e-34     5e-32  107.4   0.2   115   285     7   181     2   195 0.89 -
contig_13085_pilon:902-109            -            219 19050at314147        -            409   4.8e-22   74.5   0.5   1   2   8.6e-20     2e-17   59.3   0.2   146   260    36   145    11   148 0.81 -
contig_13085_pilon:902-109            -            219 19050at314147        -            409   4.8e-22   74.5   0.5   2   2   1.5e-06   0.00036   15.7   0.0   182   239   140   196   137   219 0.61 -
NW_025965310.1_RagTag:498896-512586   -            308 19050at314147        -            409   1.1e-08   30.5   0.5   1   2   1.6e-06   0.00038   15.6   0.0   124   213    96   187    70   203 0.79 -
NW_025965310.1_RagTag:498896-512586   -            308 19050at314147        -            409   1.1e-08   30.5   0.5   2   2   7.5e-06    0.0018   13.4   0.3   104   179   217   297   196   305 0.75 -
NW_025965114.1_RagTag:29747-29574     -             58 19050at314147        -            409   9.7e-07   24.1   0.0   1   1   4.3e-09     1e-06   24.1   0.0   143   179     8    44     3    57 0.86 -
NW_025965321.1_RagTag:3116320-3115622 -            233 19050at314147        -            409   2.6e-05   19.4   0.1   1   1   1.4e-07   3.4e-05   19.1   0.1   143   262     3   127     1   132 0.82 -
NW_025965155.1_RagTag:69796-68828     -            323 19050at314147        -            409    0.0045   12.1   0.1   1   2      0.04       9.3    1.1   0.0   153   225    22    97     6   147 0.57 -
NW_025965155.1_RagTag:69796-68828     -            323 19050at314147        -            409    0.0045   12.1   0.1   2   2   0.00022     0.052    8.6   0.0   340   406   152   219   119   224 0.82 -
#
# Program:         hmmsearch
# Version:         3.1b2 (February 2015)
# Pipeline mode:   SEARCH
# Query file:      /home/bgerda/guppy_SUP/busco_downloads/lineages/glires_odb10/hmms/19050at314147.hmm
# Target file:     /home/bgerda/guppy_SUP/busco_results_flye/run_glires_odb10/metaeuk_output/initial_results/ragtag.scaffold.fasta.modified.fas
# Option settings: hmmsearch --domtblout /home/bgerda/guppy_SUP/busco_results_flye/run_glires_odb10/hmmer_output/initial_run_results/19050at314147.out --cpu 1 /home/bgerda/guppy_SUP/busco_downloads/lineages/glires_odb10/hmms/19050at314147.hmm /home/bgerda/guppy_SUP/busco_results_flye/run_glires_odb10/metaeuk_output/initial_results/ragtag.scaffold.fasta.modified.fas 
# Current dir:     /home/bgerda/guppy_SUP
# Date:            Sun May 21 17:16:51 2023
# [ok]
