#                                                                                             --- full sequence --- -------------- this domain -------------   hmm coord   ali coord   env coord
# target name                         accession   tlen query name           accession   qlen   E-value  score  bias   #  of  c-Evalue  i-Evalue  score  bias  from    to  from    to  from    to  acc description of target
#                 ------------------- ---------- ----- -------------------- ---------- ----- --------- ------ ----- --- --- --------- --------- ------ ----- ----- ----- ----- ----- ----- ----- ---- ---------------------
NW_025965287.1_RagTag:1529085-1528498 -            196 19297at314147        -            394   3.1e-15   52.4   0.5   1   2   7.4e-09   1.5e-06   23.8   0.0   196   254    13    71     2    84 0.75 -
NW_025965287.1_RagTag:1529085-1528498 -            196 19297at314147        -            394   3.1e-15   52.4   0.5   2   2   6.8e-10   1.4e-07   27.2   0.1   146   233    90   180    80   193 0.83 -
contig_13085_pilon:902-109            -            219 19297at314147        -            394   1.4e-11   40.3   0.1   1   2   3.9e-13   7.9e-11   37.9   0.1   140   227    38   122    27   143 0.92 -
contig_13085_pilon:902-109            -            219 19297at314147        -            394   1.4e-11   40.3   0.1   2   2       0.1        21    0.3   0.0   148   183   158   191   148   211 0.79 -
NW_025965321.1_RagTag:3116320-3115622 -            233 19297at314147        -            394   9.3e-07   24.5   0.4   1   1     6e-09   1.2e-06   24.1   0.4   179   294     6   128     3   143 0.80 -
NW_025965114.1_RagTag:29747-29574     -             58 19297at314147        -            394   3.1e-06   22.7   0.0   1   1   1.6e-08   3.3e-06   22.6   0.0   177   213     9    45     4    53 0.89 -
NW_025965310.1_RagTag:498896-512586   -            308 19297at314147        -            394   0.00028   16.3   0.0   1   1   3.4e-06   0.00068   15.0   0.0   160   294    99   251    56   259 0.73 -
NW_025965155.1_RagTag:69796-68828     -            323 19297at314147        -            394    0.0019   13.6   0.3   1   1   2.5e-05    0.0051   12.2   0.3   100   174   157   226   148   260 0.81 -
NW_025965291.1_RagTag:807409-808641   -            377 19297at314147        -            394     0.011   11.1   1.1   1   1   7.7e-05     0.016   10.5   1.1    22   110    29   118    21   135 0.80 -
#
# Program:         hmmsearch
# Version:         3.1b2 (February 2015)
# Pipeline mode:   SEARCH
# Query file:      /home/bgerda/guppy_SUP/busco_downloads/lineages/glires_odb10/hmms/19297at314147.hmm
# Target file:     /home/bgerda/guppy_SUP/busco_results_flye/run_glires_odb10/metaeuk_output/initial_results/ragtag.scaffold.fasta.modified.fas
# Option settings: hmmsearch --domtblout /home/bgerda/guppy_SUP/busco_results_flye/run_glires_odb10/hmmer_output/initial_run_results/19297at314147.out --cpu 1 /home/bgerda/guppy_SUP/busco_downloads/lineages/glires_odb10/hmms/19297at314147.hmm /home/bgerda/guppy_SUP/busco_results_flye/run_glires_odb10/metaeuk_output/initial_results/ragtag.scaffold.fasta.modified.fas 
# Current dir:     /home/bgerda/guppy_SUP
# Date:            Sun May 21 17:16:49 2023
# [ok]
