#                                                                                             --- full sequence --- -------------- this domain -------------   hmm coord   ali coord   env coord
# target name                         accession   tlen query name           accession   qlen   E-value  score  bias   #  of  c-Evalue  i-Evalue  score  bias  from    to  from    to  from    to  acc description of target
#                 ------------------- ---------- ----- -------------------- ---------- ----- --------- ------ ----- --- --- --------- --------- ------ ----- ----- ----- ----- ----- ----- ----- ---- ---------------------
NW_025965287.1_RagTag:1529085-1528498 -            196 19837at314147        -            383   2.3e-22   76.2   0.9   1   2   2.4e-12   5.7e-10   35.4   0.1   112   170    14    71     7    84 0.88 -
NW_025965287.1_RagTag:1529085-1528498 -            196 19837at314147        -            383   2.3e-22   76.2   0.9   2   2   1.1e-15   2.7e-13   46.3   0.1   115   245    59   191    58   195 0.86 -
contig_13085_pilon:902-109            -            219 19837at314147        -            383   5.3e-15   52.0   0.9   1   2   0.00011     0.026   10.2   0.0   214   260    28    70    14    73 0.83 -
contig_13085_pilon:902-109            -            219 19837at314147        -            383   5.3e-15   52.0   0.9   2   2     6e-16   1.4e-13   47.3   1.0   137   299    37   177    28   213 0.77 -
NW_025965155.1_RagTag:69796-68828     -            323 19837at314147        -            383   1.3e-05   21.0   0.1   1   2   1.1e-07   2.5e-05   20.1   0.1   146   332    69   260    20   280 0.78 -
NW_025965155.1_RagTag:69796-68828     -            323 19837at314147        -            383   1.3e-05   21.0   0.1   2   2       1.3   3.1e+02   -3.3   0.0    26    39   292   305   281   312 0.60 -
NW_025965316.1_RagTag:4448267-4447818 -            150 19837at314147        -            383   7.4e-05   18.6   0.1   1   2     0.019       4.5    2.8   0.0   144   184    12    52     1    73 0.79 -
NW_025965316.1_RagTag:4448267-4447818 -            150 19837at314147        -            383   7.4e-05   18.6   0.1   2   2   7.1e-06    0.0017   14.1   0.1   345   380   112   147   103   150 0.90 -
NW_025965321.1_RagTag:3116320-3115622 -            233 19837at314147        -            383   0.00016   17.5   0.1   1   1   8.8e-07   0.00021   17.1   0.1   135   253     5   126     3   183 0.68 -
NW_025965114.1_RagTag:29747-29574     -             58 19837at314147        -            383   0.00018   17.3   0.0   1   1   8.8e-07   0.00021   17.1   0.0   133   169     8    43     3    51 0.69 -
#
# Program:         hmmsearch
# Version:         3.1b2 (February 2015)
# Pipeline mode:   SEARCH
# Query file:      /home/bgerda/guppy_SUP/busco_downloads/lineages/glires_odb10/hmms/19837at314147.hmm
# Target file:     /home/bgerda/guppy_SUP/busco_results_flye/run_glires_odb10/metaeuk_output/initial_results/ragtag.scaffold.fasta.modified.fas
# Option settings: hmmsearch --domtblout /home/bgerda/guppy_SUP/busco_results_flye/run_glires_odb10/hmmer_output/initial_run_results/19837at314147.out --cpu 1 /home/bgerda/guppy_SUP/busco_downloads/lineages/glires_odb10/hmms/19837at314147.hmm /home/bgerda/guppy_SUP/busco_results_flye/run_glires_odb10/metaeuk_output/initial_results/ragtag.scaffold.fasta.modified.fas 
# Current dir:     /home/bgerda/guppy_SUP
# Date:            Sun May 21 17:16:55 2023
# [ok]
