#                                                                                             --- full sequence --- -------------- this domain -------------   hmm coord   ali coord   env coord
# target name                         accession   tlen query name           accession   qlen   E-value  score  bias   #  of  c-Evalue  i-Evalue  score  bias  from    to  from    to  from    to  acc description of target
#                 ------------------- ---------- ----- -------------------- ---------- ----- --------- ------ ----- --- --- --------- --------- ------ ----- ----- ----- ----- ----- ----- ----- ---- ---------------------
contig_50121_pilon:804-1229           -            142 21520at314147        -            413   1.1e-09   33.8   0.7   1   2   1.1e-11   1.6e-09   33.3   0.1     7    82     1    74     1    87 0.89 -
contig_50121_pilon:804-1229           -            142 21520at314147        -            413   1.1e-09   33.8   0.7   2   2      0.91   1.3e+02   -2.6   0.0     6    18    97   109    93   116 0.81 -
NW_025965319.1_RagTag:4368574-4368218 -            119 21520at314147        -            413     4e-05   18.8   0.7   1   1   3.3e-07   4.7e-05   18.6   0.7     6    51     3    45     1    71 0.82 -
NW_025965309.1_RagTag:3486659-3486297 -            121 21520at314147        -            413   0.00014   17.0   1.6   1   1   1.4e-06   0.00019   16.6   1.6    11    56    71   114    60   117 0.79 -
NW_025965040.1_RagTag:266331-266095   -             79 21520at314147        -            413   0.00026   16.1   1.0   1   1   2.3e-06   0.00032   15.8   1.0     6    53    29    74    25    77 0.87 -
NW_025965040.1_RagTag:265376-265137   -             80 21520at314147        -            413    0.0011   14.1   1.7   1   1     9e-06    0.0013   13.8   1.7     6    50    38    80    34    80 0.91 -
contig_4568_pilon:1345-1638           -             98 21520at314147        -            413    0.0024   13.0   1.8   1   1   1.6e-05    0.0023   13.0   1.8    18    54    10    47     1    84 0.75 -
NW_025965314.1_RagTag:623697-623012   -            157 21520at314147        -            413    0.0037   12.3   5.3   1   2   6.4e-05     0.009   11.1   4.9     8    63    22    73    18   108 0.74 -
NW_025965314.1_RagTag:623697-623012   -            157 21520at314147        -            413    0.0037   12.3   5.3   2   2      0.12        16    0.3   0.0   101   313    79   112    66   134 0.53 -
NW_025965314.1_RagTag:669272-667462   -            600 21520at314147        -            413    0.0045   12.1   0.5   1   1   5.3e-05    0.0075   11.3   0.5     7    53   546   590   541   596 0.86 -
NW_025965308.1_RagTag:1031163-1030706 -            150 21520at314147        -            413    0.0058   11.7   1.6   1   1   5.4e-05    0.0077   11.3   1.6     7    50    95   136    90   142 0.87 -
NW_025965075.1_RagTag:21988-27231     -            378 21520at314147        -            413    0.0067   11.5   1.6   1   1   7.4e-05     0.011   10.8   1.6     6    51   324   367   320   374 0.83 -
#
# Program:         hmmsearch
# Version:         3.1b2 (February 2015)
# Pipeline mode:   SEARCH
# Query file:      /home/bgerda/guppy_SUP/busco_downloads/lineages/glires_odb10/hmms/21520at314147.hmm
# Target file:     /home/bgerda/guppy_SUP/busco_results_flye/run_glires_odb10/metaeuk_output/initial_results/ragtag.scaffold.fasta.modified.fas
# Option settings: hmmsearch --domtblout /home/bgerda/guppy_SUP/busco_results_flye/run_glires_odb10/hmmer_output/initial_run_results/21520at314147.out --cpu 1 /home/bgerda/guppy_SUP/busco_downloads/lineages/glires_odb10/hmms/21520at314147.hmm /home/bgerda/guppy_SUP/busco_results_flye/run_glires_odb10/metaeuk_output/initial_results/ragtag.scaffold.fasta.modified.fas 
# Current dir:     /home/bgerda/guppy_SUP
# Date:            Sun May 21 17:16:57 2023
# [ok]
