#                                                                                             --- full sequence --- -------------- this domain -------------   hmm coord   ali coord   env coord
# target name                         accession   tlen query name           accession   qlen   E-value  score  bias   #  of  c-Evalue  i-Evalue  score  bias  from    to  from    to  from    to  acc description of target
#                 ------------------- ---------- ----- -------------------- ---------- ----- --------- ------ ----- --- --- --------- --------- ------ ----- ----- ----- ----- ----- ----- ----- ---- ---------------------
contig_13085_pilon:902-109            -            219 22218at314147        -            387   5.8e-09   31.7   1.2   1   3     0.012       3.5    2.8   0.0    44    71    39    66    25    73 0.85 -
contig_13085_pilon:902-109            -            219 22218at314147        -            387   5.8e-09   31.7   1.2   2   3   6.6e-07   0.00019   16.9   0.4   223   256    73   106    65   111 0.93 -
contig_13085_pilon:902-109            -            219 22218at314147        -            387   5.8e-09   31.7   1.2   3   3   0.00012     0.033    9.5   0.0    43    69   153   179   136   200 0.85 -
NW_025965287.1_RagTag:1529085-1528498 -            196 22218at314147        -            387   6.1e-09   31.6   3.2   1   2   7.1e-05      0.02   10.2   0.5   186   256     8    70     3    72 0.83 -
NW_025965287.1_RagTag:1529085-1528498 -            196 22218at314147        -            387   6.1e-09   31.6   3.2   2   2   4.3e-08   1.2e-05   20.8   1.4    35   172    36   164    32   195 0.71 -
NW_025965114.1_RagTag:29747-29574     -             58 22218at314147        -            387   2.6e-06   23.0   0.0   1   1     1e-08     3e-06   22.8   0.0   222   256     9    43     4    48 0.92 -
NW_025965321.1_RagTag:3116320-3115622 -            233 22218at314147        -            387   2.5e-05   19.8   0.0   1   2   4.3e-05     0.012   10.9   0.0    38    72     7    41     3    50 0.89 -
NW_025965321.1_RagTag:3116320-3115622 -            233 22218at314147        -            387   2.5e-05   19.8   0.0   2   2   0.00069      0.19    6.9   0.0   150   260    69   180    55   200 0.75 -
NW_025965155.1_RagTag:69796-68828     -            323 22218at314147        -            387    0.0011   14.3   0.1   1   3    0.0016      0.45    5.7   0.1   230   257   152   179   136   193 0.78 -
NW_025965155.1_RagTag:69796-68828     -            323 22218at314147        -            387    0.0011   14.3   0.1   2   3    0.0034      0.96    4.6   0.0    46    96   198   250   188   260 0.75 -
NW_025965155.1_RagTag:69796-68828     -            323 22218at314147        -            387    0.0011   14.3   0.1   3   3      0.16        46   -0.9   0.0    37    57   285   305   280   316 0.84 -
#
# Program:         hmmsearch
# Version:         3.1b2 (February 2015)
# Pipeline mode:   SEARCH
# Query file:      /home/bgerda/guppy_SUP/busco_downloads/lineages/glires_odb10/hmms/22218at314147.hmm
# Target file:     /home/bgerda/guppy_SUP/busco_results_flye/run_glires_odb10/metaeuk_output/initial_results/ragtag.scaffold.fasta.modified.fas
# Option settings: hmmsearch --domtblout /home/bgerda/guppy_SUP/busco_results_flye/run_glires_odb10/hmmer_output/initial_run_results/22218at314147.out --cpu 1 /home/bgerda/guppy_SUP/busco_downloads/lineages/glires_odb10/hmms/22218at314147.hmm /home/bgerda/guppy_SUP/busco_results_flye/run_glires_odb10/metaeuk_output/initial_results/ragtag.scaffold.fasta.modified.fas 
# Current dir:     /home/bgerda/guppy_SUP
# Date:            Sun May 21 17:16:54 2023
# [ok]
