#                                                                                             --- full sequence --- -------------- this domain -------------   hmm coord   ali coord   env coord
# target name                         accession   tlen query name           accession   qlen   E-value  score  bias   #  of  c-Evalue  i-Evalue  score  bias  from    to  from    to  from    to  acc description of target
#                 ------------------- ---------- ----- -------------------- ---------- ----- --------- ------ ----- --- --- --------- --------- ------ ----- ----- ----- ----- ----- ----- ----- ---- ---------------------
NW_025965272.1_RagTag:164067-164693   -            209 23917at314147        -            350   7.2e-08   28.1  15.4   1   2      0.81   1.6e+02   -2.7   0.5    91   104    49    59    33    84 0.58 -
NW_025965272.1_RagTag:164067-164693   -            209 23917at314147        -            350   7.2e-08   28.1  15.4   2   2   3.6e-10   7.2e-08   28.1  15.4    98   211    92   208    71   209 0.63 -
NW_025965309.1_RagTag:3395110-3394499 -            204 23917at314147        -            350     5e-07   25.3   0.1   1   1   3.6e-09   7.3e-07   24.8   0.1   261   325    64   128    45   137 0.83 -
NW_025965218.1_RagTag:1405061-1401683 -            206 23917at314147        -            350   5.5e-05   18.6   0.2   1   1   3.2e-07   6.5e-05   18.4   0.2   266   333    71   142    20   154 0.80 -
NW_025965177.1_RagTag:240911-240603   -            103 23917at314147        -            350    0.0002   16.8   0.1   1   1   9.9e-07    0.0002   16.8   0.1   266   321    48   103    18   103 0.94 -
NW_025965324.1_RagTag:3058697-3059438 -            122 23917at314147        -            350   0.00043   15.7   0.1   1   1   2.7e-06   0.00054   15.3   0.1   262   324    29    90    23   100 0.86 -
NW_025965324.1_RagTag:3071511-3072352 -            184 23917at314147        -            350   0.00052   15.4   0.0   1   1     4e-06   0.00081   14.8   0.0   285   325   105   143    77   152 0.79 -
NW_025965300.1_RagTag:1789604-1791787 -            728 23917at314147        -            350   0.00063   15.1   1.3   1   4     0.001      0.21    6.8   0.0   284   322   167   205   153   226 0.87 -
NW_025965300.1_RagTag:1789604-1791787 -            728 23917at314147        -            350   0.00063   15.1   1.3   2   4      0.31        63   -1.3   0.0   281   321   344   384   332   390 0.84 -
NW_025965300.1_RagTag:1789604-1791787 -            728 23917at314147        -            350   0.00063   15.1   1.3   3   4    0.0043      0.86    4.8   0.1   281   325   434   478   423   484 0.90 -
NW_025965300.1_RagTag:1789604-1791787 -            728 23917at314147        -            350   0.00063   15.1   1.3   4   4      0.44        88   -1.8   0.0   212   246   549   583   531   589 0.60 -
#
# Program:         hmmsearch
# Version:         3.1b2 (February 2015)
# Pipeline mode:   SEARCH
# Query file:      /home/bgerda/guppy_SUP/busco_downloads/lineages/glires_odb10/hmms/23917at314147.hmm
# Target file:     /home/bgerda/guppy_SUP/busco_results_flye/run_glires_odb10/metaeuk_output/initial_results/ragtag.scaffold.fasta.modified.fas
# Option settings: hmmsearch --domtblout /home/bgerda/guppy_SUP/busco_results_flye/run_glires_odb10/hmmer_output/initial_run_results/23917at314147.out --cpu 1 /home/bgerda/guppy_SUP/busco_downloads/lineages/glires_odb10/hmms/23917at314147.hmm /home/bgerda/guppy_SUP/busco_results_flye/run_glires_odb10/metaeuk_output/initial_results/ragtag.scaffold.fasta.modified.fas 
# Current dir:     /home/bgerda/guppy_SUP
# Date:            Sun May 21 17:16:56 2023
# [ok]
