#                                                                                             --- full sequence --- -------------- this domain -------------   hmm coord   ali coord   env coord
# target name                         accession   tlen query name           accession   qlen   E-value  score  bias   #  of  c-Evalue  i-Evalue  score  bias  from    to  from    to  from    to  acc description of target
#                 ------------------- ---------- ----- -------------------- ---------- ----- --------- ------ ----- --- --- --------- --------- ------ ----- ----- ----- ----- ----- ----- ----- ---- ---------------------
NW_025965188.1_RagTag:479764-480330   -            189 24141at314147        -            304   2.9e-12   42.6   0.1   1   2   1.5e-05    0.0024   13.3   0.0   233   285    41    94    25   109 0.55 -
NW_025965188.1_RagTag:479764-480330   -            189 24141at314147        -            304   2.9e-12   42.6   0.1   2   2   8.4e-10   1.3e-07   27.3   0.1   140   203   121   184   112   188 0.92 -
NW_025965344.1_RagTag:44205-38804     -            204 24141at314147        -            304   3.2e-12   42.4   0.0   1   2   2.7e-06   0.00043   15.7   0.0   110   178    52   120    26   125 0.85 -
NW_025965344.1_RagTag:44205-38804     -            204 24141at314147        -            304   3.2e-12   42.4   0.0   2   2   1.1e-10   1.7e-08   30.2   0.0   229   293   111   175   107   185 0.88 -
NW_025965163.1_RagTag:39462-30569     -            761 24141at314147        -            304   2.3e-08   29.8   0.2   1   1   5.8e-10   9.1e-08   27.8   0.1   228   278   461   511   446   532 0.81 -
NW_025965276.1_RagTag:401981-402454   -            158 24141at314147        -            304   5.6e-07   25.2   0.1   1   2     4e-07   6.2e-05   18.5   0.0   187   278     9   112     4   114 0.70 -
NW_025965276.1_RagTag:401981-402454   -            158 24141at314147        -            304   5.6e-07   25.2   0.1   2   2    0.0021      0.34    6.2   0.0   230   276    97   146    90   157 0.67 -
NW_025965288.1_RagTag:116076-117766   -            294 24141at314147        -            304   3.8e-06   22.5   0.0   1   1   3.4e-08   5.3e-06   22.0   0.0   228   281    98   151    73   169 0.84 -
NW_025965352.1_RagTag:111207-112973   -            318 24141at314147        -            304   7.4e-05   18.2   0.0   1   1     7e-07   0.00011   17.7   0.0   125   180     3    58     1    75 0.72 -
NW_025965287.1_RagTag:1600616-1605266 -            433 24141at314147        -            304   0.00018   17.0   0.1   1   1   1.9e-06    0.0003   16.2   0.1   128   213   327   415   298   425 0.75 -
NW_025965288.1_RagTag:106194-105970   -             75 24141at314147        -            304   0.00022   16.7   0.0   1   1   1.6e-06   0.00025   16.5   0.0   174   220     2    51     1    75 0.76 -
NW_025965306.1_RagTag:1072482-1073591 -            370 24141at314147        -            304    0.0054   12.1   0.0   1   1   6.4e-05      0.01   11.2   0.0   221   276    22    78    11   104 0.64 -
#
# Program:         hmmsearch
# Version:         3.1b2 (February 2015)
# Pipeline mode:   SEARCH
# Query file:      /home/bgerda/guppy_SUP/busco_downloads/lineages/glires_odb10/hmms/24141at314147.hmm
# Target file:     /home/bgerda/guppy_SUP/busco_results_flye/run_glires_odb10/metaeuk_output/initial_results/ragtag.scaffold.fasta.modified.fas
# Option settings: hmmsearch --domtblout /home/bgerda/guppy_SUP/busco_results_flye/run_glires_odb10/hmmer_output/initial_run_results/24141at314147.out --cpu 1 /home/bgerda/guppy_SUP/busco_downloads/lineages/glires_odb10/hmms/24141at314147.hmm /home/bgerda/guppy_SUP/busco_results_flye/run_glires_odb10/metaeuk_output/initial_results/ragtag.scaffold.fasta.modified.fas 
# Current dir:     /home/bgerda/guppy_SUP
# Date:            Sun May 21 17:16:52 2023
# [ok]
