#                                                                                             --- full sequence --- -------------- this domain -------------   hmm coord   ali coord   env coord
# target name                         accession   tlen query name           accession   qlen   E-value  score  bias   #  of  c-Evalue  i-Evalue  score  bias  from    to  from    to  from    to  acc description of target
#                 ------------------- ---------- ----- -------------------- ---------- ----- --------- ------ ----- --- --- --------- --------- ------ ----- ----- ----- ----- ----- ----- ----- ---- ---------------------
NW_025965163.1_RagTag:39462-30569     -            761 24748at314147        -            291   2.9e-11   39.6   0.2   1   2     0.067        12    1.5   0.0    95   136   420   463   417   467 0.78 -
NW_025965163.1_RagTag:39462-30569     -            761 24748at314147        -            291   2.9e-11   39.6   0.2   2   2   6.3e-13   1.1e-10   37.7   0.2    61   156   454   548   451   572 0.89 -
NW_025965276.1_RagTag:401981-402454   -            158 24748at314147        -            291   1.1e-09   34.4   0.3   1   1   9.1e-12   1.6e-09   33.9   0.3    61   187    16   147     6   156 0.76 -
NW_025965188.1_RagTag:479764-480330   -            189 24748at314147        -            291   1.2e-08   31.0   0.1   1   2   1.1e-06    0.0002   17.1   0.0    72   132    40   101    26   112 0.85 -
NW_025965188.1_RagTag:479764-480330   -            189 24748at314147        -            291   1.2e-08   31.0   0.1   2   2   3.4e-05     0.006   12.3   0.1    74   132   122   180   101   188 0.82 -
NW_025965344.1_RagTag:44205-38804     -            204 24748at314147        -            291     2e-08   30.2   0.0   1   2   5.6e-07   9.8e-05   18.1   0.0    64   154    40   129    12   131 0.77 -
NW_025965344.1_RagTag:44205-38804     -            204 24748at314147        -            291     2e-08   30.2   0.0   2   2   0.00013     0.023   10.4   0.0    56   110   131   185   127   190 0.85 -
NW_025965306.1_RagTag:1072482-1073591 -            370 24748at314147        -            291   0.00017   17.4   0.0   1   1   1.4e-06   0.00026   16.8   0.0    55   127    18    90    15   122 0.81 -
NW_025965288.1_RagTag:106194-105970   -             75 24748at314147        -            291   0.00069   15.4   0.0   1   1   3.9e-06    0.0007   15.4   0.0    74   142     2    73     1    75 0.81 -
NW_025965287.1_RagTag:1600616-1605266 -            433 24748at314147        -            291   0.00088   15.0   0.1   1   1   8.1e-06    0.0014   14.3   0.1    61   148   327   417   305   427 0.86 -
NW_025965288.1_RagTag:116076-117766   -            294 24748at314147        -            291    0.0066   12.1   0.0   1   1     6e-05     0.011   11.5   0.0    91   154    88   152    61   179 0.58 -
#
# Program:         hmmsearch
# Version:         3.1b2 (February 2015)
# Pipeline mode:   SEARCH
# Query file:      /home/bgerda/guppy_SUP/busco_downloads/lineages/glires_odb10/hmms/24748at314147.hmm
# Target file:     /home/bgerda/guppy_SUP/busco_results_flye/run_glires_odb10/metaeuk_output/initial_results/ragtag.scaffold.fasta.modified.fas
# Option settings: hmmsearch --domtblout /home/bgerda/guppy_SUP/busco_results_flye/run_glires_odb10/hmmer_output/initial_run_results/24748at314147.out --cpu 1 /home/bgerda/guppy_SUP/busco_downloads/lineages/glires_odb10/hmms/24748at314147.hmm /home/bgerda/guppy_SUP/busco_results_flye/run_glires_odb10/metaeuk_output/initial_results/ragtag.scaffold.fasta.modified.fas 
# Current dir:     /home/bgerda/guppy_SUP
# Date:            Sun May 21 17:16:59 2023
# [ok]
