#                                                                                             --- full sequence --- -------------- this domain -------------   hmm coord   ali coord   env coord
# target name                         accession   tlen query name           accession   qlen   E-value  score  bias   #  of  c-Evalue  i-Evalue  score  bias  from    to  from    to  from    to  acc description of target
#                 ------------------- ---------- ----- -------------------- ---------- ----- --------- ------ ----- --- --- --------- --------- ------ ----- ----- ----- ----- ----- ----- ----- ---- ---------------------
NW_025965321.1_RagTag:3116320-3115622 -            233 25564at314147        -            305   8.6e-08   28.3   0.4   1   2      0.02       5.6    2.6   0.0   140   176     3    39     2    49 0.87 -
NW_025965321.1_RagTag:3116320-3115622 -            233 25564at314147        -            305   8.6e-08   28.3   0.4   2   2   8.9e-09   2.5e-06   23.4   0.1   116   175    68   127    58   132 0.89 -
NW_025965287.1_RagTag:1529085-1528498 -            196 25564at314147        -            305   1.5e-06   24.2   0.0   1   2     6e-06    0.0017   14.2   0.0   118   175    13    70     2    78 0.87 -
NW_025965287.1_RagTag:1529085-1528498 -            196 25564at314147        -            305   1.5e-06   24.2   0.0   2   2   0.00054      0.15    7.7   0.0   113   176    93   159    80   172 0.78 -
contig_13085_pilon:902-109            -            219 25564at314147        -            305   6.4e-05   18.8   0.0   1   3   0.00011     0.031   10.0   0.0    96   176    27   107    21   110 0.81 -
contig_13085_pilon:902-109            -            219 25564at314147        -            305   6.4e-05   18.8   0.0   2   3   8.1e-06    0.0023   13.7   0.0   116   170    89   142    79   147 0.83 -
contig_13085_pilon:902-109            -            219 25564at314147        -            305   6.4e-05   18.8   0.0   3   3       0.8   2.3e+02   -2.7   0.0   168   182   172   186   158   215 0.52 -
NW_025965114.1_RagTag:29747-29574     -             58 25564at314147        -            305   7.3e-05   18.6   0.0   1   1   2.6e-07   7.3e-05   18.6   0.0   138   185     6    53     2    58 0.84 -
NW_025965310.1_RagTag:498896-512586   -            308 25564at314147        -            305     0.008   11.9   0.0   1   2   0.00038      0.11    8.2   0.0   125   179   100   154    85   209 0.73 -
NW_025965310.1_RagTag:498896-512586   -            308 25564at314147        -            305     0.008   11.9   0.0   2   2     0.037        10    1.7   0.0   144   176   218   251   198   306 0.77 -
#
# Program:         hmmsearch
# Version:         3.1b2 (February 2015)
# Pipeline mode:   SEARCH
# Query file:      /home/bgerda/guppy_SUP/busco_downloads/lineages/glires_odb10/hmms/25564at314147.hmm
# Target file:     /home/bgerda/guppy_SUP/busco_results_flye/run_glires_odb10/metaeuk_output/initial_results/ragtag.scaffold.fasta.modified.fas
# Option settings: hmmsearch --domtblout /home/bgerda/guppy_SUP/busco_results_flye/run_glires_odb10/hmmer_output/initial_run_results/25564at314147.out --cpu 1 /home/bgerda/guppy_SUP/busco_downloads/lineages/glires_odb10/hmms/25564at314147.hmm /home/bgerda/guppy_SUP/busco_results_flye/run_glires_odb10/metaeuk_output/initial_results/ragtag.scaffold.fasta.modified.fas 
# Current dir:     /home/bgerda/guppy_SUP
# Date:            Sun May 21 17:16:55 2023
# [ok]
