#                                                                                             --- full sequence --- -------------- this domain -------------   hmm coord   ali coord   env coord
# target name                         accession   tlen query name           accession   qlen   E-value  score  bias   #  of  c-Evalue  i-Evalue  score  bias  from    to  from    to  from    to  acc description of target
#                 ------------------- ---------- ----- -------------------- ---------- ----- --------- ------ ----- --- --- --------- --------- ------ ----- ----- ----- ----- ----- ----- ----- ---- ---------------------
NW_025965230.1_RagTag:1015525-1015103 -            141 25566at314147        -            272   9.9e-25   83.6   0.0   1   2   5.2e-25   1.2e-22   76.7   0.0   175   265     1   104     1   105 0.79 -
NW_025965230.1_RagTag:1015525-1015103 -            141 25566at314147        -            272   9.9e-25   83.6   0.0   2   2   0.00071      0.17    7.4   0.0    64   110    78   124    71   132 0.74 -
NW_025965022.1_RagTag:225526-224633   -            298 25566at314147        -            272   8.4e-12   41.2   0.5   1   3   7.5e-07   0.00018   17.1   0.1   125   238    13   140     7   147 0.73 -
NW_025965022.1_RagTag:225526-224633   -            298 25566at314147        -            272   8.4e-12   41.2   0.5   2   3   7.2e-06    0.0017   13.9   0.0    67   148   153   238   145   247 0.77 -
NW_025965022.1_RagTag:225526-224633   -            298 25566at314147        -            272   8.4e-12   41.2   0.5   3   3    0.0025       0.6    5.6   0.0    68    98   251   281   245   297 0.77 -
NW_025965317.1_RagTag:2494922-2495710 -            263 25566at314147        -            272   1.9e-09   33.4   0.0   1   1     1e-11   2.4e-09   33.1   0.0    70   244    31   212     4   243 0.74 -
NW_025965280.1_RagTag:82472-86250     -            268 25566at314147        -            272   2.1e-09   33.3   0.0   1   2     0.027       6.4    2.2   0.0   216   241    58    83    40    88 0.88 -
NW_025965280.1_RagTag:82472-86250     -            268 25566at314147        -            272   2.1e-09   33.3   0.0   2   2   1.8e-10   4.2e-08   29.0   0.0    65   223    89   260    85   268 0.79 -
NW_025965103.1_RagTag:1137032-1137583 -            184 25566at314147        -            272   6.8e-06   21.8   0.0   1   2   1.6e-05    0.0038   12.8   0.0    65   148    36   124    10   134 0.71 -
NW_025965103.1_RagTag:1137032-1137583 -            184 25566at314147        -            272   6.8e-06   21.8   0.0   2   2    0.0011      0.26    6.7   0.0    68    99   137   168   129   183 0.77 -
NW_025965256.1_RagTag:654249-651778   -            143 25566at314147        -            272   2.2e-05   20.1   0.0   1   2   1.1e-05    0.0026   13.3   0.0     7    44    53    90    48    98 0.84 -
NW_025965256.1_RagTag:654249-651778   -            143 25566at314147        -            272   2.2e-05   20.1   0.0   2   2    0.0035      0.83    5.1   0.0    21    39   104   122    93   138 0.81 -
#
# Program:         hmmsearch
# Version:         3.1b2 (February 2015)
# Pipeline mode:   SEARCH
# Query file:      /home/bgerda/guppy_SUP/busco_downloads/lineages/glires_odb10/hmms/25566at314147.hmm
# Target file:     /home/bgerda/guppy_SUP/busco_results_flye/run_glires_odb10/metaeuk_output/initial_results/ragtag.scaffold.fasta.modified.fas
# Option settings: hmmsearch --domtblout /home/bgerda/guppy_SUP/busco_results_flye/run_glires_odb10/hmmer_output/initial_run_results/25566at314147.out --cpu 1 /home/bgerda/guppy_SUP/busco_downloads/lineages/glires_odb10/hmms/25566at314147.hmm /home/bgerda/guppy_SUP/busco_results_flye/run_glires_odb10/metaeuk_output/initial_results/ragtag.scaffold.fasta.modified.fas 
# Current dir:     /home/bgerda/guppy_SUP
# Date:            Sun May 21 17:16:56 2023
# [ok]
