#                                                                                             --- full sequence --- -------------- this domain -------------   hmm coord   ali coord   env coord
# target name                         accession   tlen query name           accession   qlen   E-value  score  bias   #  of  c-Evalue  i-Evalue  score  bias  from    to  from    to  from    to  acc description of target
#                 ------------------- ---------- ----- -------------------- ---------- ----- --------- ------ ----- --- --- --------- --------- ------ ----- ----- ----- ----- ----- ----- ----- ---- ---------------------
NW_025965022.1_RagTag:225526-224633   -            298 25738at314147        -            261     2e-17   59.9   0.2   1   1   1.1e-19   2.7e-17   59.4   0.2     5   260    28   280    23   281 0.85 -
NW_025965280.1_RagTag:82472-86250     -            268 25738at314147        -            261     3e-10   36.3   0.3   1   3   2.2e-05    0.0051   12.6   0.0    91   153    56   114    52   119 0.90 -
NW_025965280.1_RagTag:82472-86250     -            268 25738at314147        -            261     3e-10   36.3   0.3   2   3   1.6e-08   3.8e-06   22.9   0.1     3   156    71   214    69   218 0.86 -
NW_025965280.1_RagTag:82472-86250     -            268 25738at314147        -            261     3e-10   36.3   0.3   3   3   4.9e-05     0.012   11.5   0.0    28   100   188   260   180   268 0.85 -
NW_025965230.1_RagTag:1015525-1015103 -            141 25738at314147        -            261   7.4e-10   35.0   0.0   1   1   3.8e-12   8.9e-10   34.8   0.0    56   178     5   129     2   137 0.83 -
NW_025965103.1_RagTag:1137032-1137583 -            184 25738at314147        -            261   3.9e-07   26.1   0.0   1   1   2.2e-09   5.2e-07   25.7   0.0   108   260    18   166     2   167 0.78 -
NW_025965256.1_RagTag:654249-651778   -            143 25738at314147        -            261   0.00033   16.5   0.4   1   2   3.1e-05    0.0072   12.1   0.1    92   127    53    88    16    97 0.84 -
NW_025965256.1_RagTag:654249-651778   -            143 25738at314147        -            261   0.00033   16.5   0.4   2   2     0.021         5    2.8   0.0   207   245   104   138    95   142 0.55 -
NW_025965317.1_RagTag:2494922-2495710 -            263 25738at314147        -            261    0.0017   14.2   0.0   1   2     0.032       7.5    2.3   0.0   230   258    27    55    14    58 0.73 -
NW_025965317.1_RagTag:2494922-2495710 -            263 25738at314147        -            261    0.0017   14.2   0.0   2   2   3.7e-05    0.0088   11.9   0.0    36   220    35   210    25   225 0.71 -
#
# Program:         hmmsearch
# Version:         3.1b2 (February 2015)
# Pipeline mode:   SEARCH
# Query file:      /home/bgerda/guppy_SUP/busco_downloads/lineages/glires_odb10/hmms/25738at314147.hmm
# Target file:     /home/bgerda/guppy_SUP/busco_results_flye/run_glires_odb10/metaeuk_output/initial_results/ragtag.scaffold.fasta.modified.fas
# Option settings: hmmsearch --domtblout /home/bgerda/guppy_SUP/busco_results_flye/run_glires_odb10/hmmer_output/initial_run_results/25738at314147.out --cpu 1 /home/bgerda/guppy_SUP/busco_downloads/lineages/glires_odb10/hmms/25738at314147.hmm /home/bgerda/guppy_SUP/busco_results_flye/run_glires_odb10/metaeuk_output/initial_results/ragtag.scaffold.fasta.modified.fas 
# Current dir:     /home/bgerda/guppy_SUP
# Date:            Sun May 21 17:16:54 2023
# [ok]
