#                                                                                             --- full sequence --- -------------- this domain -------------   hmm coord   ali coord   env coord
# target name                         accession   tlen query name           accession   qlen   E-value  score  bias   #  of  c-Evalue  i-Evalue  score  bias  from    to  from    to  from    to  acc description of target
#                 ------------------- ---------- ----- -------------------- ---------- ----- --------- ------ ----- --- --- --------- --------- ------ ----- ----- ----- ----- ----- ----- ----- ---- ---------------------
NW_025965287.1_RagTag:1529085-1528498 -            196 25799at314147        -            323   1.9e-07   26.6   0.3   1   2     2e-06   0.00071   14.9   0.2   204   267    11    72     2    84 0.89 -
NW_025965287.1_RagTag:1529085-1528498 -            196 25799at314147        -            323   1.9e-07   26.6   0.3   2   2     6e-06    0.0021   13.3   0.0   201   269    50   117    46   142 0.84 -
contig_13085_pilon:902-109            -            219 25799at314147        -            323   1.9e-06   23.3   0.0   1   2   2.5e-07   8.7e-05   17.9   0.1   182   267    23   108    12   119 0.79 -
contig_13085_pilon:902-109            -            219 25799at314147        -            323   1.9e-06   23.3   0.0   2   2    0.0097       3.5    2.8   0.0     7    42   116   151   110   189 0.69 -
NW_025965321.1_RagTag:3116320-3115622 -            233 25799at314147        -            323   0.00036   15.8   0.6   1   3   0.00042      0.15    7.3   0.1   196   264    13    84     5    89 0.69 -
NW_025965321.1_RagTag:3116320-3115622 -            233 25799at314147        -            323   0.00036   15.8   0.6   2   3   0.00076      0.27    6.4   0.0   231   265    92   127    86   133 0.85 -
NW_025965321.1_RagTag:3116320-3115622 -            233 25799at314147        -            323   0.00036   15.8   0.6   3   3      0.89   3.2e+02   -3.7   0.0   104   122   162   179   151   186 0.70 -
NW_025965155.1_RagTag:69796-68828     -            323 25799at314147        -            323   0.00053   15.3   0.2   1   4    0.0045       1.6    3.9   0.0   234   270    16    52     4    63 0.85 -
NW_025965155.1_RagTag:69796-68828     -            323 25799at314147        -            323   0.00053   15.3   0.2   2   4      0.33   1.2e+02   -2.3   0.0    67    88    94   116    67   122 0.58 -
NW_025965155.1_RagTag:69796-68828     -            323 25799at314147        -            323   0.00053   15.3   0.2   3   4     0.005       1.8    3.7   0.0   239   269   152   182   128   190 0.82 -
NW_025965155.1_RagTag:69796-68828     -            323 25799at314147        -            323   0.00053   15.3   0.2   4   4    0.0064       2.2    3.4   0.1    14    81   196   264   183   276 0.57 -
#
# Program:         hmmsearch
# Version:         3.1b2 (February 2015)
# Pipeline mode:   SEARCH
# Query file:      /home/bgerda/guppy_SUP/busco_downloads/lineages/glires_odb10/hmms/25799at314147.hmm
# Target file:     /home/bgerda/guppy_SUP/busco_results_flye/run_glires_odb10/metaeuk_output/initial_results/ragtag.scaffold.fasta.modified.fas
# Option settings: hmmsearch --domtblout /home/bgerda/guppy_SUP/busco_results_flye/run_glires_odb10/hmmer_output/initial_run_results/25799at314147.out --cpu 1 /home/bgerda/guppy_SUP/busco_downloads/lineages/glires_odb10/hmms/25799at314147.hmm /home/bgerda/guppy_SUP/busco_results_flye/run_glires_odb10/metaeuk_output/initial_results/ragtag.scaffold.fasta.modified.fas 
# Current dir:     /home/bgerda/guppy_SUP
# Date:            Sun May 21 17:16:56 2023
# [ok]
