#                                                                                             --- full sequence --- -------------- this domain -------------   hmm coord   ali coord   env coord
# target name                         accession   tlen query name           accession   qlen   E-value  score  bias   #  of  c-Evalue  i-Evalue  score  bias  from    to  from    to  from    to  acc description of target
#                 ------------------- ---------- ----- -------------------- ---------- ----- --------- ------ ----- --- --- --------- --------- ------ ----- ----- ----- ----- ----- ----- ----- ---- ---------------------
NW_025965324.1_RagTag:3261955-3254736 -            264 2675at314147         -           1109   1.6e-16   55.7   2.5   1   2     3e-10   7.1e-08   27.0   0.8   567   652     4    88     2   118 0.78 -
NW_025965324.1_RagTag:3261955-3254736 -            264 2675at314147         -           1109   1.6e-16   55.7   2.5   2   2   9.2e-11   2.2e-08   28.7   0.0   505   637   119   262   102   264 0.80 -
NW_025965324.1_RagTag:3257799-3257200 -            200 2675at314147         -           1109   4.8e-11   37.5   0.1   1   1   3.7e-13   8.7e-11   36.6   0.1   525   650    46   178     3   193 0.77 -
NW_025965548.1_RagTag:8831-1842       -            515 2675at314147         -           1109   8.3e-08   26.8   0.1   1   2   4.8e-07   0.00011   16.4   0.1   239   347    14   141     1   157 0.55 -
NW_025965548.1_RagTag:8831-1842       -            515 2675at314147         -           1109   8.3e-08   26.8   0.1   2   2   0.00022     0.052    7.6   0.0   276   305   174   203   153   212 0.79 -
NW_025965324.1_RagTag:3286322-3285366 -            319 2675at314147         -           1109   1.6e-07   25.9   0.0   1   2   1.6e-06   0.00038   14.7   0.0   327   352     6    31     3    39 0.89 -
NW_025965324.1_RagTag:3286322-3285366 -            319 2675at314147         -           1109   1.6e-07   25.9   0.0   2   2     8e-05     0.019    9.1   0.0   313   434   229   272   215   317 0.64 -
NW_025965309.1_RagTag:3531840-3529118 -            326 2675at314147         -           1109    0.0012   13.0   0.0   1   1   6.4e-06    0.0015   12.7   0.0   276   306    11    41     3    57 0.84 -
NW_025965166.1_RagTag:67000-68733     -            208 2675at314147         -           1109    0.0025   11.9   0.4   1   2    0.0012      0.29    5.1   0.0   320   359    29    68    22    77 0.79 -
NW_025965166.1_RagTag:67000-68733     -            208 2675at314147         -           1109    0.0025   11.9   0.4   2   2   0.00039     0.093    6.8   0.4   521   640    71   195    50   205 0.71 -
#
# Program:         hmmsearch
# Version:         3.1b2 (February 2015)
# Pipeline mode:   SEARCH
# Query file:      /home/bgerda/guppy_SUP/busco_downloads/lineages/glires_odb10/hmms/2675at314147.hmm
# Target file:     /home/bgerda/guppy_SUP/busco_results_flye/run_glires_odb10/metaeuk_output/initial_results/ragtag.scaffold.fasta.modified.fas
# Option settings: hmmsearch --domtblout /home/bgerda/guppy_SUP/busco_results_flye/run_glires_odb10/hmmer_output/initial_run_results/2675at314147.out --cpu 1 /home/bgerda/guppy_SUP/busco_downloads/lineages/glires_odb10/hmms/2675at314147.hmm /home/bgerda/guppy_SUP/busco_results_flye/run_glires_odb10/metaeuk_output/initial_results/ragtag.scaffold.fasta.modified.fas 
# Current dir:     /home/bgerda/guppy_SUP
# Date:            Sun May 21 17:16:54 2023
# [ok]
