#                                                                                             --- full sequence --- -------------- this domain -------------   hmm coord   ali coord   env coord
# target name                         accession   tlen query name           accession   qlen   E-value  score  bias   #  of  c-Evalue  i-Evalue  score  bias  from    to  from    to  from    to  acc description of target
#                 ------------------- ---------- ----- -------------------- ---------- ----- --------- ------ ----- --- --- --------- --------- ------ ----- ----- ----- ----- ----- ----- ----- ---- ---------------------
NW_025965280.1_RagTag:82472-86250     -            268 27735at314147        -             86   1.5e-12   43.8   0.2   1   2   1.7e-07   6.1e-05   19.5   0.0    21    85    61   129    54   130 0.85 -
NW_025965280.1_RagTag:82472-86250     -            268 27735at314147        -             86   1.5e-12   43.8   0.2   2   2   2.4e-08   8.5e-06   22.2   0.1    18    85   157   226   151   227 0.81 -
NW_025965022.1_RagTag:225526-224633   -            298 27735at314147        -             86   4.2e-12   42.4   0.9   1   3   4.9e-06    0.0017   14.8   0.0    11    77     6    80     1    87 0.81 -
NW_025965022.1_RagTag:225526-224633   -            298 27735at314147        -             86   4.2e-12   42.4   0.9   2   3   0.00011     0.039   10.5   0.1    19    76   118   182   113   190 0.72 -
NW_025965022.1_RagTag:225526-224633   -            298 27735at314147        -             86   4.2e-12   42.4   0.9   3   3   9.9e-06    0.0035   13.9   0.0    17    83   214   286   203   289 0.80 -
NW_025965256.1_RagTag:654249-651778   -            143 27735at314147        -             86   0.00023   17.6   0.0   1   2     0.011       3.8    4.1   0.0    30    49    66    85    42    91 0.74 -
NW_025965256.1_RagTag:654249-651778   -            143 27735at314147        -             86   0.00023   17.6   0.0   2   2   7.3e-05     0.026   11.1   0.0    31    64   104   140    90   142 0.85 -
NW_025965317.1_RagTag:2494922-2495710 -            263 27735at314147        -             86    0.0005   16.6   0.1   1   3    0.0015      0.51    6.9   0.0    23    76     7    56     1    65 0.76 -
NW_025965317.1_RagTag:2494922-2495710 -            263 27735at314147        -             86    0.0005   16.6   0.1   2   3      0.22        77   -0.1   0.0    58    77   131   150    86   157 0.73 -
NW_025965317.1_RagTag:2494922-2495710 -            263 27735at314147        -             86    0.0005   16.6   0.1   3   3    0.0034       1.2    5.7   0.0    16    44   182   210   168   247 0.78 -
#
# Program:         hmmsearch
# Version:         3.1b2 (February 2015)
# Pipeline mode:   SEARCH
# Query file:      /home/bgerda/guppy_SUP/busco_downloads/lineages/glires_odb10/hmms/27735at314147.hmm
# Target file:     /home/bgerda/guppy_SUP/busco_results_flye/run_glires_odb10/metaeuk_output/initial_results/ragtag.scaffold.fasta.modified.fas
# Option settings: hmmsearch --domtblout /home/bgerda/guppy_SUP/busco_results_flye/run_glires_odb10/hmmer_output/initial_run_results/27735at314147.out --cpu 1 /home/bgerda/guppy_SUP/busco_downloads/lineages/glires_odb10/hmms/27735at314147.hmm /home/bgerda/guppy_SUP/busco_results_flye/run_glires_odb10/metaeuk_output/initial_results/ragtag.scaffold.fasta.modified.fas 
# Current dir:     /home/bgerda/guppy_SUP
# Date:            Sun May 21 17:16:56 2023
# [ok]
