#                                                                                             --- full sequence --- -------------- this domain -------------   hmm coord   ali coord   env coord
# target name                         accession   tlen query name           accession   qlen   E-value  score  bias   #  of  c-Evalue  i-Evalue  score  bias  from    to  from    to  from    to  acc description of target
#                 ------------------- ---------- ----- -------------------- ---------- ----- --------- ------ ----- --- --- --------- --------- ------ ----- ----- ----- ----- ----- ----- ----- ---- ---------------------
NW_025965225.1_RagTag:634263-633982   -             94 28480at314147        -            294   3.9e-05   19.4   5.7   1   1   2.2e-07   4.4e-05   19.2   5.7    30    72     4    47     1    65 0.84 -
NW_025965287.1_RagTag:1430577-1428329 -            589 28480at314147        -            294   0.00052   15.7   0.6   1   1   4.2e-06   0.00084   15.0   0.6    29    69   431   472   405   484 0.88 -
contig_4568_pilon:1345-1638           -             98 28480at314147        -            294   0.00072   15.2   1.5   1   1   3.7e-06   0.00074   15.2   1.5    31    71     2    45     1    77 0.77 -
NW_025965075.1_RagTag:74487-67481     -            353 28480at314147        -            294   0.00081   15.1   3.2   1   2     4e-06   0.00081   15.1   3.2    31    83    51   103    45   110 0.85 -
NW_025965075.1_RagTag:74487-67481     -            353 28480at314147        -            294   0.00081   15.1   3.2   2   2       2.1   4.2e+02   -3.7   0.1   232   265   132   165   128   168 0.67 -
NW_025965309.1_RagTag:3486659-3486297 -            121 28480at314147        -            294    0.0029   13.3   2.7   1   1   1.5e-05    0.0031   13.2   2.3    35    73    74   112    44   117 0.76 -
NW_025965319.1_RagTag:4368574-4368218 -            119 28480at314147        -            294    0.0072   12.0   4.5   1   1   3.8e-05    0.0077   11.9   4.0    31    71     4    46     2    75 0.78 -
contig_50121_pilon:804-1229           -            142 28480at314147        -            294     0.016   10.8   3.7   1   2   2.4e-05    0.0048   12.6   1.0    31    83     1    55     1    71 0.77 -
contig_50121_pilon:804-1229           -            142 28480at314147        -            294     0.016   10.8   3.7   2   2      0.81   1.6e+02   -2.3   0.1    47    70    83   103    75   118 0.70 -
#
# Program:         hmmsearch
# Version:         3.1b2 (February 2015)
# Pipeline mode:   SEARCH
# Query file:      /home/bgerda/guppy_SUP/busco_downloads/lineages/glires_odb10/hmms/28480at314147.hmm
# Target file:     /home/bgerda/guppy_SUP/busco_results_flye/run_glires_odb10/metaeuk_output/initial_results/ragtag.scaffold.fasta.modified.fas
# Option settings: hmmsearch --domtblout /home/bgerda/guppy_SUP/busco_results_flye/run_glires_odb10/hmmer_output/initial_run_results/28480at314147.out --cpu 1 /home/bgerda/guppy_SUP/busco_downloads/lineages/glires_odb10/hmms/28480at314147.hmm /home/bgerda/guppy_SUP/busco_results_flye/run_glires_odb10/metaeuk_output/initial_results/ragtag.scaffold.fasta.modified.fas 
# Current dir:     /home/bgerda/guppy_SUP
# Date:            Sun May 21 17:16:58 2023
# [ok]
