#                                                                                             --- full sequence --- -------------- this domain -------------   hmm coord   ali coord   env coord
# target name                         accession   tlen query name           accession   qlen   E-value  score  bias   #  of  c-Evalue  i-Evalue  score  bias  from    to  from    to  from    to  acc description of target
#                 ------------------- ---------- ----- -------------------- ---------- ----- --------- ------ ----- --- --- --------- --------- ------ ----- ----- ----- ----- ----- ----- ----- ---- ---------------------
NW_025965300.1_RagTag:1789604-1791787 -            728 28804at314147        -            279   2.5e-07   26.9   2.2   1   3   0.00077      0.14    8.1   0.0   168   209   345   386   335   409 0.86 -
NW_025965300.1_RagTag:1789604-1791787 -            728 28804at314147        -            279   2.5e-07   26.9   2.2   2   3    0.0098       1.7    4.5   0.1   160   210   424   478   420   528 0.71 -
NW_025965300.1_RagTag:1789604-1791787 -            728 28804at314147        -            279   2.5e-07   26.9   2.2   3   3   5.1e-05     0.009   12.0   0.2   166   206   532   572   527   613 0.91 -
NW_025965218.1_RagTag:1405061-1401683 -            206 28804at314147        -            279   7.8e-07   25.3   0.2   1   1   5.4e-09   9.5e-07   25.0   0.2   160   230    79   151    60   177 0.77 -
NW_025965028.1_RagTag:501806-500165   -            268 28804at314147        -            279   3.8e-05   19.7   0.2   1   1   3.7e-07   6.5e-05   19.0   0.2   166   207    44    88    31   111 0.85 -
NW_025965309.1_RagTag:3395110-3394499 -            204 28804at314147        -            279    0.0001   18.3   0.6   1   1     9e-07   0.00016   17.7   0.2   174   250    91   163    60   167 0.69 -
NW_025965324.1_RagTag:3058697-3059438 -            122 28804at314147        -            279   0.00037   16.5   0.5   1   1   2.5e-06   0.00044   16.3   0.5   168   210    48    90    20   111 0.83 -
NW_025965275.1_RagTag:451509-451318   -             64 28804at314147        -            279    0.0015   14.5   0.5   1   1   8.8e-06    0.0016   14.4   0.5   168   207    20    58     5    63 0.79 -
NW_025965177.1_RagTag:240911-240603   -            103 28804at314147        -            279    0.0016   14.4   0.4   1   1     1e-05    0.0018   14.2   0.4   171   206    67   102    34   103 0.85 -
NW_025965324.1_RagTag:3071511-3072352 -            184 28804at314147        -            279    0.0017   14.3   0.5   1   1   1.6e-05    0.0029   13.6   0.4   174   210   106   142    88   183 0.77 -
#
# Program:         hmmsearch
# Version:         3.1b2 (February 2015)
# Pipeline mode:   SEARCH
# Query file:      /home/bgerda/guppy_SUP/busco_downloads/lineages/glires_odb10/hmms/28804at314147.hmm
# Target file:     /home/bgerda/guppy_SUP/busco_results_flye/run_glires_odb10/metaeuk_output/initial_results/ragtag.scaffold.fasta.modified.fas
# Option settings: hmmsearch --domtblout /home/bgerda/guppy_SUP/busco_results_flye/run_glires_odb10/hmmer_output/initial_run_results/28804at314147.out --cpu 1 /home/bgerda/guppy_SUP/busco_downloads/lineages/glires_odb10/hmms/28804at314147.hmm /home/bgerda/guppy_SUP/busco_results_flye/run_glires_odb10/metaeuk_output/initial_results/ragtag.scaffold.fasta.modified.fas 
# Current dir:     /home/bgerda/guppy_SUP
# Date:            Sun May 21 17:16:57 2023
# [ok]
