#                                                                                             --- full sequence --- -------------- this domain -------------   hmm coord   ali coord   env coord
# target name                         accession   tlen query name           accession   qlen   E-value  score  bias   #  of  c-Evalue  i-Evalue  score  bias  from    to  from    to  from    to  acc description of target
#                 ------------------- ---------- ----- -------------------- ---------- ----- --------- ------ ----- --- --- --------- --------- ------ ----- ----- ----- ----- ----- ----- ----- ---- ---------------------
NW_025965314.1_RagTag:623697-623012   -            157 28847at314147        -            285   1.1e-29   99.8   2.4   1   2   5.4e-31     7e-29   97.2   2.7     7   104    10   112     6   122 0.90 -
NW_025965314.1_RagTag:623697-623012   -            157 28847at314147        -            285   1.1e-29   99.8   2.4   2   2    0.0021      0.27    6.7   0.0   165   193    97   130    94   133 0.79 -
NW_025965319.1_RagTag:4368574-4368218 -            119 28847at314147        -            285   3.5e-06   22.7   0.3   1   1   3.2e-08   4.2e-06   22.4   0.3    16    82     2    65     1    74 0.75 -
contig_4568_pilon:1345-1638           -             98 28847at314147        -            285   0.00032   16.2   1.4   1   1   2.5e-06   0.00032   16.2   1.4    18    57     2    43     1    83 0.82 -
NW_025965287.1_RagTag:1430577-1428329 -            589 28847at314147        -            285   0.00059   15.4   0.8   1   1   9.5e-06    0.0012   14.3   0.8    17    58   432   473   424   487 0.91 -
NW_025965225.1_RagTag:634263-633982   -             94 28847at314147        -            285   0.00066   15.2   4.5   1   1   5.2e-06   0.00066   15.2   4.5    17    58     4    45     1    74 0.82 -
NW_025965075.1_RagTag:21988-27231     -            378 28847at314147        -            285     0.002   13.6   1.0   1   1   2.8e-05    0.0036   12.8   1.0    17    57   324   366   312   372 0.83 -
NW_025965315.1_RagTag:734596-733793   -            268 28847at314147        -            285    0.0038   12.7   6.0   1   1   4.6e-05     0.006   12.1   6.0   201   272   119   189    95   199 0.79 -
NW_025965040.1_RagTag:266331-266095   -             79 28847at314147        -            285    0.0041   12.6   2.4   1   1   6.3e-05    0.0081   11.6   2.4    17    59    29    73    20    77 0.80 -
NW_025965040.1_RagTag:265376-265137   -             80 28847at314147        -            285    0.0046   12.5   2.7   1   1   6.7e-05    0.0087   11.5   2.7    16    56    37    79    27    80 0.83 -
NW_025965309.1_RagTag:3486659-3486297 -            121 28847at314147        -            285    0.0051   12.3   2.7   1   1   4.2e-05    0.0054   12.2   2.2    31    64    82   115    43   120 0.76 -
NW_025965075.1_RagTag:74487-67481     -            353 28847at314147        -            285     0.014   10.9   3.5   1   1   0.00017     0.022   10.2   3.5    11    79    44   112    41   145 0.73 -
#
# Program:         hmmsearch
# Version:         3.1b2 (February 2015)
# Pipeline mode:   SEARCH
# Query file:      /home/bgerda/guppy_SUP/busco_downloads/lineages/glires_odb10/hmms/28847at314147.hmm
# Target file:     /home/bgerda/guppy_SUP/busco_results_flye/run_glires_odb10/metaeuk_output/initial_results/ragtag.scaffold.fasta.modified.fas
# Option settings: hmmsearch --domtblout /home/bgerda/guppy_SUP/busco_results_flye/run_glires_odb10/hmmer_output/initial_run_results/28847at314147.out --cpu 1 /home/bgerda/guppy_SUP/busco_downloads/lineages/glires_odb10/hmms/28847at314147.hmm /home/bgerda/guppy_SUP/busco_results_flye/run_glires_odb10/metaeuk_output/initial_results/ragtag.scaffold.fasta.modified.fas 
# Current dir:     /home/bgerda/guppy_SUP
# Date:            Sun May 21 17:16:58 2023
# [ok]
