#                                                                                             --- full sequence --- -------------- this domain -------------   hmm coord   ali coord   env coord
# target name                         accession   tlen query name           accession   qlen   E-value  score  bias   #  of  c-Evalue  i-Evalue  score  bias  from    to  from    to  from    to  acc description of target
#                 ------------------- ---------- ----- -------------------- ---------- ----- --------- ------ ----- --- --- --------- --------- ------ ----- ----- ----- ----- ----- ----- ----- ---- ---------------------
NW_025965240.1_RagTag:128094-126727   -            157 29589at314147        -            277   4.8e-35  117.3   2.2   1   1     5e-37   6.4e-35  116.9   2.2   145   277     3   157     1   157 0.86 -
NW_025965256.1_RagTag:1014355-1014951 -            199 29589at314147        -            277   1.6e-14   49.9   0.1   1   1   1.6e-16     2e-14   49.6   0.1   109   241    34   174    15   190 0.79 -
NW_025965315.1_RagTag:3516887-3517861 -            104 29589at314147        -            277   2.8e-09   32.8   0.0   1   1   2.3e-11     3e-09   32.7   0.0   146   224     5    88     1    99 0.81 -
NW_025965233.1_RagTag:140162-141799   -            168 29589at314147        -            277   6.8e-08   28.2   0.0   1   1   5.7e-10   7.3e-08   28.1   0.0   122   216     4    97     1   124 0.75 -
NW_025965016.1_RagTag:327105-327769   -            169 29589at314147        -            277     2e-07   26.7   0.0   1   1   1.9e-09   2.5e-07   26.4   0.0   131   230    45   153    24   168 0.72 -
NW_025965318.1_RagTag:2315201-2316606 -            155 29589at314147        -            277   3.5e-07   25.9   0.1   1   1   4.2e-09   5.3e-07   25.3   0.1   117   215    10   108     3   144 0.78 -
NW_025965218.1_RagTag:902321-888707   -            137 29589at314147        -            277     6e-05   18.5   0.0   1   1   6.2e-07     8e-05   18.1   0.0    88   213    11   131     2   135 0.83 -
NW_025965080.1_RagTag:530214-529897   -             78 29589at314147        -            277   0.00055   15.4   0.0   1   1   4.5e-06   0.00057   15.3   0.0   159   224     3    70     1    77 0.79 -
NW_025965319.1_RagTag:367253-366858   -            132 29589at314147        -            277    0.0017   13.7   0.0   1   1   1.5e-05     0.002   13.6   0.0   114   173    63   121    33   131 0.78 -
NW_025965215.1_RagTag:414593-413986   -             62 29589at314147        -            277    0.0062   11.9   0.0   1   1   5.1e-05    0.0065   11.9   0.0   188   227     6    49     2    61 0.76 -
NW_025965155.1_RagTag:187778-189111   -            117 29589at314147        -            277    0.0063   11.9   0.0   1   1   4.9e-05    0.0063   11.9   0.0   156   205     1    49     1   100 0.84 -
#
# Program:         hmmsearch
# Version:         3.1b2 (February 2015)
# Pipeline mode:   SEARCH
# Query file:      /home/bgerda/guppy_SUP/busco_downloads/lineages/glires_odb10/hmms/29589at314147.hmm
# Target file:     /home/bgerda/guppy_SUP/busco_results_flye/run_glires_odb10/metaeuk_output/initial_results/ragtag.scaffold.fasta.modified.fas
# Option settings: hmmsearch --domtblout /home/bgerda/guppy_SUP/busco_results_flye/run_glires_odb10/hmmer_output/initial_run_results/29589at314147.out --cpu 1 /home/bgerda/guppy_SUP/busco_downloads/lineages/glires_odb10/hmms/29589at314147.hmm /home/bgerda/guppy_SUP/busco_results_flye/run_glires_odb10/metaeuk_output/initial_results/ragtag.scaffold.fasta.modified.fas 
# Current dir:     /home/bgerda/guppy_SUP
# Date:            Sun May 21 17:16:59 2023
# [ok]
