#                                                                                             --- full sequence --- -------------- this domain -------------   hmm coord   ali coord   env coord
# target name                         accession   tlen query name           accession   qlen   E-value  score  bias   #  of  c-Evalue  i-Evalue  score  bias  from    to  from    to  from    to  acc description of target
#                 ------------------- ---------- ----- -------------------- ---------- ----- --------- ------ ----- --- --- --------- --------- ------ ----- ----- ----- ----- ----- ----- ----- ---- ---------------------
NW_025965319.1_RagTag:190258-191328   -            357 29721at314147        -            305   5.4e-13   45.5  20.8   1   1   3.4e-13     6e-11   38.8  20.8    12   299    37   322    30   327 0.78 -
NW_025965230.1_RagTag:352259-351105   -            385 29721at314147        -            305   2.3e-11   40.1  11.1   1   1   5.9e-11     1e-08   31.4  11.1    12   296    49   328    40   335 0.73 -
NW_025965295.1_RagTag:981139-979895   -            415 29721at314147        -            305   6.4e-06   22.3  29.2   1   1   3.6e-06   0.00063   15.7  29.2    12   294   102   373    94   385 0.72 -
NW_025965278.1_RagTag:275474-274923   -            184 29721at314147        -            305   1.2e-05   21.3   1.3   1   1   8.4e-08   1.5e-05   21.1   1.3   127   292    12   180     2   184 0.69 -
NW_025965108.1_RagTag:146432-147415   -            328 29721at314147        -            305   2.1e-05   20.6   3.8   1   1   6.3e-06    0.0011   14.9   3.8    14   106    48   144    40   327 0.83 -
NW_025965266.1_RagTag:245825-244296   -            282 29721at314147        -            305   0.00013   18.0   3.4   1   1   1.3e-06   0.00023   17.1   3.4    12   104    55   146    47   152 0.85 -
NW_025965321.1_RagTag:4467400-4468179 -            237 29721at314147        -            305    0.0047   12.9  16.3   1   1   0.00017      0.03   10.2  16.3    12   175    32   206    24   230 0.65 -
NW_025965322.1_RagTag:1960303-1959611 -            170 29721at314147        -            305    0.0091   11.9   3.8   1   2   5.5e-05    0.0098   11.8   3.0    34   108     9    81     2   137 0.77 -
NW_025965322.1_RagTag:1960303-1959611 -            170 29721at314147        -            305    0.0091   11.9   3.8   2   2       0.9   1.6e+02   -2.0   0.0   229   247   127   146   109   150 0.68 -
#
# Program:         hmmsearch
# Version:         3.1b2 (February 2015)
# Pipeline mode:   SEARCH
# Query file:      /home/bgerda/guppy_SUP/busco_downloads/lineages/glires_odb10/hmms/29721at314147.hmm
# Target file:     /home/bgerda/guppy_SUP/busco_results_flye/run_glires_odb10/metaeuk_output/initial_results/ragtag.scaffold.fasta.modified.fas
# Option settings: hmmsearch --domtblout /home/bgerda/guppy_SUP/busco_results_flye/run_glires_odb10/hmmer_output/initial_run_results/29721at314147.out --cpu 1 /home/bgerda/guppy_SUP/busco_downloads/lineages/glires_odb10/hmms/29721at314147.hmm /home/bgerda/guppy_SUP/busco_results_flye/run_glires_odb10/metaeuk_output/initial_results/ragtag.scaffold.fasta.modified.fas 
# Current dir:     /home/bgerda/guppy_SUP
# Date:            Sun May 21 17:17:01 2023
# [ok]
