#                                                                                             --- full sequence --- -------------- this domain -------------   hmm coord   ali coord   env coord
# target name                         accession   tlen query name           accession   qlen   E-value  score  bias   #  of  c-Evalue  i-Evalue  score  bias  from    to  from    to  from    to  acc description of target
#                 ------------------- ---------- ----- -------------------- ---------- ----- --------- ------ ----- --- --- --------- --------- ------ ----- ----- ----- ----- ----- ----- ----- ---- ---------------------
NW_025965324.1_RagTag:3058697-3059438 -            122 30846at314147        -            249   8.8e-22   74.7   2.0   1   1   7.2e-24   1.1e-21   74.3   2.0   169   239    25    96    19   101 0.91 -
NW_025965324.1_RagTag:3071511-3072352 -            184 30846at314147        -            249   1.8e-18   63.8   0.1   1   1   1.4e-20   2.2e-18   63.6   0.1   168   240    76   148    35   155 0.88 -
NW_025965275.1_RagTag:451509-451318   -             64 30846at314147        -            249     4e-17   59.4   4.5   1   1   2.6e-19     4e-17   59.4   4.5   178   235     5    62     1    64 0.92 -
NW_025965284.1_RagTag:358647-360583   -            161 30846at314147        -            249   1.9e-13   47.4   0.4   1   1   1.4e-15   2.2e-13   47.2   0.4   162   229    93   161    43   161 0.80 -
NW_025965309.1_RagTag:3395110-3394499 -            204 30846at314147        -            249   2.1e-13   47.2   0.0   1   1   1.8e-15   2.8e-13   46.8   0.0   152   235    39   128    28   140 0.75 -
NW_025965177.1_RagTag:240911-240603   -            103 30846at314147        -            249   6.3e-13   45.7   0.1   1   1   5.1e-15     8e-13   45.3   0.1   170   231    42   103    18   103 0.93 -
NW_025965266.1_RagTag:217801-219069   -            166 30846at314147        -            249   1.1e-06   25.2   2.2   1   1   1.5e-08   2.4e-06   24.1   2.2   163   217   111   165    19   166 0.73 -
NW_025965218.1_RagTag:1405061-1401683 -            206 30846at314147        -            249   0.00018   17.9   1.1   1   1   1.5e-06   0.00024   17.5   0.7   204   237    99   132    65   143 0.76 -
NW_025965028.1_RagTag:501806-500165   -            268 30846at314147        -            249    0.0036   13.7   0.0   1   1   3.4e-05    0.0053   13.2   0.0   168   230    24    87     4   101 0.73 -
#
# Program:         hmmsearch
# Version:         3.1b2 (February 2015)
# Pipeline mode:   SEARCH
# Query file:      /home/bgerda/guppy_SUP/busco_downloads/lineages/glires_odb10/hmms/30846at314147.hmm
# Target file:     /home/bgerda/guppy_SUP/busco_results_flye/run_glires_odb10/metaeuk_output/initial_results/ragtag.scaffold.fasta.modified.fas
# Option settings: hmmsearch --domtblout /home/bgerda/guppy_SUP/busco_results_flye/run_glires_odb10/hmmer_output/initial_run_results/30846at314147.out --cpu 1 /home/bgerda/guppy_SUP/busco_downloads/lineages/glires_odb10/hmms/30846at314147.hmm /home/bgerda/guppy_SUP/busco_results_flye/run_glires_odb10/metaeuk_output/initial_results/ragtag.scaffold.fasta.modified.fas 
# Current dir:     /home/bgerda/guppy_SUP
# Date:            Sun May 21 17:17:01 2023
# [ok]
