#                                                                                             --- full sequence --- -------------- this domain -------------   hmm coord   ali coord   env coord
# target name                         accession   tlen query name           accession   qlen   E-value  score  bias   #  of  c-Evalue  i-Evalue  score  bias  from    to  from    to  from    to  acc description of target
#                 ------------------- ---------- ----- -------------------- ---------- ----- --------- ------ ----- --- --- --------- --------- ------ ----- ----- ----- ----- ----- ----- ----- ---- ---------------------
NW_025965256.1_RagTag:1014355-1014951 -            199 31535at314147        -            219   5.4e-19   64.9   0.0   1   1   4.6e-21   6.5e-19   64.7   0.0     2   150    24   172    23   183 0.87 -
NW_025965240.1_RagTag:128094-126727   -            157 31535at314147        -            219   1.1e-16   57.4   0.7   1   1   8.2e-19   1.2e-16   57.3   0.7    50   169     7   123     1   147 0.84 -
NW_025965319.1_RagTag:367253-366858   -            132 31535at314147        -            219   1.5e-12   43.8   0.0   1   1   1.4e-14     2e-12   43.5   0.0     1    73    47   120    47   126 0.92 -
NW_025965233.1_RagTag:140162-141799   -            168 31535at314147        -            219   1.9e-10   37.0   0.0   1   1   1.6e-12   2.3e-10   36.8   0.0    22   131     1   109     1   124 0.86 -
NW_025965315.1_RagTag:3516887-3517861 -            104 31535at314147        -            219   3.6e-08   29.6   0.0   1   1   2.7e-10   3.8e-08   29.5   0.0    52   140    10    96     4   104 0.83 -
NW_025965016.1_RagTag:327105-327769   -            169 31535at314147        -            219   4.8e-08   29.2   0.2   1   1   3.9e-10   5.5e-08   28.9   0.2    24   155    38   166    16   169 0.81 -
NW_025965318.1_RagTag:2315201-2316606 -            155 31535at314147        -            219   6.5e-07   25.5   0.1   1   1   5.6e-09   7.9e-07   25.2   0.1    17   113     7   102     2   122 0.72 -
NW_025965215.1_RagTag:414593-413986   -             62 31535at314147        -            219   1.5e-05   21.0   0.0   1   1   1.1e-07   1.5e-05   21.0   0.0    94   133     9    48     2    58 0.87 -
NW_025965080.1_RagTag:530214-529897   -             78 31535at314147        -            219   0.00057   15.8   0.0   1   1   4.1e-06   0.00059   15.8   0.0    60   131     3    70     1    78 0.84 -
NW_025965218.1_RagTag:902321-888707   -            137 31535at314147        -            219     0.002   14.0   0.0   1   1   1.7e-05    0.0025   13.7   0.0    38   121    55   136    44   137 0.83 -
#
# Program:         hmmsearch
# Version:         3.1b2 (February 2015)
# Pipeline mode:   SEARCH
# Query file:      /home/bgerda/guppy_SUP/busco_downloads/lineages/glires_odb10/hmms/31535at314147.hmm
# Target file:     /home/bgerda/guppy_SUP/busco_results_flye/run_glires_odb10/metaeuk_output/initial_results/ragtag.scaffold.fasta.modified.fas
# Option settings: hmmsearch --domtblout /home/bgerda/guppy_SUP/busco_results_flye/run_glires_odb10/hmmer_output/initial_run_results/31535at314147.out --cpu 1 /home/bgerda/guppy_SUP/busco_downloads/lineages/glires_odb10/hmms/31535at314147.hmm /home/bgerda/guppy_SUP/busco_results_flye/run_glires_odb10/metaeuk_output/initial_results/ragtag.scaffold.fasta.modified.fas 
# Current dir:     /home/bgerda/guppy_SUP
# Date:            Sun May 21 17:17:07 2023
# [ok]
