#                                                                                             --- full sequence --- -------------- this domain -------------   hmm coord   ali coord   env coord
# target name                         accession   tlen query name           accession   qlen   E-value  score  bias   #  of  c-Evalue  i-Evalue  score  bias  from    to  from    to  from    to  acc description of target
#                 ------------------- ---------- ----- -------------------- ---------- ----- --------- ------ ----- --- --- --------- --------- ------ ----- ----- ----- ----- ----- ----- ----- ---- ---------------------
NW_025965188.1_RagTag:479764-480330   -            189 3182at314147         -           1032   2.9e-12   41.6   0.5   1   2   1.8e-07   3.2e-05   18.2   0.0   381   436    45   101    38   110 0.57 -
NW_025965188.1_RagTag:479764-480330   -            189 3182at314147         -           1032   2.9e-12   41.6   0.5   2   2   1.4e-08   2.6e-06   21.9   0.1   825   884   122   180   111   188 0.72 -
NW_025965163.1_RagTag:39462-30569     -            761 3182at314147         -           1032   9.5e-10   33.2   0.6   1   1   9.4e-12   1.7e-09   32.4   0.6   746   877   421   553   398   567 0.82 -
NW_025965352.1_RagTag:111207-112973   -            318 3182at314147         -           1032   3.9e-07   24.6   0.0   1   1   2.7e-09   4.8e-07   24.3   0.0   395   476     3    84     1    97 0.93 -
NW_025965344.1_RagTag:44205-38804     -            204 3182at314147         -           1032   6.7e-07   23.8   0.0   1   1   6.1e-09   1.1e-06   23.1   0.0   776   866    67   157    59   192 0.86 -
NW_025965287.1_RagTag:1600616-1605266 -            433 3182at314147         -           1032     6e-06   20.7   1.0   1   2       0.2        35   -1.8   0.0   430   458   326   353   320   359 0.66 -
NW_025965287.1_RagTag:1600616-1605266 -            433 3182at314147         -           1032     6e-06   20.7   1.0   2   2   7.5e-08   1.3e-05   19.5   0.8   642   696   359   413   345   424 0.92 -
NW_025965306.1_RagTag:1072482-1073591 -            370 3182at314147         -           1032   6.1e-06   20.6   0.0   1   1   4.5e-08     8e-06   20.2   0.0   643   696    21    74    10    93 0.85 -
NW_025965276.1_RagTag:401981-402454   -            158 3182at314147         -           1032   0.00023   15.4   0.1   1   1     2e-06   0.00036   14.8   0.1   736   823    50   133     5   152 0.74 -
NW_025965288.1_RagTag:116076-117766   -            294 3182at314147         -           1032   0.00037   14.7   0.1   1   1   3.1e-06   0.00054   14.2   0.1   375   433   101   159    61   186 0.51 -
#
# Program:         hmmsearch
# Version:         3.1b2 (February 2015)
# Pipeline mode:   SEARCH
# Query file:      /home/bgerda/guppy_SUP/busco_downloads/lineages/glires_odb10/hmms/3182at314147.hmm
# Target file:     /home/bgerda/guppy_SUP/busco_results_flye/run_glires_odb10/metaeuk_output/initial_results/ragtag.scaffold.fasta.modified.fas
# Option settings: hmmsearch --domtblout /home/bgerda/guppy_SUP/busco_results_flye/run_glires_odb10/hmmer_output/initial_run_results/3182at314147.out --cpu 1 /home/bgerda/guppy_SUP/busco_downloads/lineages/glires_odb10/hmms/3182at314147.hmm /home/bgerda/guppy_SUP/busco_results_flye/run_glires_odb10/metaeuk_output/initial_results/ragtag.scaffold.fasta.modified.fas 
# Current dir:     /home/bgerda/guppy_SUP
# Date:            Sun May 21 17:17:03 2023
# [ok]
