#                                                                                             --- full sequence --- -------------- this domain -------------   hmm coord   ali coord   env coord
# target name                         accession   tlen query name           accession   qlen   E-value  score  bias   #  of  c-Evalue  i-Evalue  score  bias  from    to  from    to  from    to  acc description of target
#                 ------------------- ---------- ----- -------------------- ---------- ----- --------- ------ ----- --- --- --------- --------- ------ ----- ----- ----- ----- ----- ----- ----- ---- ---------------------
NW_025965230.1_RagTag:1057613-1056714 -            300 32000at314147        -            227   2.9e-06   23.3   0.5   1   1   3.1e-08   6.4e-06   22.2   0.5    68   146     7    85     4   122 0.92 -
NW_025965307.1_RagTag:60810-79018     -            243 32000at314147        -            227   9.1e-05   18.4   0.8   1   1   6.9e-07   0.00014   17.8   0.8    69   149    12    92     6   126 0.77 -
NW_025965317.1_RagTag:2643605-2644525 -            307 32000at314147        -            227   0.00017   17.5   0.6   1   1   1.7e-06   0.00035   16.5   0.6    68   159    11   102     6   124 0.85 -
contig_48637_pilon:1312-407           -            302 32000at314147        -            227   0.00047   16.0   0.9   1   1   4.6e-06   0.00094   15.1   0.6    68   157     7    97     4   121 0.79 -
contig_16391_pilon:1989-1067          -            287 32000at314147        -            227   0.00088   15.2   3.5   1   1   8.7e-06    0.0018   14.2   3.5    68   173    11   116     5   167 0.85 -
NW_025965313.1_RagTag:66003-66494     -            164 32000at314147        -            227     0.014   11.2   6.7   1   1   9.1e-05     0.018   10.8   6.7    68   170     7   111     3   159 0.84 -
NW_025965008.1_RagTag:223693-234352   -            306 32000at314147        -            227     0.055    9.3   5.4   1   3   0.00024     0.048    9.5   0.1    68   131    10    72     5    89 0.81 -
NW_025965008.1_RagTag:223693-234352   -            306 32000at314147        -            227     0.055    9.3   5.4   2   3      0.17        34    0.1   0.1    83    98    92   107    79   136 0.79 -
NW_025965008.1_RagTag:223693-234352   -            306 32000at314147        -            227     0.055    9.3   5.4   3   3      0.13        26    0.5   0.2   121   165   211   262   194   292 0.69 -
#
# Program:         hmmsearch
# Version:         3.1b2 (February 2015)
# Pipeline mode:   SEARCH
# Query file:      /home/bgerda/guppy_SUP/busco_downloads/lineages/glires_odb10/hmms/32000at314147.hmm
# Target file:     /home/bgerda/guppy_SUP/busco_results_flye/run_glires_odb10/metaeuk_output/initial_results/ragtag.scaffold.fasta.modified.fas
# Option settings: hmmsearch --domtblout /home/bgerda/guppy_SUP/busco_results_flye/run_glires_odb10/hmmer_output/initial_run_results/32000at314147.out --cpu 1 /home/bgerda/guppy_SUP/busco_downloads/lineages/glires_odb10/hmms/32000at314147.hmm /home/bgerda/guppy_SUP/busco_results_flye/run_glires_odb10/metaeuk_output/initial_results/ragtag.scaffold.fasta.modified.fas 
# Current dir:     /home/bgerda/guppy_SUP
# Date:            Sun May 21 17:17:06 2023
# [ok]
