#                                                                                             --- full sequence --- -------------- this domain -------------   hmm coord   ali coord   env coord
# target name                         accession   tlen query name           accession   qlen   E-value  score  bias   #  of  c-Evalue  i-Evalue  score  bias  from    to  from    to  from    to  acc description of target
#                 ------------------- ---------- ----- -------------------- ---------- ----- --------- ------ ----- --- --- --------- --------- ------ ----- ----- ----- ----- ----- ----- ----- ---- ---------------------
NW_025965256.1_RagTag:1014355-1014951 -            199 36055at314147        -            162   1.8e-16   56.9   0.0   1   2       1.6   2.3e+02   -2.0   0.0     2    23    13    39    12    63 0.55 -
NW_025965256.1_RagTag:1014355-1014951 -            199 36055at314147        -            162   1.8e-16   56.9   0.0   2   2   2.5e-18   3.5e-16   55.9   0.0    30   138    63   170    50   180 0.86 -
NW_025965240.1_RagTag:128094-126727   -            157 36055at314147        -            162   4.6e-11   39.3   0.7   1   1   3.6e-13   5.1e-11   39.1   0.2    38   140     5   105     1   121 0.84 -
NW_025965315.1_RagTag:3516887-3517861 -            104 36055at314147        -            162   4.8e-10   36.0   0.0   1   1   4.1e-12   5.8e-10   35.7   0.0    39   128     7    95     2   103 0.85 -
NW_025965233.1_RagTag:140162-141799   -            168 36055at314147        -            162   1.1e-05   21.8   0.0   1   1   1.1e-07   1.5e-05   21.3   0.0    47   123    37   111    30   125 0.85 -
NW_025965318.1_RagTag:2315201-2316606 -            155 36055at314147        -            162   5.6e-05   19.5   0.0   1   1   5.3e-07   7.5e-05   19.1   0.0    46    95    48    95    34   110 0.86 -
NW_025965155.1_RagTag:187778-189111   -            117 36055at314147        -            162   9.9e-05   18.7   0.0   1   1   2.9e-06    0.0004   16.7   0.0    47   138     1   102     1   113 0.74 -
NW_025965218.1_RagTag:902321-888707   -            137 36055at314147        -            162   0.00036   16.9   0.0   1   1   3.7e-06   0.00052   16.3   0.0     4    97    31   122    28   130 0.68 -
NW_025965319.1_RagTag:367253-366858   -            132 36055at314147        -            162    0.0015   14.9   0.0   1   1   2.7e-05    0.0038   13.6   0.0    34    72    91   129    36   132 0.85 -
NW_025965016.1_RagTag:327105-327769   -            169 36055at314147        -            162    0.0058   13.0   0.0   1   1   5.5e-05    0.0078   12.5   0.0    45   133    70   155    58   168 0.77 -
NW_025965080.1_RagTag:530214-529897   -             78 36055at314147        -            162     0.011   12.0   0.0   1   1   8.4e-05     0.012   11.9   0.0    50    94     3    43     1    77 0.69 -
#
# Program:         hmmsearch
# Version:         3.1b2 (February 2015)
# Pipeline mode:   SEARCH
# Query file:      /home/bgerda/guppy_SUP/busco_downloads/lineages/glires_odb10/hmms/36055at314147.hmm
# Target file:     /home/bgerda/guppy_SUP/busco_results_flye/run_glires_odb10/metaeuk_output/initial_results/ragtag.scaffold.fasta.modified.fas
# Option settings: hmmsearch --domtblout /home/bgerda/guppy_SUP/busco_results_flye/run_glires_odb10/hmmer_output/initial_run_results/36055at314147.out --cpu 1 /home/bgerda/guppy_SUP/busco_downloads/lineages/glires_odb10/hmms/36055at314147.hmm /home/bgerda/guppy_SUP/busco_results_flye/run_glires_odb10/metaeuk_output/initial_results/ragtag.scaffold.fasta.modified.fas 
# Current dir:     /home/bgerda/guppy_SUP
# Date:            Sun May 21 17:17:01 2023
# [ok]
