#                                                                                             --- full sequence --- -------------- this domain -------------   hmm coord   ali coord   env coord
# target name                         accession   tlen query name           accession   qlen   E-value  score  bias   #  of  c-Evalue  i-Evalue  score  bias  from    to  from    to  from    to  acc description of target
#                 ------------------- ---------- ----- -------------------- ---------- ----- --------- ------ ----- --- --- --------- --------- ------ ----- ----- ----- ----- ----- ----- ----- ---- ---------------------
contig_24440_pilon:722-1258           -            179 36458at314147        -            170   1.9e-66  219.8   1.3   1   1   1.1e-68   2.1e-66  219.7   1.3     1   158    21   178    21   179 0.96 -
NW_025965270.1_RagTag:205517-204978   -            180 36458at314147        -            170   1.9e-66  219.8   1.3   1   1   1.1e-68   2.2e-66  219.6   1.3     1   158    22   179    22   180 0.96 -
NW_025965320.1_RagTag:2699734-2700240 -            169 36458at314147        -            170   2.4e-65  216.3   1.7   1   1   1.3e-67   2.6e-65  216.1   1.7     1   158    11   168    11   169 0.96 -
NW_025965242.1_RagTag:197173-197508   -            112 36458at314147        -            170   1.4e-45  151.9   0.2   1   1   7.3e-48   1.5e-45  151.8   0.2    19   126     2   109     1   112 0.98 -
NW_025965135.1_RagTag:1185395-1188736 -            136 36458at314147        -            170   2.5e-24   82.7   0.4   1   2   6.7e-11   1.4e-08   31.5   0.1     1    51    13    62    13    64 0.93 -
NW_025965135.1_RagTag:1185395-1188736 -            136 36458at314147        -            170   2.5e-24   82.7   0.4   2   2   7.2e-17   1.4e-14   51.0   0.0    96   137    62   103    61   115 0.93 -
NW_025965322.1_RagTag:1133068-1132673 -            130 36458at314147        -            170   1.7e-22   76.8   0.5   1   1   9.6e-25   1.9e-22   76.6   0.5    31   158     6   129     1   130 0.88 -
NW_025965280.1_RagTag:175684-181247   -            291 36458at314147        -            170   1.6e-07   28.1   0.1   1   2   0.00026     0.052   10.1   0.0    13    59   105   148    99   153 0.83 -
NW_025965280.1_RagTag:175684-181247   -            291 36458at314147        -            170   1.6e-07   28.1   0.1   2   2   2.1e-06   0.00043   16.9   0.0   108   148   149   190   147   201 0.85 -
#
# Program:         hmmsearch
# Version:         3.1b2 (February 2015)
# Pipeline mode:   SEARCH
# Query file:      /home/bgerda/guppy_SUP/busco_downloads/lineages/glires_odb10/hmms/36458at314147.hmm
# Target file:     /home/bgerda/guppy_SUP/busco_results_flye/run_glires_odb10/metaeuk_output/initial_results/ragtag.scaffold.fasta.modified.fas
# Option settings: hmmsearch --domtblout /home/bgerda/guppy_SUP/busco_results_flye/run_glires_odb10/hmmer_output/initial_run_results/36458at314147.out --cpu 1 /home/bgerda/guppy_SUP/busco_downloads/lineages/glires_odb10/hmms/36458at314147.hmm /home/bgerda/guppy_SUP/busco_results_flye/run_glires_odb10/metaeuk_output/initial_results/ragtag.scaffold.fasta.modified.fas 
# Current dir:     /home/bgerda/guppy_SUP
# Date:            Sun May 21 17:17:01 2023
# [ok]
