#                                                                                             --- full sequence --- -------------- this domain -------------   hmm coord   ali coord   env coord
# target name                         accession   tlen query name           accession   qlen   E-value  score  bias   #  of  c-Evalue  i-Evalue  score  bias  from    to  from    to  from    to  acc description of target
#                 ------------------- ---------- ----- -------------------- ---------- ----- --------- ------ ----- --- --- --------- --------- ------ ----- ----- ----- ----- ----- ----- ----- ---- ---------------------
NW_025965016.1_RagTag:327105-327769   -            169 37145at314147        -            183   1.2e-14   50.9   0.4   1   2     1e-14     2e-12   43.6   0.1     7   108     2   121     1   131 0.74 -
NW_025965016.1_RagTag:327105-327769   -            169 37145at314147        -            183   1.2e-14   50.9   0.4   2   2     0.005         1    5.5   0.1   137   156   136   155   121   168 0.83 -
NW_025965066.1_RagTag:302523-304395   -            146 37145at314147        -            183   1.8e-06   24.2   0.1   1   2   7.9e-06    0.0016   14.6   0.0    43    70    16    43     8    54 0.91 -
NW_025965066.1_RagTag:302523-304395   -            146 37145at314147        -            183   1.8e-06   24.2   0.1   2   2    0.0012      0.24    7.5   0.0   138   157    91   110    82   121 0.86 -
NW_025965256.1_RagTag:1014355-1014951 -            199 37145at314147        -            183   8.1e-06   22.1   0.0   1   1   1.1e-05    0.0021   14.2   0.0    12   119    17   142     6   190 0.70 -
NW_025965218.1_RagTag:902321-888707   -            137 37145at314147        -            183   9.4e-06   21.9   0.1   1   1   9.3e-08   1.9e-05   20.9   0.1    12   102    33   119    23   130 0.75 -
contig_28026_pilon:2038-2154          -             39 37145at314147        -            183   8.3e-05   18.8   0.1   1   1   4.1e-07   8.3e-05   18.8   0.1    41    70     3    32     1    37 0.91 -
NW_025965152.1_RagTag:101619-101485   -             45 37145at314147        -            183   0.00013   18.2   0.0   1   1   6.3e-07   0.00013   18.2   0.0    44    70     1    27     1    38 0.94 -
NW_025965350.1_RagTag:49702-50037     -            112 37145at314147        -            183   0.00037   16.7   0.1   1   1   2.7e-05    0.0055   12.9   0.1    12    52    18    72     9    86 0.71 -
#
# Program:         hmmsearch
# Version:         3.1b2 (February 2015)
# Pipeline mode:   SEARCH
# Query file:      /home/bgerda/guppy_SUP/busco_downloads/lineages/glires_odb10/hmms/37145at314147.hmm
# Target file:     /home/bgerda/guppy_SUP/busco_results_flye/run_glires_odb10/metaeuk_output/initial_results/ragtag.scaffold.fasta.modified.fas
# Option settings: hmmsearch --domtblout /home/bgerda/guppy_SUP/busco_results_flye/run_glires_odb10/hmmer_output/initial_run_results/37145at314147.out --cpu 1 /home/bgerda/guppy_SUP/busco_downloads/lineages/glires_odb10/hmms/37145at314147.hmm /home/bgerda/guppy_SUP/busco_results_flye/run_glires_odb10/metaeuk_output/initial_results/ragtag.scaffold.fasta.modified.fas 
# Current dir:     /home/bgerda/guppy_SUP
# Date:            Sun May 21 17:17:03 2023
# [ok]
