#                                                                                             --- full sequence --- -------------- this domain -------------   hmm coord   ali coord   env coord
# target name                         accession   tlen query name           accession   qlen   E-value  score  bias   #  of  c-Evalue  i-Evalue  score  bias  from    to  from    to  from    to  acc description of target
#                 ------------------- ---------- ----- -------------------- ---------- ----- --------- ------ ----- --- --- --------- --------- ------ ----- ----- ----- ----- ----- ----- ----- ---- ---------------------
NW_025965188.1_RagTag:479764-480330   -            189 373at314147          -           2185     2e-08   28.0   0.5   1   1   3.2e-10   4.5e-08   26.9   0.5  1633  1755    46   180    34   187 0.85 -
NW_025965324.1_RagTag:2603168-2602869 -            100 373at314147          -           2185   9.2e-08   25.8  12.0   1   1   8.2e-10   1.2e-07   25.5  12.0   724   791    12    83     2    97 0.47 -
NW_025965344.1_RagTag:44205-38804     -            204 373at314147          -           2185   4.2e-06   20.4   0.0   1   2   9.2e-08   1.3e-05   18.7   0.0  1721  1813    41   133    16   153 0.83 -
NW_025965344.1_RagTag:44205-38804     -            204 373at314147          -           2185   4.2e-06   20.4   0.0   2   2      0.04       5.6    0.0   0.0  1647  1700   133   186   127   192 0.73 -
NW_025965318.1_RagTag:919456-924140   -            259 373at314147          -           2185     9e-05   15.9   8.9   1   1   7.2e-07    0.0001   15.7   8.9   407   941   112   182    79   225 0.57 -
NW_025965276.1_RagTag:401981-402454   -            158 373at314147          -           2185   0.00043   13.7   0.2   1   1     3e-06   0.00043   13.7   0.2  1742  1809    50   114     7   148 0.81 -
NW_025965352.1_RagTag:111207-112973   -            318 373at314147          -           2185   0.00067   13.0   0.0   1   1   5.3e-06   0.00075   12.9   0.0  1745  1800     1    56     1   118 0.84 -
NW_025965214.1_RagTag:220676-188498   -            510 373at314147          -           2185   0.00088   12.6   1.1   1   1   8.6e-06    0.0012   12.2   1.1   914   948   440   478   434   488 0.69 -
NW_025965099.1_RagTag:977330-977033   -             72 373at314147          -           2185   0.00091   12.6   4.4   1   1   5.4e-06   0.00077   12.8   4.4   881   911     2    29     1    64 0.80 -
NW_025965288.1_RagTag:116076-117766   -            294 373at314147          -           2185    0.0063    9.8   0.1   1   1   5.2e-05    0.0073    9.6   0.1  1732  1823    73   164    22   179 0.78 -
NW_025965287.1_RagTag:1600616-1605266 -            433 373at314147          -           2185       1.6    1.8  11.8   1   2        10   1.4e+03   -8.1   4.1  2055  2110   142   198   132   218 0.50 -
NW_025965287.1_RagTag:1600616-1605266 -            433 373at314147          -           2185       1.6    1.8  11.8   2   2   1.3e-05    0.0019   11.5   0.9  1677  1777   321   422   307   430 0.85 -
#
# Program:         hmmsearch
# Version:         3.1b2 (February 2015)
# Pipeline mode:   SEARCH
# Query file:      /home/bgerda/guppy_SUP/busco_downloads/lineages/glires_odb10/hmms/373at314147.hmm
# Target file:     /home/bgerda/guppy_SUP/busco_results_flye/run_glires_odb10/metaeuk_output/initial_results/ragtag.scaffold.fasta.modified.fas
# Option settings: hmmsearch --domtblout /home/bgerda/guppy_SUP/busco_results_flye/run_glires_odb10/hmmer_output/initial_run_results/373at314147.out --cpu 1 /home/bgerda/guppy_SUP/busco_downloads/lineages/glires_odb10/hmms/373at314147.hmm /home/bgerda/guppy_SUP/busco_results_flye/run_glires_odb10/metaeuk_output/initial_results/ragtag.scaffold.fasta.modified.fas 
# Current dir:     /home/bgerda/guppy_SUP
# Date:            Sun May 21 17:17:06 2023
# [ok]
