#                                                                                             --- full sequence --- -------------- this domain -------------   hmm coord   ali coord   env coord
# target name                         accession   tlen query name           accession   qlen   E-value  score  bias   #  of  c-Evalue  i-Evalue  score  bias  from    to  from    to  from    to  acc description of target
#                 ------------------- ---------- ----- -------------------- ---------- ----- --------- ------ ----- --- --- --------- --------- ------ ----- ----- ----- ----- ----- ----- ----- ---- ---------------------
NW_025965316.1_RagTag:909935-910387   -            140 39384at314147        -            191   7.9e-19   64.7   5.4   1   1   1.8e-20   5.1e-18   62.1   5.4    23   157     1   129     1   140 0.82 -
NW_025965080.1_RagTag:541691-539692   -            240 39384at314147        -            191   8.5e-16   54.8  15.3   1   4   9.9e-09   2.8e-06   23.8   0.1   125   178    16    69     1    75 0.86 -
NW_025965080.1_RagTag:541691-539692   -            240 39384at314147        -            191   8.5e-16   54.8  15.3   2   4   1.5e-06   0.00042   16.7   0.9   116   180    67   130    65   136 0.83 -
NW_025965080.1_RagTag:541691-539692   -            240 39384at314147        -            191   8.5e-16   54.8  15.3   3   4   0.00054      0.15    8.3   0.9   116   173   126   181   125   190 0.77 -
NW_025965080.1_RagTag:541691-539692   -            240 39384at314147        -            191   8.5e-16   54.8  15.3   4   4   9.5e-07   0.00027   17.3   2.6     8    64   183   238   178   240 0.71 -
contig_7816_pilon:143-2077            -            194 39384at314147        -            191   9.7e-16   54.7  14.1   1   3   2.9e-10   8.1e-08   28.8   1.2   115   173     6    65     3    76 0.87 -
contig_7816_pilon:143-2077            -            194 39384at314147        -            191   9.7e-16   54.7  14.1   2   3     2e-07   5.7e-05   19.5   1.5     9    69    67   127    64   134 0.54 -
contig_7816_pilon:143-2077            -            194 39384at314147        -            191   9.7e-16   54.7  14.1   3   3   7.4e-06    0.0021   14.4   1.3   128   170   145   191   127   193 0.70 -
NW_025965218.1_RagTag:1405061-1401683 -            206 39384at314147        -            191   8.1e-06   22.3   0.9   1   1   4.9e-08   1.4e-05   21.5   0.9   135   172    36    74    14    84 0.86 -
NW_025965284.1_RagTag:31886-31325     -             98 39384at314147        -            191   0.00013   18.4   0.4   1   1   5.1e-07   0.00015   18.2   0.4    95   169     5    80     1    93 0.75 -
#
# Program:         hmmsearch
# Version:         3.1b2 (February 2015)
# Pipeline mode:   SEARCH
# Query file:      /home/bgerda/guppy_SUP/busco_downloads/lineages/glires_odb10/hmms/39384at314147.hmm
# Target file:     /home/bgerda/guppy_SUP/busco_results_flye/run_glires_odb10/metaeuk_output/initial_results/ragtag.scaffold.fasta.modified.fas
# Option settings: hmmsearch --domtblout /home/bgerda/guppy_SUP/busco_results_flye/run_glires_odb10/hmmer_output/initial_run_results/39384at314147.out --cpu 1 /home/bgerda/guppy_SUP/busco_downloads/lineages/glires_odb10/hmms/39384at314147.hmm /home/bgerda/guppy_SUP/busco_results_flye/run_glires_odb10/metaeuk_output/initial_results/ragtag.scaffold.fasta.modified.fas 
# Current dir:     /home/bgerda/guppy_SUP
# Date:            Sun May 21 17:17:07 2023
# [ok]
