#                                                                                             --- full sequence --- -------------- this domain -------------   hmm coord   ali coord   env coord
# target name                         accession   tlen query name           accession   qlen   E-value  score  bias   #  of  c-Evalue  i-Evalue  score  bias  from    to  from    to  from    to  acc description of target
#                 ------------------- ---------- ----- -------------------- ---------- ----- --------- ------ ----- --- --- --------- --------- ------ ----- ----- ----- ----- ----- ----- ----- ---- ---------------------
NW_025965324.1_RagTag:3261955-3254736 -            264 3956at314147         -            919   5.1e-12   40.9   0.3   1   3   6.8e-07   0.00019   15.9   0.1   527   611     2    84     1    94 0.81 -
NW_025965324.1_RagTag:3261955-3254736 -            264 3956at314147         -            919   5.1e-12   40.9   0.3   2   3   3.3e-06   0.00094   13.6   0.0   210   283    98   176    89   193 0.79 -
NW_025965324.1_RagTag:3261955-3254736 -            264 3956at314147         -            919   5.1e-12   40.9   0.3   3   3   6.7e-05     0.019    9.3   0.0   529   601   193   263   177   264 0.78 -
NW_025965548.1_RagTag:8831-1842       -            515 3956at314147         -            919   3.1e-07   25.1   0.0   1   2   1.7e-08   4.7e-06   21.2   0.0   298   371    13    96     5   123 0.77 -
NW_025965548.1_RagTag:8831-1842       -            515 3956at314147         -            919   3.1e-07   25.1   0.0   2   2     0.013       3.5    1.7   0.0   251   366   175   201   137   222 0.64 -
NW_025965324.1_RagTag:3257799-3257200 -            200 3956at314147         -            919     2e-05   19.1   0.0   1   2    0.0014      0.39    4.9   0.0   309   373    10    81     4   104 0.72 -
NW_025965324.1_RagTag:3257799-3257200 -            200 3956at314147         -            919     2e-05   19.1   0.0   2   2   6.1e-06    0.0017   12.7   0.0   535   604   103   170    84   192 0.75 -
NW_025965324.1_RagTag:3286322-3285366 -            319 3956at314147         -            919    0.0003   15.2   0.0   1   2   0.00011      0.03    8.6   0.0   305   376     6    83     2    96 0.77 -
NW_025965324.1_RagTag:3286322-3285366 -            319 3956at314147         -            919    0.0003   15.2   0.0   2   2    0.0017      0.48    4.6   0.0   289   333   227   271   221   312 0.88 -
NW_025965256.1_RagTag:1087919-1092946 -            482 3956at314147         -            919   0.00038   14.9   0.0   1   1     2e-06   0.00057   14.3   0.0    19    82   253   318   245   334 0.87 -
#
# Program:         hmmsearch
# Version:         3.1b2 (February 2015)
# Pipeline mode:   SEARCH
# Query file:      /home/bgerda/guppy_SUP/busco_downloads/lineages/glires_odb10/hmms/3956at314147.hmm
# Target file:     /home/bgerda/guppy_SUP/busco_results_flye/run_glires_odb10/metaeuk_output/initial_results/ragtag.scaffold.fasta.modified.fas
# Option settings: hmmsearch --domtblout /home/bgerda/guppy_SUP/busco_results_flye/run_glires_odb10/hmmer_output/initial_run_results/3956at314147.out --cpu 1 /home/bgerda/guppy_SUP/busco_downloads/lineages/glires_odb10/hmms/3956at314147.hmm /home/bgerda/guppy_SUP/busco_results_flye/run_glires_odb10/metaeuk_output/initial_results/ragtag.scaffold.fasta.modified.fas 
# Current dir:     /home/bgerda/guppy_SUP
# Date:            Sun May 21 17:17:05 2023
# [ok]
