#                                                                                             --- full sequence --- -------------- this domain -------------   hmm coord   ali coord   env coord
# target name                         accession   tlen query name           accession   qlen   E-value  score  bias   #  of  c-Evalue  i-Evalue  score  bias  from    to  from    to  from    to  acc description of target
#                 ------------------- ---------- ----- -------------------- ---------- ----- --------- ------ ----- --- --- --------- --------- ------ ----- ----- ----- ----- ----- ----- ----- ---- ---------------------
NW_025965548.1_RagTag:8831-1842       -            515 4117at314147         -           1148   1.4e-21   72.3   0.0   1   1   1.3e-23   1.8e-21   71.9   0.0   164   366   291   504   271   511 0.78 -
NW_025965309.1_RagTag:3531840-3529118 -            326 4117at314147         -           1148   3.4e-20   67.7   0.0   1   1   2.9e-22   4.1e-20   67.5   0.0   108   312    91   322    51   325 0.78 -
NW_025965287.1_RagTag:77543-78792     -            357 4117at314147         -           1148   2.6e-15   51.5   0.0   1   1   3.4e-17   4.7e-15   50.7   0.0   209   321    39   153    15   156 0.79 -
NW_025965313.1_RagTag:91187-92498     -            211 4117at314147         -           1148   5.1e-10   34.0   0.0   1   1   4.6e-12   6.6e-10   33.7   0.0   110   282    39   203    24   207 0.79 -
NW_025965279.1_RagTag:87840-88469     -            210 4117at314147         -           1148   1.4e-08   29.3   0.0   1   1   1.3e-10   1.8e-08   28.9   0.0   178   280     4    95     1   114 0.81 -
contig_34309_pilon:705-58             -            216 4117at314147         -           1148   1.4e-06   22.6   0.0   1   1   1.4e-08     2e-06   22.1   0.0   112   281     8   176     4   186 0.80 -
NW_025965334.1_RagTag:180570-180424   -             49 4117at314147         -           1148   4.8e-05   17.6   0.0   1   1   3.5e-07     5e-05   17.5   0.0   270   320     2    49     1    49 0.85 -
NW_025965321.1_RagTag:4471412-4470762 -            217 4117at314147         -           1148   0.00013   16.1   0.0   1   1     1e-06   0.00015   16.0   0.0   154   255    49   152     4   186 0.72 -
NW_025965256.1_RagTag:50807-50322     -            106 4117at314147         -           1148   0.00038   14.6   0.0   1   1   2.8e-06    0.0004   14.5   0.0   215   254    50    89    19    94 0.87 -
contig_34501_pilon:2315-1608          -            236 4117at314147         -           1148    0.0011   13.0   0.0   1   1     1e-05    0.0015   12.6   0.0   215   281    34    97    29   108 0.88 -
#
# Program:         hmmsearch
# Version:         3.1b2 (February 2015)
# Pipeline mode:   SEARCH
# Query file:      /home/bgerda/guppy_SUP/busco_downloads/lineages/glires_odb10/hmms/4117at314147.hmm
# Target file:     /home/bgerda/guppy_SUP/busco_results_flye/run_glires_odb10/metaeuk_output/initial_results/ragtag.scaffold.fasta.modified.fas
# Option settings: hmmsearch --domtblout /home/bgerda/guppy_SUP/busco_results_flye/run_glires_odb10/hmmer_output/initial_run_results/4117at314147.out --cpu 1 /home/bgerda/guppy_SUP/busco_downloads/lineages/glires_odb10/hmms/4117at314147.hmm /home/bgerda/guppy_SUP/busco_results_flye/run_glires_odb10/metaeuk_output/initial_results/ragtag.scaffold.fasta.modified.fas 
# Current dir:     /home/bgerda/guppy_SUP
# Date:            Sun May 21 17:17:09 2023
# [ok]
