#                                                                                             --- full sequence --- -------------- this domain -------------   hmm coord   ali coord   env coord
# target name                         accession   tlen query name           accession   qlen   E-value  score  bias   #  of  c-Evalue  i-Evalue  score  bias  from    to  from    to  from    to  acc description of target
#                 ------------------- ---------- ----- -------------------- ---------- ----- --------- ------ ----- --- --- --------- --------- ------ ----- ----- ----- ----- ----- ----- ----- ---- ---------------------
NW_025965225.1_RagTag:634263-633982   -             94 4386at314147         -            876   7.3e-59  195.6  12.5   1   1   4.5e-61     8e-59  195.5  12.5   151   243     1    94     1    94 0.98 -
contig_4568_pilon:1345-1638           -             98 4386at314147         -            876   1.1e-07   26.3   5.5   1   1   6.8e-10   1.2e-07   26.2   5.5   155   245     2    88     1    95 0.69 -
contig_50121_pilon:804-1229           -            142 4386at314147         -            876     1e-06   23.1   5.3   1   1   6.2e-09   1.1e-06   23.0   5.3   155   243     1    94     1   134 0.70 -
NW_025965319.1_RagTag:4368574-4368218 -            119 4386at314147         -            876   3.3e-05   18.1   1.3   1   1     2e-07   3.6e-05   18.0   1.3   154   205     3    55     1    71 0.86 -
NW_025965314.1_RagTag:623697-623012   -            157 4386at314147         -            876   3.9e-05   17.9   2.4   1   1   2.4e-07   4.3e-05   17.7   2.4   152   233    18    98    10   122 0.78 -
NW_025965322.1_RagTag:1301532-1302740 -            403 4386at314147         -            876   0.00012   16.3   0.4   1   2   1.6e-06   0.00028   15.0   0.6   149   233     4    86     1    93 0.70 -
NW_025965322.1_RagTag:1301532-1302740 -            403 4386at314147         -            876   0.00012   16.3   0.4   2   2      0.45        80   -3.0   0.0   571   639   195   270   189   275 0.51 -
NW_025965309.1_RagTag:3486659-3486297 -            121 4386at314147         -            876    0.0032   11.5   0.9   1   1   1.6e-05    0.0029   11.7   0.9   153   195    61   109    18   116 0.81 -
NW_025965075.1_RagTag:74487-67481     -            353 4386at314147         -            876    0.0057   10.7   4.8   1   1   4.3e-05    0.0077   10.3   4.8   152   223    48   118    26   141 0.78 -
#
# Program:         hmmsearch
# Version:         3.1b2 (February 2015)
# Pipeline mode:   SEARCH
# Query file:      /home/bgerda/guppy_SUP/busco_downloads/lineages/glires_odb10/hmms/4386at314147.hmm
# Target file:     /home/bgerda/guppy_SUP/busco_results_flye/run_glires_odb10/metaeuk_output/initial_results/ragtag.scaffold.fasta.modified.fas
# Option settings: hmmsearch --domtblout /home/bgerda/guppy_SUP/busco_results_flye/run_glires_odb10/hmmer_output/initial_run_results/4386at314147.out --cpu 1 /home/bgerda/guppy_SUP/busco_downloads/lineages/glires_odb10/hmms/4386at314147.hmm /home/bgerda/guppy_SUP/busco_results_flye/run_glires_odb10/metaeuk_output/initial_results/ragtag.scaffold.fasta.modified.fas 
# Current dir:     /home/bgerda/guppy_SUP
# Date:            Sun May 21 17:17:08 2023
# [ok]
