#                                                                                             --- full sequence --- -------------- this domain -------------   hmm coord   ali coord   env coord
# target name                         accession   tlen query name           accession   qlen   E-value  score  bias   #  of  c-Evalue  i-Evalue  score  bias  from    to  from    to  from    to  acc description of target
#                 ------------------- ---------- ----- -------------------- ---------- ----- --------- ------ ----- --- --- --------- --------- ------ ----- ----- ----- ----- ----- ----- ----- ---- ---------------------
NW_025965080.1_RagTag:541691-539692   -            240 43907at314147        -             72   1.8e-13   46.8  25.7   1   4   5.1e-08   1.4e-05   21.5   2.2    14    61    18    69     7    75 0.75 -
NW_025965080.1_RagTag:541691-539692   -            240 43907at314147        -             72   1.8e-13   46.8  25.7   2   4   5.2e-06    0.0015   15.1   3.4     2    63    66   130    65   138 0.80 -
NW_025965080.1_RagTag:541691-539692   -            240 43907at314147        -             72   1.8e-13   46.8  25.7   3   4   9.3e-07   0.00026   17.5   0.9     2    48   125   174   124   180 0.81 -
NW_025965080.1_RagTag:541691-539692   -            240 43907at314147        -             72   1.8e-13   46.8  25.7   4   4   0.00017     0.048   10.2   3.0     4    54   185   238   182   240 0.72 -
contig_7816_pilon:143-2077            -            194 43907at314147        -             72   3.9e-09   33.0  17.8   1   3     2e-06   0.00055   16.5   0.5     4    53     8    62     5    66 0.76 -
contig_7816_pilon:143-2077            -            194 43907at314147        -             72   3.9e-09   33.0  17.8   2   3    0.0085       2.4    4.8   3.1     2    38    66   101    65   129 0.71 -
contig_7816_pilon:143-2077            -            194 43907at314147        -             72   3.9e-09   33.0  17.8   3   3   5.9e-08   1.7e-05   21.3   0.5    15    39   145   169   125   179 0.85 -
NW_025965321.1_RagTag:395642-395764   -             41 43907at314147        -             72   1.2e-05   21.8   0.7   1   1   4.6e-08   1.3e-05   21.7   0.7     1    34     8    41     8    41 0.96 -
NW_025965123.1_RagTag:707015-706890   -             42 43907at314147        -             72   0.00049   16.6   5.2   1   1   1.9e-06   0.00053   16.5   5.2     4    40     3    39     1    41 0.88 -
NW_025965218.1_RagTag:1405061-1401683 -            206 43907at314147        -             72   0.00057   16.4   2.0   1   1   4.5e-06    0.0013   15.3   2.0    21    48    35    68    16    74 0.77 -
#
# Program:         hmmsearch
# Version:         3.1b2 (February 2015)
# Pipeline mode:   SEARCH
# Query file:      /home/bgerda/guppy_SUP/busco_downloads/lineages/glires_odb10/hmms/43907at314147.hmm
# Target file:     /home/bgerda/guppy_SUP/busco_results_flye/run_glires_odb10/metaeuk_output/initial_results/ragtag.scaffold.fasta.modified.fas
# Option settings: hmmsearch --domtblout /home/bgerda/guppy_SUP/busco_results_flye/run_glires_odb10/hmmer_output/initial_run_results/43907at314147.out --cpu 1 /home/bgerda/guppy_SUP/busco_downloads/lineages/glires_odb10/hmms/43907at314147.hmm /home/bgerda/guppy_SUP/busco_results_flye/run_glires_odb10/metaeuk_output/initial_results/ragtag.scaffold.fasta.modified.fas 
# Current dir:     /home/bgerda/guppy_SUP
# Date:            Sun May 21 17:17:08 2023
# [ok]
