#                                                                                             --- full sequence --- -------------- this domain -------------   hmm coord   ali coord   env coord
# target name                         accession   tlen query name           accession   qlen   E-value  score  bias   #  of  c-Evalue  i-Evalue  score  bias  from    to  from    to  from    to  acc description of target
#                 ------------------- ---------- ----- -------------------- ---------- ----- --------- ------ ----- --- --- --------- --------- ------ ----- ----- ----- ----- ----- ----- ----- ---- ---------------------
NW_025965163.1_RagTag:39462-30569     -            761 4440at314147         -            878     1e-11   39.8   0.2   1   2      0.26        47   -2.1   0.4   288   329    87   130    65   134 0.63 -
NW_025965163.1_RagTag:39462-30569     -            761 4440at314147         -            878     1e-11   39.8   0.2   2   2   5.7e-14     1e-11   39.8   0.2   111   231   424   547   417   560 0.90 -
NW_025965188.1_RagTag:479764-480330   -            189 4440at314147         -            878   5.4e-11   37.4   0.0   1   1   5.3e-13   9.3e-11   36.6   0.0    95   204    51   174    42   186 0.75 -
NW_025965344.1_RagTag:44205-38804     -            204 4440at314147         -            878   9.3e-10   33.3   0.0   1   1     8e-12   1.4e-09   32.7   0.0    94   252    58   184    35   193 0.61 -
NW_025965287.1_RagTag:77543-78792     -            357 4440at314147         -            878   7.8e-07   23.6   0.0   1   1   6.1e-09   1.1e-06   23.2   0.0   540   603   291   353   278   356 0.89 -
NW_025965352.1_RagTag:111207-112973   -            318 4440at314147         -            878   1.2e-06   23.1   0.1   1   1   8.4e-09   1.5e-06   22.7   0.1    11    67     1    57     1    73 0.89 -
NW_025965287.1_RagTag:1600616-1605266 -            433 4440at314147         -            878   8.4e-05   16.9   0.2   1   1   6.6e-07   0.00012   16.4   0.2    99   202   320   426   300   432 0.80 -
NW_025965288.1_RagTag:116076-117766   -            294 4440at314147         -            878   0.00011   16.6   0.1   1   1   1.1e-06   0.00019   15.8   0.1     4    71    79   146    76   161 0.88 -
NW_025965306.1_RagTag:1072482-1073591 -            370 4440at314147         -            878   0.00034   14.9   0.0   1   1   2.8e-06   0.00049   14.4   0.0   170   240    22    93    12   158 0.49 -
#
# Program:         hmmsearch
# Version:         3.1b2 (February 2015)
# Pipeline mode:   SEARCH
# Query file:      /home/bgerda/guppy_SUP/busco_downloads/lineages/glires_odb10/hmms/4440at314147.hmm
# Target file:     /home/bgerda/guppy_SUP/busco_results_flye/run_glires_odb10/metaeuk_output/initial_results/ragtag.scaffold.fasta.modified.fas
# Option settings: hmmsearch --domtblout /home/bgerda/guppy_SUP/busco_results_flye/run_glires_odb10/hmmer_output/initial_run_results/4440at314147.out --cpu 1 /home/bgerda/guppy_SUP/busco_downloads/lineages/glires_odb10/hmms/4440at314147.hmm /home/bgerda/guppy_SUP/busco_results_flye/run_glires_odb10/metaeuk_output/initial_results/ragtag.scaffold.fasta.modified.fas 
# Current dir:     /home/bgerda/guppy_SUP
# Date:            Sun May 21 17:17:09 2023
# [ok]
