#                                                                                             --- full sequence --- -------------- this domain -------------   hmm coord   ali coord   env coord
# target name                         accession   tlen query name           accession   qlen   E-value  score  bias   #  of  c-Evalue  i-Evalue  score  bias  from    to  from    to  from    to  acc description of target
#                 ------------------- ---------- ----- -------------------- ---------- ----- --------- ------ ----- --- --- --------- --------- ------ ----- ----- ----- ----- ----- ----- ----- ---- ---------------------
NW_025965548.1_RagTag:8831-1842       -            515 5428at314147         -            918   2.7e-12   41.9   0.0   1   1   4.9e-14   1.2e-11   39.8   0.0   210   376    21   208    16   219 0.77 -
NW_025965324.1_RagTag:3261955-3254736 -            264 5428at314147         -            918   1.4e-09   32.9   0.4   1   3     0.014       3.2    1.9   0.0   488   558     8    75     2    86 0.79 -
NW_025965324.1_RagTag:3261955-3254736 -            264 5428at314147         -            918   1.4e-09   32.9   0.4   2   3   4.5e-09   1.1e-06   23.4   0.0   210   284   105   182    99   186 0.85 -
NW_025965324.1_RagTag:3261955-3254736 -            264 5428at314147         -            918   1.4e-09   32.9   0.4   3   3    0.0021      0.48    4.6   0.0   489   556   198   262   182   264 0.73 -
NW_025965324.1_RagTag:3286322-3285366 -            319 5428at314147         -            918   6.4e-06   20.8   0.0   1   2   5.7e-05     0.014    9.8   0.0   390   458     3    68     1    87 0.83 -
NW_025965324.1_RagTag:3286322-3285366 -            319 5428at314147         -            918   6.4e-06   20.8   0.0   2   2   8.7e-05     0.021    9.2   0.0   207   275   241   315   220   319 0.73 -
NW_025965324.1_RagTag:3257799-3257200 -            200 5428at314147         -            918   3.4e-05   18.4   0.2   1   2   5.9e-06    0.0014   13.1   0.0   219   380    16    85     4    93 0.50 -
NW_025965324.1_RagTag:3257799-3257200 -            200 5428at314147         -            918   3.4e-05   18.4   0.2   2   2    0.0045       1.1    3.5   0.0   491   567   104   176    88   184 0.84 -
NW_025965166.1_RagTag:67000-68733     -            208 5428at314147         -            918   0.00062   14.2   0.0   1   1   3.6e-06   0.00084   13.8   0.0   207   282    34   113    23   125 0.82 -
NW_025965309.1_RagTag:3531840-3529118 -            326 5428at314147         -            918    0.0029   12.0   0.0   1   1   1.7e-05     0.004   11.5   0.0   343   376    12    45     5    50 0.89 -
#
# Program:         hmmsearch
# Version:         3.1b2 (February 2015)
# Pipeline mode:   SEARCH
# Query file:      /home/bgerda/guppy_SUP/busco_downloads/lineages/glires_odb10/hmms/5428at314147.hmm
# Target file:     /home/bgerda/guppy_SUP/busco_results_flye/run_glires_odb10/metaeuk_output/initial_results/ragtag.scaffold.fasta.modified.fas
# Option settings: hmmsearch --domtblout /home/bgerda/guppy_SUP/busco_results_flye/run_glires_odb10/hmmer_output/initial_run_results/5428at314147.out --cpu 1 /home/bgerda/guppy_SUP/busco_downloads/lineages/glires_odb10/hmms/5428at314147.hmm /home/bgerda/guppy_SUP/busco_results_flye/run_glires_odb10/metaeuk_output/initial_results/ragtag.scaffold.fasta.modified.fas 
# Current dir:     /home/bgerda/guppy_SUP
# Date:            Sun May 21 17:17:09 2023
# [ok]
