#                                                                                             --- full sequence --- -------------- this domain -------------   hmm coord   ali coord   env coord
# target name                         accession   tlen query name           accession   qlen   E-value  score  bias   #  of  c-Evalue  i-Evalue  score  bias  from    to  from    to  from    to  acc description of target
#                 ------------------- ---------- ----- -------------------- ---------- ----- --------- ------ ----- --- --- --------- --------- ------ ----- ----- ----- ----- ----- ----- ----- ---- ---------------------
NW_025965287.1_RagTag:1529085-1528498 -            196 5478at314147         -            890   6.2e-08   27.5   1.2   1   3   1.8e-08   4.3e-06   21.5   0.1   438   517     2    80     1    93 0.88 -
NW_025965287.1_RagTag:1529085-1528498 -            196 5478at314147         -            890   6.2e-08   27.5   1.2   2   3    0.0036      0.84    3.9   0.0   478   517    83   123    72   134 0.77 -
NW_025965287.1_RagTag:1529085-1528498 -            196 5478at314147         -            890   6.2e-08   27.5   1.2   3   3     0.037       8.7    0.6   0.0   646   682   137   173   130   190 0.70 -
contig_13085_pilon:902-109            -            219 5478at314147         -            890   5.2e-07   24.5   0.5   1   2   1.7e-08   4.1e-06   21.5   0.4   441   521    41   120    25   125 0.81 -
contig_13085_pilon:902-109            -            219 5478at314147         -            890   5.2e-07   24.5   0.5   2   2     0.031       7.2    0.8   0.0   478   509   149   180   140   192 0.83 -
NW_025965155.1_RagTag:69796-68828     -            323 5478at314147         -            890   0.00044   14.8   0.0   1   1   2.9e-06   0.00069   14.1   0.0   651   724   162   233   147   269 0.83 -
NW_025965310.1_RagTag:498896-512586   -            308 5478at314147         -            890    0.0024   12.3   0.1   1   1   2.1e-05    0.0049   11.3   0.0   494   607   136   259   109   266 0.79 -
NW_025965114.1_RagTag:29747-29574     -             58 5478at314147         -            890    0.0032   11.9   0.0   1   1   1.4e-05    0.0032   11.9   0.0   477   508    13    43     6    57 0.80 -
NW_025965321.1_RagTag:3116320-3115622 -            233 5478at314147         -            890     0.022    9.2   0.1   1   2   0.00097      0.23    5.8   0.0   686   755    14    81     5    93 0.67 -
NW_025965321.1_RagTag:3116320-3115622 -            233 5478at314147         -            890     0.022    9.2   0.1   2   2    0.0073       1.7    2.9   0.1   654   710    72   127    69   132 0.73 -
#
# Program:         hmmsearch
# Version:         3.1b2 (February 2015)
# Pipeline mode:   SEARCH
# Query file:      /home/bgerda/guppy_SUP/busco_downloads/lineages/glires_odb10/hmms/5478at314147.hmm
# Target file:     /home/bgerda/guppy_SUP/busco_results_flye/run_glires_odb10/metaeuk_output/initial_results/ragtag.scaffold.fasta.modified.fas
# Option settings: hmmsearch --domtblout /home/bgerda/guppy_SUP/busco_results_flye/run_glires_odb10/hmmer_output/initial_run_results/5478at314147.out --cpu 1 /home/bgerda/guppy_SUP/busco_downloads/lineages/glires_odb10/hmms/5478at314147.hmm /home/bgerda/guppy_SUP/busco_results_flye/run_glires_odb10/metaeuk_output/initial_results/ragtag.scaffold.fasta.modified.fas 
# Current dir:     /home/bgerda/guppy_SUP
# Date:            Sun May 21 17:17:10 2023
# [ok]
