#                                                                                             --- full sequence --- -------------- this domain -------------   hmm coord   ali coord   env coord
# target name                         accession   tlen query name           accession   qlen   E-value  score  bias   #  of  c-Evalue  i-Evalue  score  bias  from    to  from    to  from    to  acc description of target
#                 ------------------- ---------- ----- -------------------- ---------- ----- --------- ------ ----- --- --- --------- --------- ------ ----- ----- ----- ----- ----- ----- ----- ---- ---------------------
NW_025965287.1_RagTag:1600616-1605266 -            433 5585at314147         -            792   4.7e-10   34.4   0.2   1   1   3.5e-12     7e-10   33.8   0.2   395   515   298   416   290   429 0.82 -
NW_025965344.1_RagTag:44205-38804     -            204 5585at314147         -            792     7e-09   30.5   0.0   1   1     4e-11     8e-09   30.3   0.0   449   569    57   176    13   182 0.89 -
NW_025965188.1_RagTag:479764-480330   -            189 5585at314147         -            792   1.1e-08   29.8   0.8   1   2   8.2e-07   0.00017   16.0   0.0   579   627    45    94    33   119 0.78 -
NW_025965188.1_RagTag:479764-480330   -            189 5585at314147         -            792   1.1e-08   29.8   0.8   2   2   7.2e-06    0.0014   12.9   0.2   478   601   125   180   103   189 0.56 -
NW_025965276.1_RagTag:401981-402454   -            158 5585at314147         -            792   3.5e-06   21.6   1.2   1   2     2e-05    0.0041   11.4   0.2   524   583    12    79     4    81 0.78 -
NW_025965276.1_RagTag:401981-402454   -            158 5585at314147         -            792   3.5e-06   21.6   1.2   2   2   1.5e-05     0.003   11.9   0.2   499   567    62   127    53   149 0.75 -
NW_025965352.1_RagTag:111207-112973   -            318 5585at314147         -            792   6.4e-05   17.4   0.0   1   1   3.9e-07   7.9e-05   17.1   0.0   462   516     6    60     1    70 0.92 -
NW_025965163.1_RagTag:39462-30569     -            761 5585at314147         -            792   0.00063   14.1   0.1   1   1   4.4e-06   0.00089   13.6   0.1   496   617   420   540   407   552 0.67 -
NW_025965288.1_RagTag:116076-117766   -            294 5585at314147         -            792   0.00072   13.9   0.2   1   1   4.2e-06   0.00085   13.7   0.2   479   619    75   147    12   164 0.66 -
#
# Program:         hmmsearch
# Version:         3.1b2 (February 2015)
# Pipeline mode:   SEARCH
# Query file:      /home/bgerda/guppy_SUP/busco_downloads/lineages/glires_odb10/hmms/5585at314147.hmm
# Target file:     /home/bgerda/guppy_SUP/busco_results_flye/run_glires_odb10/metaeuk_output/initial_results/ragtag.scaffold.fasta.modified.fas
# Option settings: hmmsearch --domtblout /home/bgerda/guppy_SUP/busco_results_flye/run_glires_odb10/hmmer_output/initial_run_results/5585at314147.out --cpu 1 /home/bgerda/guppy_SUP/busco_downloads/lineages/glires_odb10/hmms/5585at314147.hmm /home/bgerda/guppy_SUP/busco_results_flye/run_glires_odb10/metaeuk_output/initial_results/ragtag.scaffold.fasta.modified.fas 
# Current dir:     /home/bgerda/guppy_SUP
# Date:            Sun May 21 17:17:13 2023
# [ok]
