#                                                                                             --- full sequence --- -------------- this domain -------------   hmm coord   ali coord   env coord
# target name                         accession   tlen query name           accession   qlen   E-value  score  bias   #  of  c-Evalue  i-Evalue  score  bias  from    to  from    to  from    to  acc description of target
#                 ------------------- ---------- ----- -------------------- ---------- ----- --------- ------ ----- --- --- --------- --------- ------ ----- ----- ----- ----- ----- ----- ----- ---- ---------------------
contig_4568_pilon:1345-1638           -             98 6918at314147         -            669   2.1e-05   19.3   2.3   1   1   1.2e-07   2.4e-05   19.2   2.3   605   651     2    50     1    65 0.80 -
contig_50121_pilon:804-1229           -            142 6918at314147         -            669     3e-05   18.9   2.0   1   2   1.5e-07     3e-05   18.9   2.0   605   649     1    46     1    64 0.78 -
contig_50121_pilon:804-1229           -            142 6918at314147         -            669     3e-05   18.9   2.0   2   2      0.48        97   -2.7   0.2   638   646    96   104    82   136 0.52 -
NW_025965319.1_RagTag:4368574-4368218 -            119 6918at314147         -            669   3.7e-05   18.6   1.1   1   1   2.2e-07   4.5e-05   18.3   1.1   603   660     2    64     1    73 0.79 -
NW_025965225.1_RagTag:634263-633982   -             94 6918at314147         -            669   7.1e-05   17.6   6.6   1   1   3.6e-07   7.2e-05   17.6   6.6   603   645     3    45     1    70 0.86 -
NW_025965314.1_RagTag:623697-623012   -            157 6918at314147         -            669    0.0002   16.2   1.5   1   1   1.2e-06   0.00024   15.9   1.5   601   647    17    63     6    84 0.76 -
NW_025965309.1_RagTag:3486659-3486297 -            121 6918at314147         -            669    0.0005   14.8   1.8   1   1   3.3e-06   0.00066   14.4   1.8   615   648    80   112    59   117 0.83 -
NW_025965075.1_RagTag:74487-67481     -            353 6918at314147         -            669      0.26    5.8   7.7   1   2   0.00017     0.033    8.8   3.3   596   647    42    92    33   113 0.77 -
NW_025965075.1_RagTag:74487-67481     -            353 6918at314147         -            669      0.26    5.8   7.7   2   2      0.23        46   -1.6   0.1   620   646   116   144    98   155 0.74 -
#
# Program:         hmmsearch
# Version:         3.1b2 (February 2015)
# Pipeline mode:   SEARCH
# Query file:      /home/bgerda/guppy_SUP/busco_downloads/lineages/glires_odb10/hmms/6918at314147.hmm
# Target file:     /home/bgerda/guppy_SUP/busco_results_flye/run_glires_odb10/metaeuk_output/initial_results/ragtag.scaffold.fasta.modified.fas
# Option settings: hmmsearch --domtblout /home/bgerda/guppy_SUP/busco_results_flye/run_glires_odb10/hmmer_output/initial_run_results/6918at314147.out --cpu 1 /home/bgerda/guppy_SUP/busco_downloads/lineages/glires_odb10/hmms/6918at314147.hmm /home/bgerda/guppy_SUP/busco_results_flye/run_glires_odb10/metaeuk_output/initial_results/ragtag.scaffold.fasta.modified.fas 
# Current dir:     /home/bgerda/guppy_SUP
# Date:            Sun May 21 17:17:09 2023
# [ok]
