#                                                                                             --- full sequence --- -------------- this domain -------------   hmm coord   ali coord   env coord
# target name                         accession   tlen query name           accession   qlen   E-value  score  bias   #  of  c-Evalue  i-Evalue  score  bias  from    to  from    to  from    to  acc description of target
#                 ------------------- ---------- ----- -------------------- ---------- ----- --------- ------ ----- --- --- --------- --------- ------ ----- ----- ----- ----- ----- ----- ----- ---- ---------------------
NW_025965287.1_RagTag:1529085-1528498 -            196 753at314147          -           1749   3.6e-09   30.9   0.6   1   3   6.5e-05     0.018    8.6   0.0  1239  1281    19    61     2    63 0.81 -
NW_025965287.1_RagTag:1529085-1528498 -            196 753at314147          -           1749   3.6e-09   30.9   0.6   2   3   4.8e-07   0.00014   15.7   0.0   594   666    62   134    59   139 0.88 -
NW_025965287.1_RagTag:1529085-1528498 -            196 753at314147          -           1749   3.6e-09   30.9   0.6   3   3   2.4e-07   6.7e-05   16.7   0.1   593   671   104   184    93   191 0.86 -
NW_025965321.1_RagTag:3116320-3115622 -            233 753at314147          -           1749   1.8e-05   18.6   0.6   1   3   0.00086      0.24    4.9   0.0   238   268    10    40     3    46 0.78 -
NW_025965321.1_RagTag:3116320-3115622 -            233 753at314147          -           1749   1.8e-05   18.6   0.6   2   3    0.0054       1.5    2.3   0.0  1714  1747    54    84    44    86 0.83 -
NW_025965321.1_RagTag:3116320-3115622 -            233 753at314147          -           1749   1.8e-05   18.6   0.6   3   3   7.6e-05     0.022    8.4   0.0   232   268    93   129    85   171 0.81 -
contig_13085_pilon:902-109            -            219 753at314147          -           1749   5.5e-05   17.0   0.9   1   2   6.9e-07   0.00019   15.2   0.5    51   120    57   124    50   146 0.68 -
contig_13085_pilon:902-109            -            219 753at314147          -           1749   5.5e-05   17.0   0.9   2   2     0.033       9.4   -0.3   0.0    79   115   158   190   136   203 0.54 -
NW_025965114.1_RagTag:29747-29574     -             58 753at314147          -           1749   0.00012   15.9   0.0   1   1   4.6e-07   0.00013   15.8   0.0  1481  1515    10    43     3    50 0.79 -
NW_025965155.1_RagTag:69796-68828     -            323 753at314147          -           1749    0.0006   13.6   0.1   1   2   8.4e-05     0.024    8.3   0.1   278  1554   149   219   115   262 0.56 -
NW_025965155.1_RagTag:69796-68828     -            323 753at314147          -           1749    0.0006   13.6   0.1   2   2    0.0033      0.93    3.0   0.0   274   348   236   316   225   321 0.67 -
#
# Program:         hmmsearch
# Version:         3.1b2 (February 2015)
# Pipeline mode:   SEARCH
# Query file:      /home/bgerda/guppy_SUP/busco_downloads/lineages/glires_odb10/hmms/753at314147.hmm
# Target file:     /home/bgerda/guppy_SUP/busco_results_flye/run_glires_odb10/metaeuk_output/initial_results/ragtag.scaffold.fasta.modified.fas
# Option settings: hmmsearch --domtblout /home/bgerda/guppy_SUP/busco_results_flye/run_glires_odb10/hmmer_output/initial_run_results/753at314147.out --cpu 1 /home/bgerda/guppy_SUP/busco_downloads/lineages/glires_odb10/hmms/753at314147.hmm /home/bgerda/guppy_SUP/busco_results_flye/run_glires_odb10/metaeuk_output/initial_results/ragtag.scaffold.fasta.modified.fas 
# Current dir:     /home/bgerda/guppy_SUP
# Date:            Sun May 21 17:17:09 2023
# [ok]
