#                                                                                             --- full sequence --- -------------- this domain -------------   hmm coord   ali coord   env coord
# target name                         accession   tlen query name           accession   qlen   E-value  score  bias   #  of  c-Evalue  i-Evalue  score  bias  from    to  from    to  from    to  acc description of target
#                 ------------------- ---------- ----- -------------------- ---------- ----- --------- ------ ----- --- --- --------- --------- ------ ----- ----- ----- ----- ----- ----- ----- ---- ---------------------
NW_025965548.1_RagTag:8831-1842       -            515 7948at314147         -            640   5.9e-14   47.5   0.0   1   2   1.5e-10   2.3e-08   29.0   0.0   285   359    15    99     8   106 0.78 -
NW_025965548.1_RagTag:8831-1842       -            515 7948at314147         -            640   5.9e-14   47.5   0.0   2   2   1.3e-05    0.0021   12.7   0.0   290   359   121   209   105   234 0.66 -
NW_025965324.1_RagTag:3286322-3285366 -            319 7948at314147         -            640   8.5e-09   30.5   0.0   1   2   2.3e-05    0.0036   11.8   0.0    99   324     6    40     2    83 0.54 -
NW_025965324.1_RagTag:3286322-3285366 -            319 7948at314147         -            640   8.5e-09   30.5   0.0   2   2   8.3e-07   0.00013   16.6   0.0    93   168   237   315   224   319 0.85 -
NW_025965324.1_RagTag:3261955-3254736 -            264 7948at314147         -            640   1.2e-07   26.6   0.1   1   2     0.048       7.5    0.9   0.1   376   445     4    72     1    83 0.71 -
NW_025965324.1_RagTag:3261955-3254736 -            264 7948at314147         -            640   1.2e-07   26.6   0.1   2   2   6.1e-09   9.6e-07   23.7   0.0   290   441   104   257    92   264 0.76 -
NW_025965324.1_RagTag:3257799-3257200 -            200 7948at314147         -            640   2.3e-07   25.7   0.0   1   1   1.9e-09     3e-07   25.4   0.0   299   446    15   166     5   184 0.81 -
NW_025965321.1_RagTag:3071935-3072925 -            298 7948at314147         -            640   0.00017   16.3   0.0   1   1   1.6e-06   0.00025   15.7   0.0   193   271   110   192   101   205 0.73 -
NW_025965291.1_RagTag:211544-210891   -            218 7948at314147         -            640    0.0016   13.1   0.0   1   1   1.2e-05    0.0019   12.8   0.0   132   189     9    67     6   102 0.79 -
NW_025965235.1_RagTag:1664-1849       -             62 7948at314147         -            640    0.0016   13.1   0.0   1   1     1e-05    0.0016   13.1   0.0   321   344    38    61     5    62 0.84 -
NW_025965166.1_RagTag:67000-68733     -            208 7948at314147         -            640     0.011   10.3   0.0   1   1   8.8e-05     0.014    9.9   0.0   283   400    29   150    19   196 0.75 -
contig_45224_pilon:530-246            -             95 7948at314147         -            640     0.018    9.5   0.0   1   1   0.00014     0.022    9.3   0.0   286   341    27    94     5    95 0.67 -
#
# Program:         hmmsearch
# Version:         3.1b2 (February 2015)
# Pipeline mode:   SEARCH
# Query file:      /home/bgerda/guppy_SUP/busco_downloads/lineages/glires_odb10/hmms/7948at314147.hmm
# Target file:     /home/bgerda/guppy_SUP/busco_results_flye/run_glires_odb10/metaeuk_output/initial_results/ragtag.scaffold.fasta.modified.fas
# Option settings: hmmsearch --domtblout /home/bgerda/guppy_SUP/busco_results_flye/run_glires_odb10/hmmer_output/initial_run_results/7948at314147.out --cpu 1 /home/bgerda/guppy_SUP/busco_downloads/lineages/glires_odb10/hmms/7948at314147.hmm /home/bgerda/guppy_SUP/busco_results_flye/run_glires_odb10/metaeuk_output/initial_results/ragtag.scaffold.fasta.modified.fas 
# Current dir:     /home/bgerda/guppy_SUP
# Date:            Sun May 21 17:17:14 2023
# [ok]
