#                                                                                             --- full sequence --- -------------- this domain -------------   hmm coord   ali coord   env coord
# target name                         accession   tlen query name           accession   qlen   E-value  score  bias   #  of  c-Evalue  i-Evalue  score  bias  from    to  from    to  from    to  acc description of target
#                 ------------------- ---------- ----- -------------------- ---------- ----- --------- ------ ----- --- --- --------- --------- ------ ----- ----- ----- ----- ----- ----- ----- ---- ---------------------
NW_025965188.1_RagTag:479764-480330   -            189 8127at314147         -            600   1.1e-11   40.2   0.2   1   2   2.1e-07   4.3e-05   18.4   0.0   498   558    43   104    32   110 0.89 -
NW_025965188.1_RagTag:479764-480330   -            189 8127at314147         -            600   1.1e-11   40.2   0.2   2   2   6.9e-08   1.4e-05   20.1   0.1   496   561   121   186   108   189 0.92 -
NW_025965163.1_RagTag:39462-30569     -            761 8127at314147         -            600   9.5e-10   33.8   0.2   1   1   7.4e-12   1.5e-09   33.2   0.2   450   567   419   536   402   550 0.87 -
NW_025965344.1_RagTag:44205-38804     -            204 8127at314147         -            600   3.4e-07   25.4   0.0   1   2   6.6e-07   0.00013   16.8   0.0   484   567    36   120    19   134 0.86 -
NW_025965344.1_RagTag:44205-38804     -            204 8127at314147         -            600   3.4e-07   25.4   0.0   2   2   0.00043     0.087    7.5   0.0   482   526   134   178   120   191 0.53 -
NW_025965306.1_RagTag:1072482-1073591 -            370 8127at314147         -            600   1.8e-06   23.0   0.0   1   1   1.4e-08   2.9e-06   22.3   0.0   508   571    15    78     2   111 0.89 -
NW_025965288.1_RagTag:116076-117766   -            294 8127at314147         -            600   0.00019   16.3   0.1   1   1   1.2e-06   0.00024   16.0   0.1   468   553    76   160    49   181 0.81 -
NW_025965288.1_RagTag:106194-105970   -             75 8127at314147         -            600   0.00063   14.6   0.0   1   1   3.6e-06   0.00073   14.4   0.0   499   567     4    75     2    75 0.87 -
NW_025965287.1_RagTag:1600616-1605266 -            433 8127at314147         -            600    0.0081   10.9   0.4   1   1   5.9e-05     0.012   10.4   0.4   488   540   367   418   334   430 0.79 -
#
# Program:         hmmsearch
# Version:         3.1b2 (February 2015)
# Pipeline mode:   SEARCH
# Query file:      /home/bgerda/guppy_SUP/busco_downloads/lineages/glires_odb10/hmms/8127at314147.hmm
# Target file:     /home/bgerda/guppy_SUP/busco_results_flye/run_glires_odb10/metaeuk_output/initial_results/ragtag.scaffold.fasta.modified.fas
# Option settings: hmmsearch --domtblout /home/bgerda/guppy_SUP/busco_results_flye/run_glires_odb10/hmmer_output/initial_run_results/8127at314147.out --cpu 1 /home/bgerda/guppy_SUP/busco_downloads/lineages/glires_odb10/hmms/8127at314147.hmm /home/bgerda/guppy_SUP/busco_results_flye/run_glires_odb10/metaeuk_output/initial_results/ragtag.scaffold.fasta.modified.fas 
# Current dir:     /home/bgerda/guppy_SUP
# Date:            Sun May 21 17:17:10 2023
# [ok]
