#                                                                                             --- full sequence --- -------------- this domain -------------   hmm coord   ali coord   env coord
# target name                         accession   tlen query name           accession   qlen   E-value  score  bias   #  of  c-Evalue  i-Evalue  score  bias  from    to  from    to  from    to  acc description of target
#                 ------------------- ---------- ----- -------------------- ---------- ----- --------- ------ ----- --- --- --------- --------- ------ ----- ----- ----- ----- ----- ----- ----- ---- ---------------------
NW_025965595.1_RagTag:2447-3646       -            400 877at314147          -           1573   1.5e-56  187.9   0.5   1   1   8.9e-59   1.8e-56  187.6   0.5  1058  1297   119   375    45   385 0.78 -
NW_025965595.1_RagTag:876-2219        -            448 877at314147          -           1573   1.1e-36  122.1   0.3   1   1   7.1e-39   1.4e-36  121.6   0.3  1352  1520   265   444   205   447 0.82 -
NW_025965324.1_RagTag:3261955-3254736 -            264 877at314147          -           1573   1.7e-13   45.1   1.1   1   2   1.2e-06   0.00024   14.8   0.5   309   383     2    79     1    83 0.90 -
NW_025965324.1_RagTag:3261955-3254736 -            264 877at314147          -           1573   1.7e-13   45.1   1.1   2   2     6e-11   1.2e-08   29.1   0.0   226   377   103   262    98   264 0.87 -
NW_025965324.1_RagTag:3257799-3257200 -            200 877at314147          -           1573   1.4e-08   28.9   0.3   1   1   8.3e-11   1.7e-08   28.6   0.3   236   388    15   179     5   190 0.83 -
NW_025965548.1_RagTag:8831-1842       -            515 877at314147          -           1573   3.9e-07   24.1   0.0   1   1   2.7e-09   5.4e-07   23.6   0.0    31   251    23   145     7   210 0.47 -
NW_025965324.1_RagTag:3286322-3285366 -            319 877at314147          -           1573   0.00089   12.9   0.0   1   2   0.00024     0.049    7.2   0.0    27    60     5    39     2    86 0.80 -
NW_025965324.1_RagTag:3286322-3285366 -            319 877at314147          -           1573   0.00089   12.9   0.0   2   2    0.0024      0.48    3.9   0.0    12   103   227   317   221   319 0.74 -
NW_025965321.1_RagTag:3071935-3072925 -            298 877at314147          -           1573    0.0061   10.2   0.0   1   1   3.8e-05    0.0077    9.8   0.0   135   192   119   178   105   203 0.89 -
#
# Program:         hmmsearch
# Version:         3.1b2 (February 2015)
# Pipeline mode:   SEARCH
# Query file:      /home/bgerda/guppy_SUP/busco_downloads/lineages/glires_odb10/hmms/877at314147.hmm
# Target file:     /home/bgerda/guppy_SUP/busco_results_flye/run_glires_odb10/metaeuk_output/initial_results/ragtag.scaffold.fasta.modified.fas
# Option settings: hmmsearch --domtblout /home/bgerda/guppy_SUP/busco_results_flye/run_glires_odb10/hmmer_output/initial_run_results/877at314147.out --cpu 1 /home/bgerda/guppy_SUP/busco_downloads/lineages/glires_odb10/hmms/877at314147.hmm /home/bgerda/guppy_SUP/busco_results_flye/run_glires_odb10/metaeuk_output/initial_results/ragtag.scaffold.fasta.modified.fas 
# Current dir:     /home/bgerda/guppy_SUP
# Date:            Sun May 21 17:17:10 2023
# [ok]
