#                                                                                             --- full sequence --- -------------- this domain -------------   hmm coord   ali coord   env coord
# target name                         accession   tlen query name           accession   qlen   E-value  score  bias   #  of  c-Evalue  i-Evalue  score  bias  from    to  from    to  from    to  acc description of target
#                 ------------------- ---------- ----- -------------------- ---------- ----- --------- ------ ----- --- --- --------- --------- ------ ----- ----- ----- ----- ----- ----- ----- ---- ---------------------
NW_025965040.1_RagTag:266331-266095   -             79 9551at314147         -            569   2.5e-08   29.4   0.5   1   1   1.7e-10   2.7e-08   29.4   0.5   517   561    29    72    14    77 0.91 -
NW_025965040.1_RagTag:265376-265137   -             80 9551at314147         -            569   1.5e-07   26.9   0.7   1   1   1.1e-09   1.7e-07   26.7   0.7   516   560    37    80    27    80 0.92 -
NW_025965075.1_RagTag:21988-27231     -            378 9551at314147         -            569   1.5e-07   26.8   0.6   1   1   1.3e-09   2.1e-07   26.4   0.6   517   563   324   369   293   372 0.90 -
NW_025965308.1_RagTag:1031163-1030706 -            150 9551at314147         -            569   7.8e-07   24.5   0.6   1   1   6.1e-09   9.7e-07   24.2   0.6   514   562    91   138    79   142 0.87 -
NW_025965314.1_RagTag:669272-667462   -            600 9551at314147         -            569     9e-07   24.3   0.6   1   1   8.2e-09   1.3e-06   23.8   0.6   517   561   545   588   536   594 0.91 -
NW_025965309.1_RagTag:3486659-3486297 -            121 9551at314147         -            569   0.00029   16.0   0.5   1   1     2e-06   0.00031   15.9   0.5   516   566    61   114    39   118 0.77 -
contig_4568_pilon:1345-1638           -             98 9551at314147         -            569     0.028    9.5   1.7   1   1   0.00021     0.033    9.3   1.7   532   566    13    49     1    52 0.71 -
NW_025965225.1_RagTag:634263-633982   -             94 9551at314147         -            569     0.094    7.8   4.4   1   1   0.00069      0.11    7.5   4.4   534   564    18    48     3    52 0.89 -
NW_025965319.1_RagTag:4368574-4368218 -            119 9551at314147         -            569      0.13    7.3   4.5   1   1    0.0011      0.17    6.9   4.5   518   560     4    44     2    49 0.87 -
#
# Program:         hmmsearch
# Version:         3.1b2 (February 2015)
# Pipeline mode:   SEARCH
# Query file:      /home/bgerda/guppy_SUP/busco_downloads/lineages/glires_odb10/hmms/9551at314147.hmm
# Target file:     /home/bgerda/guppy_SUP/busco_results_flye/run_glires_odb10/metaeuk_output/initial_results/ragtag.scaffold.fasta.modified.fas
# Option settings: hmmsearch --domtblout /home/bgerda/guppy_SUP/busco_results_flye/run_glires_odb10/hmmer_output/initial_run_results/9551at314147.out --cpu 1 /home/bgerda/guppy_SUP/busco_downloads/lineages/glires_odb10/hmms/9551at314147.hmm /home/bgerda/guppy_SUP/busco_results_flye/run_glires_odb10/metaeuk_output/initial_results/ragtag.scaffold.fasta.modified.fas 
# Current dir:     /home/bgerda/guppy_SUP
# Date:            Sun May 21 17:17:15 2023
# [ok]
