#                                                                                             --- full sequence --- -------------- this domain -------------   hmm coord   ali coord   env coord
# target name                         accession   tlen query name           accession   qlen   E-value  score  bias   #  of  c-Evalue  i-Evalue  score  bias  from    to  from    to  from    to  acc description of target
#                 ------------------- ---------- ----- -------------------- ---------- ----- --------- ------ ----- --- --- --------- --------- ------ ----- ----- ----- ----- ----- ----- ----- ---- ---------------------
NW_025965322.1_RagTag:1301532-1302740 -            403 9761at314147         -            647   2.9e-08   28.8  11.1   1   2   7.9e-09   1.6e-06   23.0   1.1     2    37     5    40     4    58 0.82 -
NW_025965322.1_RagTag:1301532-1302740 -            403 9761at314147         -            647   2.9e-08   28.8  11.1   2   2     4e-05    0.0081   10.8   2.7   172   341    92   262    83   273 0.60 -
NW_025965148.1_RagTag:14588-13923     -            222 9761at314147         -            647   5.1e-06   21.3   0.0   1   1   3.3e-08   6.7e-06   21.0   0.0   468   596    44   181    33   195 0.69 -
NW_025965209.1_RagTag:170211-170495   -             95 9761at314147         -            647   0.00021   16.0   0.6   1   1   1.2e-06   0.00024   15.8   0.6     5    32    27    54    24    69 0.90 -
contig_50121_pilon:804-1229           -            142 9761at314147         -            647   0.00042   15.0   0.8   1   2   2.1e-06   0.00042   15.0   0.8     7    35     1    29     1    72 0.89 -
contig_50121_pilon:804-1229           -            142 9761at314147         -            647   0.00042   15.0   0.8   2   2     0.031       6.2    1.2   0.9   177   212    79   114    75   129 0.76 -
NW_025965363.1_RagTag:46182-41526     -            244 9761at314147         -            647   0.00074   14.2   0.0   1   1   4.8e-06   0.00097   13.8   0.0   474   540    58   133    51   158 0.70 -
NW_025965289.1_RagTag:145931-147389   -            232 9761at314147         -            647     0.016    9.8   0.0   1   1   8.8e-05     0.018    9.6   0.0   474   537    46   119    38   182 0.80 -
NW_025965319.1_RagTag:4368574-4368218 -            119 9761at314147         -            647     0.018    9.6   7.1   1   2   8.5e-06    0.0017   13.0   1.6     4    38     1    36     1    58 0.85 -
NW_025965319.1_RagTag:4368574-4368218 -            119 9761at314147         -            647     0.018    9.6   7.1   2   2      0.08        16   -0.1   0.3   185   211    91   118    77   119 0.72 -
#
# Program:         hmmsearch
# Version:         3.1b2 (February 2015)
# Pipeline mode:   SEARCH
# Query file:      /home/bgerda/guppy_SUP/busco_downloads/lineages/glires_odb10/hmms/9761at314147.hmm
# Target file:     /home/bgerda/guppy_SUP/busco_results_flye/run_glires_odb10/metaeuk_output/initial_results/ragtag.scaffold.fasta.modified.fas
# Option settings: hmmsearch --domtblout /home/bgerda/guppy_SUP/busco_results_flye/run_glires_odb10/hmmer_output/initial_run_results/9761at314147.out --cpu 1 /home/bgerda/guppy_SUP/busco_downloads/lineages/glires_odb10/hmms/9761at314147.hmm /home/bgerda/guppy_SUP/busco_results_flye/run_glires_odb10/metaeuk_output/initial_results/ragtag.scaffold.fasta.modified.fas 
# Current dir:     /home/bgerda/guppy_SUP
# Date:            Sun May 21 17:17:10 2023
# [ok]
