#                                                                                             --- full sequence --- -------------- this domain -------------   hmm coord   ali coord   env coord
# target name                         accession   tlen query name           accession   qlen   E-value  score  bias   #  of  c-Evalue  i-Evalue  score  bias  from    to  from    to  from    to  acc description of target
#                 ------------------- ---------- ----- -------------------- ---------- ----- --------- ------ ----- --- --- --------- --------- ------ ----- ----- ----- ----- ----- ----- ----- ---- ---------------------
NW_025965214.1_RagTag:208847-178518   -            510 1013at314147         -           1890   1.8e-08   28.3   1.8   1   2   4.4e-08     1e-05   19.2   0.2   699   798   250   350   240   370 0.75 -
NW_025965214.1_RagTag:208847-178518   -            510 1013at314147         -           1890   1.8e-08   28.3   1.8   2   2   6.6e-05     0.016    8.6   0.1  1786  1843   437   498   402   509 0.73 -
NW_025965324.1_RagTag:2498782-2498390 -            131 1013at314147         -           1890   3.6e-08   27.3  23.1   1   3     2e-09   4.6e-07   23.6   4.3   874   921    10    58     5    60 0.92 -
NW_025965324.1_RagTag:2498782-2498390 -            131 1013at314147         -           1890   3.6e-08   27.3  23.1   2   3   1.3e-05     0.003   11.0   7.1  1490  1522    60    92    53   101 0.69 -
NW_025965324.1_RagTag:2498782-2498390 -            131 1013at314147         -           1890   3.6e-08   27.3  23.1   3   3    0.0095       2.2    1.5   0.9  1723  1744   109   130    99   131 0.63 -
NW_025965259.1_RagTag:104497-103485   -            229 1013at314147         -           1890     1e-05   19.2  17.4   1   2   9.8e-07   0.00023   14.7   6.2  1288  1327    77   116    71   124 0.86 -
NW_025965259.1_RagTag:104497-103485   -            229 1013at314147         -           1890     1e-05   19.2  17.4   2   2   1.1e-05    0.0026   11.2   3.0  1289  1326   124   164   115   174 0.59 -
NW_025965302.1_RagTag:531120-531287   -             56 1013at314147         -           1890   0.00018   15.1   9.1   1   1   7.6e-07   0.00018   15.1   9.1  1480  1522    13    54     4    56 0.80 -
contig_39470_pilon:3676-4176          -            167 1013at314147         -           1890     0.001   12.5   9.9   1   2   6.1e-05     0.014    8.7   7.4  1285  1336    11    62     6    65 0.82 -
contig_39470_pilon:3676-4176          -            167 1013at314147         -           1890     0.001   12.5   9.9   2   2   0.00061      0.14    5.4   0.1  1090  1122    61    94    54   100 0.77 -
NW_025965091.1_RagTag:224739-224912   -             58 1013at314147         -           1890    0.0074    9.7   0.0   1   1   3.2e-05    0.0076    9.7   0.0  1810  1857     1    54     1    58 0.75 -
#
# Program:         hmmsearch
# Version:         3.1b2 (February 2015)
# Pipeline mode:   SEARCH
# Query file:      /home/bgerda/guppy_SUP/busco_downloads/lineages/glires_odb10/hmms/1013at314147.hmm
# Target file:     /home/bgerda/guppy_SUP/busco_results_racon/run_glires_odb10/metaeuk_output/initial_results/ragtag.scaffold.fasta.modified.fas
# Option settings: hmmsearch --domtblout /home/bgerda/guppy_SUP/busco_results_racon/run_glires_odb10/hmmer_output/initial_run_results/1013at314147.out --cpu 1 /home/bgerda/guppy_SUP/busco_downloads/lineages/glires_odb10/hmms/1013at314147.hmm /home/bgerda/guppy_SUP/busco_results_racon/run_glires_odb10/metaeuk_output/initial_results/ragtag.scaffold.fasta.modified.fas 
# Current dir:     /home/bgerda/guppy_SUP
# Date:            Sun May 21 17:05:44 2023
# [ok]
