#                                                                                             --- full sequence --- -------------- this domain -------------   hmm coord   ali coord   env coord
# target name                         accession   tlen query name           accession   qlen   E-value  score  bias   #  of  c-Evalue  i-Evalue  score  bias  from    to  from    to  from    to  acc description of target
#                 ------------------- ---------- ----- -------------------- ---------- ----- --------- ------ ----- --- --- --------- --------- ------ ----- ----- ----- ----- ----- ----- ----- ---- ---------------------
NW_025965225.1_RagTag:584155-583874   -             94 10935at314147        -            614   4.4e-07   24.9   6.2   1   1   3.2e-09   5.1e-07   24.7   6.2    14    65     2    57     1    65 0.84 -
NW_025965309.1_RagTag:3290555-3290193 -            121 10935at314147        -            614   1.7e-05   19.7   1.2   1   1   1.4e-07   2.1e-05   19.4   1.2    27    59    80   112    52   117 0.69 -
contig_4568_pilon:1301-1600           -            100 10935at314147        -            614   8.2e-05   17.4   2.1   1   1   5.2e-07   8.2e-05   17.4   2.1    15    62     2    52     1    95 0.84 -
contig_5411_pilon:437-201             -             79 10935at314147        -            614   8.8e-05   17.3   0.5   1   1   5.8e-07   9.1e-05   17.3   0.5    23    58    42    74    21    79 0.67 -
NW_025965314.1_RagTag:614962-614699   -             88 10935at314147        -            614   8.8e-05   17.3   0.6   1   1   5.8e-07   9.2e-05   17.3   0.6    12    58    40    83    30    88 0.67 -
contig_83093_pilon:417-680            -             88 10935at314147        -            614   0.00016   16.5   0.6   1   1     1e-06   0.00016   16.4   0.6    12    58    40    83    29    88 0.69 -
NW_025965075.1_RagTag:18127-23307     -            380 10935at314147        -            614   0.00052   14.8   0.8   1   1   5.1e-06   0.00079   14.2   0.8    21    58   337   371   314   378 0.74 -
NW_025965075.1_RagTag:65339-58346     -            349 10935at314147        -            614    0.0026   12.5   0.8   1   1   2.5e-05    0.0039   11.9   0.8    15    55    49    89    39   100 0.91 -
NW_025965314.1_RagTag:573152-572469   -            228 10935at314147        -            614    0.0083   10.8   2.5   1   1   7.4e-05     0.012   10.3   2.5    11    63    15    68     5    81 0.83 -
#
# Program:         hmmsearch
# Version:         3.1b2 (February 2015)
# Pipeline mode:   SEARCH
# Query file:      /home/bgerda/guppy_SUP/busco_downloads/lineages/glires_odb10/hmms/10935at314147.hmm
# Target file:     /home/bgerda/guppy_SUP/busco_results_racon/run_glires_odb10/metaeuk_output/initial_results/ragtag.scaffold.fasta.modified.fas
# Option settings: hmmsearch --domtblout /home/bgerda/guppy_SUP/busco_results_racon/run_glires_odb10/hmmer_output/initial_run_results/10935at314147.out --cpu 1 /home/bgerda/guppy_SUP/busco_downloads/lineages/glires_odb10/hmms/10935at314147.hmm /home/bgerda/guppy_SUP/busco_results_racon/run_glires_odb10/metaeuk_output/initial_results/ragtag.scaffold.fasta.modified.fas 
# Current dir:     /home/bgerda/guppy_SUP
# Date:            Sun May 21 17:05:45 2023
# [ok]
