#                                                                                             --- full sequence --- -------------- this domain -------------   hmm coord   ali coord   env coord
# target name                         accession   tlen query name           accession   qlen   E-value  score  bias   #  of  c-Evalue  i-Evalue  score  bias  from    to  from    to  from    to  acc description of target
#                 ------------------- ---------- ----- -------------------- ---------- ----- --------- ------ ----- --- --- --------- --------- ------ ----- ----- ----- ----- ----- ----- ----- ---- ---------------------
NW_025965008.1_RagTag:43569-43099     -            157 11038at314147        -            629   1.1e-10   37.2   5.5   1   2   0.00016     0.045    8.7   1.7   368   425     3    62     1    76 0.74 -
NW_025965008.1_RagTag:43569-43099     -            157 11038at314147        -            629   1.1e-10   37.2   5.5   2   2   4.9e-11   1.4e-08   30.3   0.2   363   432    80   151    73   156 0.79 -
NW_025965227.1_RagTag:1166932-1167426 -            165 11038at314147        -            629   5.2e-10   34.9   7.8   1   3   0.00026     0.073    8.0   4.3   108   176     7    77     2    86 0.55 -
NW_025965227.1_RagTag:1166932-1167426 -            165 11038at314147        -            629   5.2e-10   34.9   7.8   2   3     2e-06   0.00058   15.0   2.4   473   525    50   101    44   101 0.91 -
NW_025965227.1_RagTag:1166932-1167426 -            165 11038at314147        -            629   5.2e-10   34.9   7.8   3   3   2.8e-10     8e-08   27.7   0.1   372   432    95   155    83   161 0.87 -
NW_025965291.1_RagTag:412845-412510   -            112 11038at314147        -            629   2.1e-09   33.0   1.4   1   2     0.018         5    2.0   1.1   477   514     1    38     1    40 0.82 -
NW_025965291.1_RagTag:412845-412510   -            112 11038at314147        -            629   2.1e-09   33.0   1.4   2   2   7.4e-12   2.1e-09   33.0   1.4   364   432    34   102    25   111 0.81 -
contig_2414_pilon:39-507              -            153 11038at314147        -            629   7.4e-09   31.2   7.4   1   2    0.0089       2.5    3.0   4.6   220   261    32    73    11    82 0.54 -
contig_2414_pilon:39-507              -            153 11038at314147        -            629   7.4e-09   31.2   7.4   2   2   1.1e-10     3e-08   29.1   0.1   372   432    83   143    73   153 0.86 -
contig_67574_pilon:1299-1111          -             63 11038at314147        -            629   4.3e-05   18.7   0.0   1   1   1.7e-07   4.7e-05   18.6   0.0   379   432     1    54     1    60 0.90 -
#
# Program:         hmmsearch
# Version:         3.1b2 (February 2015)
# Pipeline mode:   SEARCH
# Query file:      /home/bgerda/guppy_SUP/busco_downloads/lineages/glires_odb10/hmms/11038at314147.hmm
# Target file:     /home/bgerda/guppy_SUP/busco_results_racon/run_glires_odb10/metaeuk_output/initial_results/ragtag.scaffold.fasta.modified.fas
# Option settings: hmmsearch --domtblout /home/bgerda/guppy_SUP/busco_results_racon/run_glires_odb10/hmmer_output/initial_run_results/11038at314147.out --cpu 1 /home/bgerda/guppy_SUP/busco_downloads/lineages/glires_odb10/hmms/11038at314147.hmm /home/bgerda/guppy_SUP/busco_results_racon/run_glires_odb10/metaeuk_output/initial_results/ragtag.scaffold.fasta.modified.fas 
# Current dir:     /home/bgerda/guppy_SUP
# Date:            Sun May 21 17:05:42 2023
# [ok]
