#                                                                                             --- full sequence --- -------------- this domain -------------   hmm coord   ali coord   env coord
# target name                         accession   tlen query name           accession   qlen   E-value  score  bias   #  of  c-Evalue  i-Evalue  score  bias  from    to  from    to  from    to  acc description of target
#                 ------------------- ---------- ----- -------------------- ---------- ----- --------- ------ ----- --- --- --------- --------- ------ ----- ----- ----- ----- ----- ----- ----- ---- ---------------------
NW_025965300.1_RagTag:1697828-1700011 -            728 11070at314147        -            645   2.8e-10   35.6   0.8   1   3   7.1e-05     0.014   10.1   0.0   182   223   344   385   334   393 0.90 -
NW_025965300.1_RagTag:1697828-1700011 -            728 11070at314147        -            645   2.8e-10   35.6   0.8   2   3    0.0001     0.021    9.6   0.1   175   227   424   480   416   511 0.81 -
NW_025965300.1_RagTag:1697828-1700011 -            728 11070at314147        -            645   2.8e-10   35.6   0.8   3   3   1.2e-05    0.0025   12.6   0.0   179   221   530   572   516   580 0.86 -
NW_025965284.1_RagTag:343396-345492   -            220 11070at314147        -            645   2.2e-06   22.7   0.6   1   1   1.4e-08   2.8e-06   22.4   0.6   173   224   150   201   125   217 0.82 -
NW_025965028.1_RagTag:463927-462287   -            268 11070at314147        -            645   5.4e-06   21.4   0.0   1   1   3.6e-08   7.3e-06   21.0   0.0   182   223    45    89    36   116 0.80 -
NW_025965324.1_RagTag:2927304-2928146 -            184 11070at314147        -            645   0.00027   15.8   0.1   1   1   1.6e-06   0.00033   15.5   0.1   175   229    92   147    82   167 0.84 -
NW_025965218.1_RagTag:1316640-1313338 -            193 11070at314147        -            645   0.00037   15.4   0.1   1   1   2.3e-06   0.00047   15.0   0.1   180   227    71   118    53   134 0.88 -
NW_025965177.1_RagTag:229533-229225   -            103 11070at314147        -            645   0.00059   14.7   0.3   1   1   3.3e-06   0.00068   14.5   0.3   183   221    64   102    46   103 0.88 -
NW_025965275.1_RagTag:420401-420210   -             64 11070at314147        -            645     0.005   11.6   0.8   1   1   2.5e-05    0.0051   11.6   0.8   183   226    19    62     6    64 0.84 -
#
# Program:         hmmsearch
# Version:         3.1b2 (February 2015)
# Pipeline mode:   SEARCH
# Query file:      /home/bgerda/guppy_SUP/busco_downloads/lineages/glires_odb10/hmms/11070at314147.hmm
# Target file:     /home/bgerda/guppy_SUP/busco_results_racon/run_glires_odb10/metaeuk_output/initial_results/ragtag.scaffold.fasta.modified.fas
# Option settings: hmmsearch --domtblout /home/bgerda/guppy_SUP/busco_results_racon/run_glires_odb10/hmmer_output/initial_run_results/11070at314147.out --cpu 1 /home/bgerda/guppy_SUP/busco_downloads/lineages/glires_odb10/hmms/11070at314147.hmm /home/bgerda/guppy_SUP/busco_results_racon/run_glires_odb10/metaeuk_output/initial_results/ragtag.scaffold.fasta.modified.fas 
# Current dir:     /home/bgerda/guppy_SUP
# Date:            Sun May 21 17:05:43 2023
# [ok]
