#                                                                                             --- full sequence --- -------------- this domain -------------   hmm coord   ali coord   env coord
# target name                         accession   tlen query name           accession   qlen   E-value  score  bias   #  of  c-Evalue  i-Evalue  score  bias  from    to  from    to  from    to  acc description of target
#                 ------------------- ---------- ----- -------------------- ---------- ----- --------- ------ ----- --- --- --------- --------- ------ ----- ----- ----- ----- ----- ----- ----- ---- ---------------------
NW_025965276.1_RagTag:371243-371716   -            158 11219at314147        -            529   4.2e-33  111.3   1.4   1   1   2.5e-35     5e-33  111.1   1.4   280   422     8   157     4   158 0.92 -
NW_025965188.1_RagTag:427872-428438   -            189 11219at314147        -            529   5.4e-10   35.1   0.2   1   3   9.5e-07   0.00019   16.7   0.0    91   154    44   107    37   122 0.79 -
NW_025965188.1_RagTag:427872-428438   -            189 11219at314147        -            529   5.4e-10   35.1   0.2   2   3   1.6e-05    0.0031   12.7   0.0   249   279   123   153   107   157 0.83 -
NW_025965188.1_RagTag:427872-428438   -            189 11219at314147        -            529   5.4e-10   35.1   0.2   3   3   3.2e-06   0.00065   15.0   0.0   220   273   126   180   121   185 0.65 -
NW_025965163.1_RagTag:38535-29734     -            753 11219at314147        -            529   2.4e-09   32.9   0.1   1   1   1.8e-11   3.6e-09   32.3   0.1   111   235   420   552   410   561 0.84 -
NW_025965344.1_RagTag:40655-35255     -            204 11219at314147        -            529   1.1e-07   27.5   0.0   1   1   2.3e-06   0.00046   15.5   0.0   205   284   105   184   103   200 0.80 -
NW_025965288.1_RagTag:109483-111161   -            290 11219at314147        -            529     5e-06   22.0   0.0   1   1   4.8e-08   9.6e-06   21.0   0.0    59   117   107   164    92   193 0.84 -
NW_025965306.1_RagTag:1019039-1020148 -            370 11219at314147        -            529     0.001   14.3   0.0   1   1   6.8e-06    0.0014   13.9   0.0   196   263    17    85     3   122 0.78 -
NW_025965287.1_RagTag:1503606-1508138 -            432 11219at314147        -            529     0.013   10.7   0.1   1   1   0.00011     0.021   10.0   0.1   217   281   345   408   301   423 0.80 -
#
# Program:         hmmsearch
# Version:         3.1b2 (February 2015)
# Pipeline mode:   SEARCH
# Query file:      /home/bgerda/guppy_SUP/busco_downloads/lineages/glires_odb10/hmms/11219at314147.hmm
# Target file:     /home/bgerda/guppy_SUP/busco_results_racon/run_glires_odb10/metaeuk_output/initial_results/ragtag.scaffold.fasta.modified.fas
# Option settings: hmmsearch --domtblout /home/bgerda/guppy_SUP/busco_results_racon/run_glires_odb10/hmmer_output/initial_run_results/11219at314147.out --cpu 1 /home/bgerda/guppy_SUP/busco_downloads/lineages/glires_odb10/hmms/11219at314147.hmm /home/bgerda/guppy_SUP/busco_results_racon/run_glires_odb10/metaeuk_output/initial_results/ragtag.scaffold.fasta.modified.fas 
# Current dir:     /home/bgerda/guppy_SUP
# Date:            Sun May 21 17:05:43 2023
# [ok]
