#                                                                                             --- full sequence --- -------------- this domain -------------   hmm coord   ali coord   env coord
# target name                         accession   tlen query name           accession   qlen   E-value  score  bias   #  of  c-Evalue  i-Evalue  score  bias  from    to  from    to  from    to  acc description of target
#                 ------------------- ---------- ----- -------------------- ---------- ----- --------- ------ ----- --- --- --------- --------- ------ ----- ----- ----- ----- ----- ----- ----- ---- ---------------------
NW_025965223.1_RagTag:154601-152436   -            722 11405at314147        -            720  7.2e-124  411.1  18.3   1   3   2.8e-23   6.5e-21   70.7   3.5    20   166    56   208    32   220 0.67 -
NW_025965223.1_RagTag:154601-152436   -            722 11405at314147        -            720  7.2e-124  411.1  18.3   2   3       0.4        95   -2.6   0.2    28    69   231   273   213   289 0.62 -
NW_025965223.1_RagTag:154601-152436   -            722 11405at314147        -            720  7.2e-124  411.1  18.3   3   3  3.1e-109  7.3e-107  354.8   6.9   189   528   292   642   286   646 0.79 -
NW_025965314.1_RagTag:1368682-1369539 -            286 11405at314147        -            720     4e-13   45.0   0.1   1   2   1.2e-08   2.8e-06   22.3   0.0   166   293    40   168    19   174 0.85 -
NW_025965314.1_RagTag:1368682-1369539 -            286 11405at314147        -            720     4e-13   45.0   0.1   2   2   3.6e-08   8.4e-06   20.7   0.1   205   293   175   262   167   271 0.87 -
NW_025965310.1_RagTag:3809179-3808151 -            343 11405at314147        -            720   9.3e-10   33.8   0.0   1   2     4e-06   0.00094   14.0   0.0   220   287     6    74     2    82 0.76 -
NW_025965310.1_RagTag:3809179-3808151 -            343 11405at314147        -            720   9.3e-10   33.8   0.0   2   2   2.7e-07   6.4e-05   17.8   0.1   218   288    95   166    80   178 0.83 -
NW_025965172.1_RagTag:1410564-1410014 -            156 11405at314147        -            720   1.3e-05   20.2   0.0   1   1   6.7e-08   1.6e-05   19.8   0.0   221   302     7    90     3   105 0.79 -
NW_025965364.1_RagTag:5386-4973       -            138 11405at314147        -            720   9.7e-05   17.2   0.0   1   1   1.1e-06   0.00027   15.8   0.0   219   332     5   128     2   132 0.66 -
NW_025965053.1_RagTag:15221-14436     -            262 11405at314147        -            720    0.0012   13.7   0.0   1   1   7.5e-06    0.0018   13.1   0.0   179   370    58   260    10   262 0.70 -
#
# Program:         hmmsearch
# Version:         3.1b2 (February 2015)
# Pipeline mode:   SEARCH
# Query file:      /home/bgerda/guppy_SUP/busco_downloads/lineages/glires_odb10/hmms/11405at314147.hmm
# Target file:     /home/bgerda/guppy_SUP/busco_results_racon/run_glires_odb10/metaeuk_output/initial_results/ragtag.scaffold.fasta.modified.fas
# Option settings: hmmsearch --domtblout /home/bgerda/guppy_SUP/busco_results_racon/run_glires_odb10/hmmer_output/initial_run_results/11405at314147.out --cpu 1 /home/bgerda/guppy_SUP/busco_downloads/lineages/glires_odb10/hmms/11405at314147.hmm /home/bgerda/guppy_SUP/busco_results_racon/run_glires_odb10/metaeuk_output/initial_results/ragtag.scaffold.fasta.modified.fas 
# Current dir:     /home/bgerda/guppy_SUP
# Date:            Sun May 21 17:05:43 2023
# [ok]
