#                                                                                             --- full sequence --- -------------- this domain -------------   hmm coord   ali coord   env coord
# target name                         accession   tlen query name           accession   qlen   E-value  score  bias   #  of  c-Evalue  i-Evalue  score  bias  from    to  from    to  from    to  acc description of target
#                 ------------------- ---------- ----- -------------------- ---------- ----- --------- ------ ----- --- --- --------- --------- ------ ----- ----- ----- ----- ----- ----- ----- ---- ---------------------
NW_025965308.1_RagTag:924163-923777   -            129 118at314147          -           4425   1.4e-06   21.0   0.5   1   1   1.1e-08   1.4e-06   21.0   0.5  3288  3332    70   116    16   125 0.83 -
contig_4568_pilon:1301-1600           -            100 118at314147          -           4425   5.9e-06   19.0   5.1   1   1   5.3e-08   6.9e-06   18.8   5.1  3291  3357     3    72     2    82 0.84 -
contig_5411_pilon:437-201             -             79 118at314147          -           4425   1.5e-05   17.6   0.5   1   1   1.2e-07   1.6e-05   17.6   0.5  3288  3333    26    73     9    77 0.78 -
contig_83093_pilon:417-680            -             88 118at314147          -           4425   2.6e-05   16.8   0.3   1   1     2e-07   2.6e-05   16.8   0.3  3288  3333    35    82     7    86 0.82 -
NW_025965314.1_RagTag:614962-614699   -             88 118at314147          -           4425   2.8e-05   16.8   0.6   1   1   2.3e-07   2.9e-05   16.7   0.6  3288  3333    35    82    19    86 0.81 -
NW_025965309.1_RagTag:3290555-3290193 -            121 118at314147          -           4425   0.00012   14.7   1.1   1   1   9.7e-07   0.00012   14.6   1.1  3272  3336    42   113    19   119 0.68 -
NW_025965225.1_RagTag:584155-583874   -             94 118at314147          -           4425   0.00013   14.5   8.5   1   1   1.1e-06   0.00014   14.4   8.5  3291  3332     4    45     1    59 0.90 -
NW_025965319.1_RagTag:4123940-4123488 -            151 118at314147          -           4425   0.00038   13.0   3.6   1   1   3.6e-06   0.00046   12.7   3.6  3292  3332    45    86    39    99 0.90 -
NW_025965245.1_RagTag:400173-400936   -            124 118at314147          -           4425    0.0042    9.5   5.2   1   1   3.7e-05    0.0048    9.3   5.2  3291  3323     9    41     6    66 0.86 -
NW_025965075.1_RagTag:65339-58346     -            349 118at314147          -           4425    0.0087    8.4   6.6   1   1   8.6e-05     0.011    8.1   6.6  3292  3335    51    93    47   121 0.86 -
NW_025965075.1_RagTag:18127-23307     -            380 118at314147          -           4425      0.04    6.3   3.1   1   1   0.00042     0.054    5.8   3.1  3291  3332   326   369   316   374 0.81 -
#
# Program:         hmmsearch
# Version:         3.1b2 (February 2015)
# Pipeline mode:   SEARCH
# Query file:      /home/bgerda/guppy_SUP/busco_downloads/lineages/glires_odb10/hmms/118at314147.hmm
# Target file:     /home/bgerda/guppy_SUP/busco_results_racon/run_glires_odb10/metaeuk_output/initial_results/ragtag.scaffold.fasta.modified.fas
# Option settings: hmmsearch --domtblout /home/bgerda/guppy_SUP/busco_results_racon/run_glires_odb10/hmmer_output/initial_run_results/118at314147.out --cpu 1 /home/bgerda/guppy_SUP/busco_downloads/lineages/glires_odb10/hmms/118at314147.hmm /home/bgerda/guppy_SUP/busco_results_racon/run_glires_odb10/metaeuk_output/initial_results/ragtag.scaffold.fasta.modified.fas 
# Current dir:     /home/bgerda/guppy_SUP
# Date:            Sun May 21 17:05:41 2023
# [ok]
