#                                                                                             --- full sequence --- -------------- this domain -------------   hmm coord   ali coord   env coord
# target name                         accession   tlen query name           accession   qlen   E-value  score  bias   #  of  c-Evalue  i-Evalue  score  bias  from    to  from    to  from    to  acc description of target
#                 ------------------- ---------- ----- -------------------- ---------- ----- --------- ------ ----- --- --- --------- --------- ------ ----- ----- ----- ----- ----- ----- ----- ---- ---------------------
NW_025965308.1_RagTag:924163-923777   -            129 11944at314147        -            516   4.3e-07   25.2   2.0   1   1   4.4e-09   5.6e-07   24.8   2.0   190   234    73   119    63   124 0.84 -
NW_025965314.1_RagTag:573152-572469   -            228 11944at314147        -            516   4.9e-07   25.0   3.7   1   1   5.9e-09   7.6e-07   24.3   3.7   188   234    18    64    10    75 0.89 -
NW_025965317.1_RagTag:2732946-2735087 -            714 11944at314147        -            516   2.1e-06   22.9   0.7   1   1   3.5e-08   4.5e-06   21.8   0.7   191   239     4    52     2    90 0.83 -
contig_83093_pilon:417-680            -             88 11944at314147        -            516   7.3e-06   21.1   0.7   1   1   6.2e-08   7.9e-06   21.0   0.7   175   233    23    83     9    86 0.81 -
NW_025965314.1_RagTag:614962-614699   -             88 11944at314147        -            516   3.2e-05   19.0   0.7   1   1   2.8e-07   3.6e-05   18.8   0.7   176   233    24    83    13    86 0.79 -
contig_5411_pilon:437-201             -             79 11944at314147        -            516   0.00012   17.1   0.7   1   1   9.8e-07   0.00013   17.0   0.7   187   233    26    74     6    77 0.78 -
NW_025965075.1_RagTag:18127-23307     -            380 11944at314147        -            516   0.00017   16.6   0.4   1   1     2e-06   0.00025   16.0   0.4   200   233   338   371   291   378 0.75 -
NW_025965309.1_RagTag:3290555-3290193 -            121 11944at314147        -            516   0.00023   16.2   1.5   1   1   1.8e-06   0.00023   16.1   1.5   187   233    59   111    20   117 0.85 -
NW_025965287.1_RagTag:1342617-1340375 -            588 11944at314147        -            516   0.00048   15.1   1.9   1   1   6.4e-06   0.00082   14.3   1.9   181   233   425   475   416   483 0.88 -
NW_025965075.1_RagTag:65339-58346     -            349 11944at314147        -            516   0.00076   14.4   5.7   1   1   7.8e-06     0.001   14.0   5.7   184   272    44   134     3   160 0.78 -
NW_025965322.1_RagTag:1227246-1228454 -            403 11944at314147        -            516    0.0013   13.7   1.1   1   1   1.4e-05    0.0018   13.2   1.1   185   222     4    40     1   104 0.61 -
#
# Program:         hmmsearch
# Version:         3.1b2 (February 2015)
# Pipeline mode:   SEARCH
# Query file:      /home/bgerda/guppy_SUP/busco_downloads/lineages/glires_odb10/hmms/11944at314147.hmm
# Target file:     /home/bgerda/guppy_SUP/busco_results_racon/run_glires_odb10/metaeuk_output/initial_results/ragtag.scaffold.fasta.modified.fas
# Option settings: hmmsearch --domtblout /home/bgerda/guppy_SUP/busco_results_racon/run_glires_odb10/hmmer_output/initial_run_results/11944at314147.out --cpu 1 /home/bgerda/guppy_SUP/busco_downloads/lineages/glires_odb10/hmms/11944at314147.hmm /home/bgerda/guppy_SUP/busco_results_racon/run_glires_odb10/metaeuk_output/initial_results/ragtag.scaffold.fasta.modified.fas 
# Current dir:     /home/bgerda/guppy_SUP
# Date:            Sun May 21 17:05:42 2023
# [ok]
