#                                                                                             --- full sequence --- -------------- this domain -------------   hmm coord   ali coord   env coord
# target name                         accession   tlen query name           accession   qlen   E-value  score  bias   #  of  c-Evalue  i-Evalue  score  bias  from    to  from    to  from    to  acc description of target
#                 ------------------- ---------- ----- -------------------- ---------- ----- --------- ------ ----- --- --- --------- --------- ------ ----- ----- ----- ----- ----- ----- ----- ---- ---------------------
NW_025965137.1_RagTag:1519331-1515724 -            231 1218at314147         -           1880   6.7e-32  105.9   0.2   1   1   3.7e-34   7.4e-32  105.8   0.2   455   564   122   231    87   231 0.93 -
NW_025965306.1_RagTag:216198-211586   -            190 1218at314147         -           1880   1.6e-09   31.7   0.3   1   1   8.5e-12   1.7e-09   31.6   0.3   574   636     6    68     2   188 0.56 -
NW_025965283.1_RagTag:55529-55365     -             55 1218at314147         -           1880   6.5e-07   23.0   3.3   1   1   3.3e-09   6.6e-07   23.0   3.3  1634  1672    16    54     7    55 0.91 -
NW_025965163.1_RagTag:48257-52317     -            525 1218at314147         -           1880   0.00022   14.6   1.2   1   2   0.00062      0.12    5.5   0.1  1824  1864   145   185   138   191 0.91 -
NW_025965163.1_RagTag:48257-52317     -            525 1218at314147         -           1880   0.00022   14.6   1.2   2   2   0.00014     0.027    7.7   0.2  1823  1870   203   250   189   257 0.84 -
NW_025965324.1_RagTag:2489990-2489691 -            100 1218at314147         -           1880    0.0027   11.1  12.8   1   2   0.00046     0.093    6.0   2.8  1637  1668    11    43     5    47 0.82 -
NW_025965324.1_RagTag:2489990-2489691 -            100 1218at314147         -           1880    0.0027   11.1  12.8   2   2   1.4e-05    0.0028   11.0   2.5  1634  1668    50    84    45    97 0.87 -
NW_025965237.1_RagTag:393029-393397   -            123 1218at314147         -           1880     0.003   10.9   0.0   1   1   1.7e-05    0.0034   10.7   0.0    71   132    42   103    32   110 0.72 -
NW_025965318.1_RagTag:869239-873625   -            203 1218at314147         -           1880       1.7    1.7  11.5   1   2      0.15        29   -2.3   4.5  1758  1794    11    49     6    65 0.74 -
NW_025965318.1_RagTag:869239-873625   -            203 1218at314147         -           1880       1.7    1.7  11.5   2   2   0.00057      0.11    5.6   3.6  1640  1674    59    93    53    99 0.88 -
#
# Program:         hmmsearch
# Version:         3.1b2 (February 2015)
# Pipeline mode:   SEARCH
# Query file:      /home/bgerda/guppy_SUP/busco_downloads/lineages/glires_odb10/hmms/1218at314147.hmm
# Target file:     /home/bgerda/guppy_SUP/busco_results_racon/run_glires_odb10/metaeuk_output/initial_results/ragtag.scaffold.fasta.modified.fas
# Option settings: hmmsearch --domtblout /home/bgerda/guppy_SUP/busco_results_racon/run_glires_odb10/hmmer_output/initial_run_results/1218at314147.out --cpu 1 /home/bgerda/guppy_SUP/busco_downloads/lineages/glires_odb10/hmms/1218at314147.hmm /home/bgerda/guppy_SUP/busco_results_racon/run_glires_odb10/metaeuk_output/initial_results/ragtag.scaffold.fasta.modified.fas 
# Current dir:     /home/bgerda/guppy_SUP
# Date:            Sun May 21 17:05:40 2023
# [ok]
