#                                                                                             --- full sequence --- -------------- this domain -------------   hmm coord   ali coord   env coord
# target name                         accession   tlen query name           accession   qlen   E-value  score  bias   #  of  c-Evalue  i-Evalue  score  bias  from    to  from    to  from    to  acc description of target
#                 ------------------- ---------- ----- -------------------- ---------- ----- --------- ------ ----- --- --- --------- --------- ------ ----- ----- ----- ----- ----- ----- ----- ---- ---------------------
NW_025965322.1_RagTag:1227246-1228454 -            403 12365at314147        -            539   6.3e-11   37.8  11.6   1   3   1.5e-11   2.7e-09   32.4   0.9     8    78     3    86     1    93 0.68 -
NW_025965322.1_RagTag:1227246-1228454 -            403 12365at314147        -            539   6.3e-11   37.8  11.6   2   3   0.00015     0.026    9.4   1.9   141   244    94   198    86   246 0.73 -
NW_025965322.1_RagTag:1227246-1228454 -            403 12365at314147        -            539   6.3e-11   37.8  11.6   3   3     0.033       5.8    1.6   0.0   336   371   254   289   236   298 0.81 -
contig_4568_pilon:1301-1600           -            100 12365at314147        -            539   1.4e-10   36.7   0.8   1   1   7.7e-13   1.4e-10   36.7   0.8    12    75     1    63     1    92 0.84 -
NW_025965319.1_RagTag:4123940-4123488 -            151 12365at314147        -            539   4.3e-10   35.1   3.6   1   1   2.7e-12   4.7e-10   34.9   3.6     8    78    38   106    35   147 0.87 -
NW_025965245.1_RagTag:400173-400936   -            124 12365at314147        -            539   7.5e-06   21.1   9.0   1   1   8.9e-08   1.6e-05   20.0   9.1     8    95     3   102     1   115 0.63 -
NW_025965225.1_RagTag:584155-583874   -             94 12365at314147        -            539   1.4e-05   20.1   5.5   1   1   8.1e-08   1.4e-05   20.1   5.5    13    56     3    44     1    77 0.76 -
NW_025965075.1_RagTag:65339-58346     -            349 12365at314147        -            539   2.4e-05   19.4   1.0   1   1   2.2e-07   3.8e-05   18.7   1.0     4    41    40    77    38    87 0.89 -
NW_025965314.1_RagTag:573152-572469   -            228 12365at314147        -            539   0.00095   14.1   2.4   1   1   6.8e-06    0.0012   13.8   2.4    14    99    20   106    15   138 0.74 -
NW_025965209.1_RagTag:161057-161341   -             95 12365at314147        -            539    0.0012   13.7   0.1   1   1   7.3e-06    0.0013   13.7   0.1    14    40    28    54    20    78 0.91 -
#
# Program:         hmmsearch
# Version:         3.1b2 (February 2015)
# Pipeline mode:   SEARCH
# Query file:      /home/bgerda/guppy_SUP/busco_downloads/lineages/glires_odb10/hmms/12365at314147.hmm
# Target file:     /home/bgerda/guppy_SUP/busco_results_racon/run_glires_odb10/metaeuk_output/initial_results/ragtag.scaffold.fasta.modified.fas
# Option settings: hmmsearch --domtblout /home/bgerda/guppy_SUP/busco_results_racon/run_glires_odb10/hmmer_output/initial_run_results/12365at314147.out --cpu 1 /home/bgerda/guppy_SUP/busco_downloads/lineages/glires_odb10/hmms/12365at314147.hmm /home/bgerda/guppy_SUP/busco_results_racon/run_glires_odb10/metaeuk_output/initial_results/ragtag.scaffold.fasta.modified.fas 
# Current dir:     /home/bgerda/guppy_SUP
# Date:            Sun May 21 17:05:44 2023
# [ok]
