#                                                                                             --- full sequence --- -------------- this domain -------------   hmm coord   ali coord   env coord
# target name                         accession   tlen query name           accession   qlen   E-value  score  bias   #  of  c-Evalue  i-Evalue  score  bias  from    to  from    to  from    to  acc description of target
#                 ------------------- ---------- ----- -------------------- ---------- ----- --------- ------ ----- --- --- --------- --------- ------ ----- ----- ----- ----- ----- ----- ----- ---- ---------------------
NW_025965287.1_RagTag:1503606-1508138 -            432 12608at314147        -            484  1.3e-123  409.8  27.9   1   3   1.7e-24   3.3e-22   75.3   9.3    96   160    95   167    89   181 0.86 -
NW_025965287.1_RagTag:1503606-1508138 -            432 12608at314147        -            484  1.3e-123  409.8  27.9   2   3    0.0073       1.5    3.9   4.6   139   175   187   227   165   254 0.73 -
NW_025965287.1_RagTag:1503606-1508138 -            432 12608at314147        -            484  1.3e-123  409.8  27.9   3   3  5.2e-104  1.1e-101  337.5   4.4   164   318   277   432   243   432 0.95 -
NW_025965188.1_RagTag:427872-428438   -            189 12608at314147        -            484   3.3e-09   32.4   0.3   1   2   6.9e-05     0.014   10.6   0.0   361   412    43    94    28   108 0.86 -
NW_025965188.1_RagTag:427872-428438   -            189 12608at314147        -            484   3.3e-09   32.4   0.3   2   2   8.7e-08   1.8e-05   20.2   0.3   264   327   125   182    99   188 0.87 -
NW_025965352.1_RagTag:102445-104127   -            319 12608at314147        -            484   0.00062   15.0   0.0   1   1   4.1e-06   0.00083   14.6   0.0   249   309     7    68     1    75 0.83 -
NW_025965163.1_RagTag:38535-29734     -            753 12608at314147        -            484    0.0019   13.4   0.4   1   1   2.2e-05    0.0045   12.2   0.4   353   440   460   538   431   553 0.76 -
NW_025965344.1_RagTag:40655-35255     -            204 12608at314147        -            484    0.0022   13.3   0.0   1   2    0.0098         2    3.5   0.0   431   472    80   121    43   126 0.87 -
NW_025965344.1_RagTag:40655-35255     -            204 12608at314147        -            484    0.0022   13.3   0.0   2   2   0.00045     0.091    7.9   0.0   240   304   128   192   123   197 0.91 -
NW_025965276.1_RagTag:371243-371716   -            158 12608at314147        -            484     0.006   11.8   0.3   1   2      0.01       2.1    3.4   0.0   376   446    11    83     3    89 0.69 -
NW_025965276.1_RagTag:371243-371716   -            158 12608at314147        -            484     0.006   11.8   0.3   2   2    0.0011      0.22    6.7   0.1   250   274    90   114    87   120 0.91 -
NW_025965288.1_RagTag:109483-111161   -            290 12608at314147        -            484    0.0082   11.4   0.0   1   1   5.8e-05     0.012   10.8   0.0   238   289   114   165    82   184 0.82 -
#
# Program:         hmmsearch
# Version:         3.1b2 (February 2015)
# Pipeline mode:   SEARCH
# Query file:      /home/bgerda/guppy_SUP/busco_downloads/lineages/glires_odb10/hmms/12608at314147.hmm
# Target file:     /home/bgerda/guppy_SUP/busco_results_racon/run_glires_odb10/metaeuk_output/initial_results/ragtag.scaffold.fasta.modified.fas
# Option settings: hmmsearch --domtblout /home/bgerda/guppy_SUP/busco_results_racon/run_glires_odb10/hmmer_output/initial_run_results/12608at314147.out --cpu 1 /home/bgerda/guppy_SUP/busco_downloads/lineages/glires_odb10/hmms/12608at314147.hmm /home/bgerda/guppy_SUP/busco_results_racon/run_glires_odb10/metaeuk_output/initial_results/ragtag.scaffold.fasta.modified.fas 
# Current dir:     /home/bgerda/guppy_SUP
# Date:            Sun May 21 17:05:40 2023
# [ok]
