#                                                                                             --- full sequence --- -------------- this domain -------------   hmm coord   ali coord   env coord
# target name                         accession   tlen query name           accession   qlen   E-value  score  bias   #  of  c-Evalue  i-Evalue  score  bias  from    to  from    to  from    to  acc description of target
#                 ------------------- ---------- ----- -------------------- ---------- ----- --------- ------ ----- --- --- --------- --------- ------ ----- ----- ----- ----- ----- ----- ----- ---- ---------------------
NW_025965188.1_RagTag:427872-428438   -            189 12785at314147        -            542   2.7e-09   32.3   0.2   1   1   9.8e-11   1.5e-08   29.8   0.2    23   141    45   180    37   183 0.81 -
NW_025965163.1_RagTag:38535-29734     -            753 12785at314147        -            542   1.2e-07   26.9   0.5   1   1   1.2e-09   1.9e-07   26.3   0.5     3   115   450   561   446   565 0.83 -
NW_025965344.1_RagTag:40655-35255     -            204 12785at314147        -            542   2.9e-07   25.7   0.0   1   1   2.4e-09   3.8e-07   25.2   0.0     8   153    37   186    32   189 0.77 -
NW_025965306.1_RagTag:1019039-1020148 -            370 12785at314147        -            542   3.7e-06   22.0   0.0   1   1   3.2e-08   5.1e-06   21.5   0.0   134   241    22   137     7   155 0.78 -
NW_025965287.1_RagTag:1503606-1508138 -            432 12785at314147        -            542   6.6e-06   21.2   0.1   1   1   7.5e-08   1.2e-05   20.3   0.1    96   176   319   402   294   417 0.82 -
NW_025965288.1_RagTag:109483-111161   -            290 12785at314147        -            542   6.7e-06   21.1   0.1   1   2   9.7e-08   1.5e-05   20.0   0.1    10    79    94   162    59   196 0.70 -
NW_025965288.1_RagTag:109483-111161   -            290 12785at314147        -            542   6.7e-06   21.1   0.1   2   2      0.53        82   -2.3   0.0   439   465   255   281   240   287 0.75 -
NW_025965276.1_RagTag:371243-371716   -            158 12785at314147        -            542     9e-06   20.7   0.4   1   1   6.8e-08   1.1e-05   20.5   0.4    69   157    54   145     7   153 0.72 -
NW_025965352.1_RagTag:102445-104127   -            319 12785at314147        -            542   0.00039   15.3   0.0   1   1   3.4e-06   0.00053   14.9   0.0    71   121     4    57     1    61 0.77 -
NW_025965288.1_RagTag:99923-99699     -             75 12785at314147        -            542    0.0011   13.8   0.0   1   1     7e-06    0.0011   13.8   0.0    19    79     1    64     1    75 0.77 -
#
# Program:         hmmsearch
# Version:         3.1b2 (February 2015)
# Pipeline mode:   SEARCH
# Query file:      /home/bgerda/guppy_SUP/busco_downloads/lineages/glires_odb10/hmms/12785at314147.hmm
# Target file:     /home/bgerda/guppy_SUP/busco_results_racon/run_glires_odb10/metaeuk_output/initial_results/ragtag.scaffold.fasta.modified.fas
# Option settings: hmmsearch --domtblout /home/bgerda/guppy_SUP/busco_results_racon/run_glires_odb10/hmmer_output/initial_run_results/12785at314147.out --cpu 1 /home/bgerda/guppy_SUP/busco_downloads/lineages/glires_odb10/hmms/12785at314147.hmm /home/bgerda/guppy_SUP/busco_results_racon/run_glires_odb10/metaeuk_output/initial_results/ragtag.scaffold.fasta.modified.fas 
# Current dir:     /home/bgerda/guppy_SUP
# Date:            Sun May 21 17:05:45 2023
# [ok]
