#                                                                                             --- full sequence --- -------------- this domain -------------   hmm coord   ali coord   env coord
# target name                         accession   tlen query name           accession   qlen   E-value  score  bias   #  of  c-Evalue  i-Evalue  score  bias  from    to  from    to  from    to  acc description of target
#                 ------------------- ---------- ----- -------------------- ---------- ----- --------- ------ ----- --- --- --------- --------- ------ ----- ----- ----- ----- ----- ----- ----- ---- ---------------------
NW_025965322.1_RagTag:1227246-1228454 -            403 12824at314147        -            610   1.3e-10   36.6   0.7   1   1   1.4e-12     2e-10   35.9   0.7     8    73     6    83     3    90 0.78 -
NW_025965314.1_RagTag:573152-572469   -            228 12824at314147        -            610   4.2e-05   18.4   2.3   1   1   4.2e-07   5.9e-05   17.9   2.3     9    66    18    70    12    84 0.83 -
NW_025965245.1_RagTag:400173-400936   -            124 12824at314147        -            610   0.00057   14.6   5.5   1   1   4.9e-06   0.00069   14.4   5.5     6    60     4    67     2    84 0.73 -
contig_5411_pilon:437-201             -             79 12824at314147        -            610    0.0026   12.5   0.3   1   1     2e-05    0.0028   12.4   0.3     9    59    27    77    19    79 0.83 -
contig_4568_pilon:1301-1600           -            100 12824at314147        -            610    0.0033   12.1   2.4   1   1   2.3e-05    0.0033   12.1   2.4    10    76     2    66     1    91 0.71 -
contig_83093_pilon:417-680            -             88 12824at314147        -            610    0.0047   11.6   0.5   1   1   3.7e-05    0.0052   11.5   0.5     9    59    36    86    30    88 0.79 -
NW_025965319.1_RagTag:4123940-4123488 -            151 12824at314147        -            610    0.0057   11.3   2.3   1   1   4.4e-05    0.0062   11.2   2.3    10    54    43    86    38   131 0.86 -
NW_025965367.1_RagTag:193722-192509   -            241 12824at314147        -            610    0.0064   11.2   0.0   1   1   6.3e-05     0.009   10.7   0.0   340   388     6    54     2    80 0.86 -
NW_025965209.1_RagTag:161057-161341   -             95 12824at314147        -            610    0.0086   10.7   0.9   1   1   6.9e-05    0.0098   10.6   0.9    11    40    28    56    25    71 0.86 -
NW_025965225.1_RagTag:584155-583874   -             94 12824at314147        -            610      0.23    6.0   7.4   1   1    0.0017      0.24    5.9   7.4    12    57     5    48     2    70 0.75 -
#
# Program:         hmmsearch
# Version:         3.1b2 (February 2015)
# Pipeline mode:   SEARCH
# Query file:      /home/bgerda/guppy_SUP/busco_downloads/lineages/glires_odb10/hmms/12824at314147.hmm
# Target file:     /home/bgerda/guppy_SUP/busco_results_racon/run_glires_odb10/metaeuk_output/initial_results/ragtag.scaffold.fasta.modified.fas
# Option settings: hmmsearch --domtblout /home/bgerda/guppy_SUP/busco_results_racon/run_glires_odb10/hmmer_output/initial_run_results/12824at314147.out --cpu 1 /home/bgerda/guppy_SUP/busco_downloads/lineages/glires_odb10/hmms/12824at314147.hmm /home/bgerda/guppy_SUP/busco_results_racon/run_glires_odb10/metaeuk_output/initial_results/ragtag.scaffold.fasta.modified.fas 
# Current dir:     /home/bgerda/guppy_SUP
# Date:            Sun May 21 17:05:40 2023
# [ok]
