#                                                                                             --- full sequence --- -------------- this domain -------------   hmm coord   ali coord   env coord
# target name                         accession   tlen query name           accession   qlen   E-value  score  bias   #  of  c-Evalue  i-Evalue  score  bias  from    to  from    to  from    to  acc description of target
#                 ------------------- ---------- ----- -------------------- ---------- ----- --------- ------ ----- --- --- --------- --------- ------ ----- ----- ----- ----- ----- ----- ----- ---- ---------------------
NW_025965319.1_RagTag:4123940-4123488 -            151 13650at314147        -            513   1.9e-10   36.3   2.3   1   1   1.6e-12   2.2e-10   36.1   2.3     6    75    42   113    38   142 0.78 -
contig_4568_pilon:1301-1600           -            100 13650at314147        -            513   2.7e-10   35.8   0.8   1   1     2e-12   2.8e-10   35.8   0.8     6    74     4    70     1    91 0.78 -
NW_025965363.1_RagTag:44864-40287     -            244 13650at314147        -            513   4.2e-05   18.7   0.0   1   1   4.2e-07     6e-05   18.2   0.0   305   372    58   127    32   136 0.81 -
NW_025965148.1_RagTag:7181-6382       -            254 13650at314147        -            513   0.00014   17.0   0.0   1   1   1.4e-06    0.0002   16.4   0.0   337   440   114   216   106   225 0.83 -
NW_025965289.1_RagTag:138840-140296   -            232 13650at314147        -            513   0.00043   15.3   0.0   1   1   3.9e-06   0.00055   15.0   0.0   335   442    78   187    57   199 0.79 -
NW_025965322.1_RagTag:1227246-1228454 -            403 13650at314147        -            513   0.00052   15.1   2.0   1   1   4.7e-06   0.00066   14.7   1.4     4    33     5    37     2   111 0.71 -
NW_025965245.1_RagTag:400173-400936   -            124 13650at314147        -            513   0.00089   14.3   7.3   1   2   2.2e-05    0.0031   12.5   5.0     5    50     6    62     2    77 0.70 -
NW_025965245.1_RagTag:400173-400936   -            124 13650at314147        -            513   0.00089   14.3   7.3   2   2     0.027       3.8    2.3   0.0   425   450    78   104    74   123 0.70 -
NW_025965225.1_RagTag:584155-583874   -             94 13650at314147        -            513    0.0032   12.4   3.7   1   1   2.3e-05    0.0032   12.5   3.7     7    63     3    60     1    85 0.74 -
NW_025965075.1_RagTag:65339-58346     -            349 13650at314147        -            513    0.0036   12.3   1.3   1   1   3.4e-05    0.0048   11.9   1.3     4    32    46    77    43   152 0.80 -
NW_025965309.1_RagTag:3290555-3290193 -            121 13650at314147        -            513     0.011   10.7   1.7   1   1   0.00012     0.016   10.1   1.7     4    50    58   110    55   115 0.71 -
#
# Program:         hmmsearch
# Version:         3.1b2 (February 2015)
# Pipeline mode:   SEARCH
# Query file:      /home/bgerda/guppy_SUP/busco_downloads/lineages/glires_odb10/hmms/13650at314147.hmm
# Target file:     /home/bgerda/guppy_SUP/busco_results_racon/run_glires_odb10/metaeuk_output/initial_results/ragtag.scaffold.fasta.modified.fas
# Option settings: hmmsearch --domtblout /home/bgerda/guppy_SUP/busco_results_racon/run_glires_odb10/hmmer_output/initial_run_results/13650at314147.out --cpu 1 /home/bgerda/guppy_SUP/busco_downloads/lineages/glires_odb10/hmms/13650at314147.hmm /home/bgerda/guppy_SUP/busco_results_racon/run_glires_odb10/metaeuk_output/initial_results/ragtag.scaffold.fasta.modified.fas 
# Current dir:     /home/bgerda/guppy_SUP
# Date:            Sun May 21 17:05:45 2023
# [ok]
