#                                                                                             --- full sequence --- -------------- this domain -------------   hmm coord   ali coord   env coord
# target name                         accession   tlen query name           accession   qlen   E-value  score  bias   #  of  c-Evalue  i-Evalue  score  bias  from    to  from    to  from    to  acc description of target
#                 ------------------- ---------- ----- -------------------- ---------- ----- --------- ------ ----- --- --- --------- --------- ------ ----- ----- ----- ----- ----- ----- ----- ---- ---------------------
contig_4568_pilon:1301-1600           -            100 13846at314147        -            541   7.3e-08   27.4   3.1   1   1   4.1e-10   7.3e-08   27.4   3.1    24    76     3    54     1    89 0.83 -
NW_025965319.1_RagTag:4123940-4123488 -            151 13846at314147        -            541   2.4e-07   25.7   3.2   1   1   1.7e-09   2.9e-07   25.4   3.2    20    67    40    86    27   106 0.85 -
NW_025965245.1_RagTag:400173-400936   -            124 13846at314147        -            541   0.00012   16.8   6.8   1   1   8.3e-07   0.00015   16.5   6.8    23    86     8    81     2   105 0.74 -
NW_025965075.1_RagTag:65339-58346     -            349 13846at314147        -            541   0.00066   14.3   3.5   1   1   4.9e-06   0.00087   14.0   3.5    18    75    44    98    31   133 0.73 -
NW_025965309.1_RagTag:3290555-3290193 -            121 13846at314147        -            541    0.0017   13.0   2.3   1   1   1.1e-05     0.002   12.8   2.3    24    72    62   114    47   117 0.70 -
NW_025965225.1_RagTag:584155-583874   -             94 13846at314147        -            541     0.021    9.4   7.4   1   1   0.00011      0.02    9.5   7.4    24    69     4    47     1    74 0.78 -
NW_025965317.1_RagTag:2732946-2735087 -            714 13846at314147        -            541     0.034    8.7   3.0   1   1   0.00029      0.05    8.1   3.0    24    63     3    43     1    49 0.89 -
NW_025965322.1_RagTag:1227246-1228454 -            403 13846at314147        -            541      0.27    5.7   6.5   1   2   0.00064      0.11    7.0   3.4    22    70     7    64     2    79 0.67 -
NW_025965322.1_RagTag:1227246-1228454 -            403 13846at314147        -            541      0.27    5.7   6.5   2   2      0.34        60   -2.0   0.0    19    48    88   117    74   131 0.78 -
#
# Program:         hmmsearch
# Version:         3.1b2 (February 2015)
# Pipeline mode:   SEARCH
# Query file:      /home/bgerda/guppy_SUP/busco_downloads/lineages/glires_odb10/hmms/13846at314147.hmm
# Target file:     /home/bgerda/guppy_SUP/busco_results_racon/run_glires_odb10/metaeuk_output/initial_results/ragtag.scaffold.fasta.modified.fas
# Option settings: hmmsearch --domtblout /home/bgerda/guppy_SUP/busco_results_racon/run_glires_odb10/hmmer_output/initial_run_results/13846at314147.out --cpu 1 /home/bgerda/guppy_SUP/busco_downloads/lineages/glires_odb10/hmms/13846at314147.hmm /home/bgerda/guppy_SUP/busco_results_racon/run_glires_odb10/metaeuk_output/initial_results/ragtag.scaffold.fasta.modified.fas 
# Current dir:     /home/bgerda/guppy_SUP
# Date:            Sun May 21 17:05:41 2023
# [ok]
