#                                                                                             --- full sequence --- -------------- this domain -------------   hmm coord   ali coord   env coord
# target name                         accession   tlen query name           accession   qlen   E-value  score  bias   #  of  c-Evalue  i-Evalue  score  bias  from    to  from    to  from    to  acc description of target
#                 ------------------- ---------- ----- -------------------- ---------- ----- --------- ------ ----- --- --- --------- --------- ------ ----- ----- ----- ----- ----- ----- ----- ---- ---------------------
contig_13085_pilon:864-71             -            219 14275at314147        -            460   9.3e-09   30.9   1.2   1   2   1.5e-10   4.2e-08   28.7   0.7   190   295    41   138    15   187 0.81 -
contig_13085_pilon:864-71             -            219 14275at314147        -            460   9.3e-09   30.9   1.2   2   2     0.037        10    1.1   0.0   233   260   153   180   138   217 0.61 -
NW_025965287.1_RagTag:1440000-1439407 -            196 14275at314147        -            460   2.3e-08   29.6   2.3   1   3   3.1e-06   0.00087   14.5   0.1   186   257     3    70     1    76 0.85 -
NW_025965287.1_RagTag:1440000-1439407 -            196 14275at314147        -            460   2.3e-08   29.6   2.3   2   3   1.7e-06   0.00048   15.4   0.1   179   259    38   115    35   123 0.84 -
NW_025965287.1_RagTag:1440000-1439407 -            196 14275at314147        -            460   2.3e-08   29.6   2.3   3   3    0.0013      0.37    5.9   0.1   180   221   124   168   117   180 0.81 -
NW_025965114.1_RagTag:27851-27678     -             58 14275at314147        -            460   9.4e-05   17.7   0.1   1   1   3.7e-07    0.0001   17.6   0.1   419   451    10    44     4    49 0.86 -
NW_025965321.1_RagTag:2929906-2929208 -            233 14275at314147        -            460     0.004   12.4   0.0   1   1   2.1e-05     0.006   11.8   0.0   191   259    16    85     3   130 0.72 -
NW_025965155.1_RagTag:64307-63339     -            323 14275at314147        -            460    0.0081   11.3   0.1   1   2      0.14        41   -0.9   0.0   329   396    33   101    19   134 0.68 -
NW_025965155.1_RagTag:64307-63339     -            323 14275at314147        -            460    0.0081   11.3   0.1   2   2   0.00017     0.047    8.8   0.1   191   252   156   213   147   262 0.74 -
#
# Program:         hmmsearch
# Version:         3.1b2 (February 2015)
# Pipeline mode:   SEARCH
# Query file:      /home/bgerda/guppy_SUP/busco_downloads/lineages/glires_odb10/hmms/14275at314147.hmm
# Target file:     /home/bgerda/guppy_SUP/busco_results_racon/run_glires_odb10/metaeuk_output/initial_results/ragtag.scaffold.fasta.modified.fas
# Option settings: hmmsearch --domtblout /home/bgerda/guppy_SUP/busco_results_racon/run_glires_odb10/hmmer_output/initial_run_results/14275at314147.out --cpu 1 /home/bgerda/guppy_SUP/busco_downloads/lineages/glires_odb10/hmms/14275at314147.hmm /home/bgerda/guppy_SUP/busco_results_racon/run_glires_odb10/metaeuk_output/initial_results/ragtag.scaffold.fasta.modified.fas 
# Current dir:     /home/bgerda/guppy_SUP
# Date:            Sun May 21 17:05:41 2023
# [ok]
