#                                                                                             --- full sequence --- -------------- this domain -------------   hmm coord   ali coord   env coord
# target name                         accession   tlen query name           accession   qlen   E-value  score  bias   #  of  c-Evalue  i-Evalue  score  bias  from    to  from    to  from    to  acc description of target
#                 ------------------- ---------- ----- -------------------- ---------- ----- --------- ------ ----- --- --- --------- --------- ------ ----- ----- ----- ----- ----- ----- ----- ---- ---------------------
NW_025965280.1_RagTag:169116-174670   -            291 14571at314147        -            430  3.1e-136  451.1  16.7   1   3  1.7e-102    4e-100  332.2   3.1   159   306     1   148     1   149 0.99 -
NW_025965280.1_RagTag:169116-174670   -            291 14571at314147        -            430  3.1e-136  451.1  16.7   2   3   7.9e-38   1.9e-35  119.1   0.2   355   416   149   211   147   217 0.93 -
NW_025965280.1_RagTag:169116-174670   -            291 14571at314147        -            430  3.1e-136  451.1  16.7   3   3   0.00015     0.035    9.4   1.2   391   430   244   281   241   281 0.85 -
NW_025965320.1_RagTag:2556540-2557046 -            169 14571at314147        -            430   1.8e-33  112.6   0.6   1   1     9e-36   2.1e-33  112.3   0.6   263   391    23   154    14   164 0.89 -
NW_025965270.1_RagTag:198927-198358   -            190 14571at314147        -            430     3e-33  111.8   0.8   1   1   1.7e-35   3.9e-33  111.4   0.8   263   391    44   175    40   185 0.89 -
contig_24440_pilon:528-1028           -            167 14571at314147        -            430   5.3e-32  107.7   0.6   1   1   2.8e-34   6.6e-32  107.4   0.6   263   391    21   152    17   162 0.88 -
NW_025965135.1_RagTag:1113117-1116455 -            136 14571at314147        -            430   1.5e-12   43.6   0.0   1   2   0.00018     0.041    9.2   0.0   262   297    24    61    20    62 0.79 -
NW_025965135.1_RagTag:1113117-1116455 -            136 14571at314147        -            430   1.5e-12   43.6   0.0   2   2   4.1e-12   9.6e-10   34.3   0.1   342   378    61    97    55   104 0.91 -
NW_025965322.1_RagTag:1077271-1076876 -            130 14571at314147        -            430   2.1e-11   39.8   0.2   1   1   1.1e-13   2.5e-11   39.6   0.2   318   386    47   111    36   124 0.85 -
#
# Program:         hmmsearch
# Version:         3.1b2 (February 2015)
# Pipeline mode:   SEARCH
# Query file:      /home/bgerda/guppy_SUP/busco_downloads/lineages/glires_odb10/hmms/14571at314147.hmm
# Target file:     /home/bgerda/guppy_SUP/busco_results_racon/run_glires_odb10/metaeuk_output/initial_results/ragtag.scaffold.fasta.modified.fas
# Option settings: hmmsearch --domtblout /home/bgerda/guppy_SUP/busco_results_racon/run_glires_odb10/hmmer_output/initial_run_results/14571at314147.out --cpu 1 /home/bgerda/guppy_SUP/busco_downloads/lineages/glires_odb10/hmms/14571at314147.hmm /home/bgerda/guppy_SUP/busco_results_racon/run_glires_odb10/metaeuk_output/initial_results/ragtag.scaffold.fasta.modified.fas 
# Current dir:     /home/bgerda/guppy_SUP
# Date:            Sun May 21 17:05:42 2023
# [ok]
