#                                                                                             --- full sequence --- -------------- this domain -------------   hmm coord   ali coord   env coord
# target name                         accession   tlen query name           accession   qlen   E-value  score  bias   #  of  c-Evalue  i-Evalue  score  bias  from    to  from    to  from    to  acc description of target
#                 ------------------- ---------- ----- -------------------- ---------- ----- --------- ------ ----- --- --- --------- --------- ------ ----- ----- ----- ----- ----- ----- ----- ---- ---------------------
NW_025965233.1_RagTag:1450273-1452254 -            171 15081at314147        -            451   1.3e-14   50.4   0.0   1   1   6.6e-17   1.5e-14   50.1   0.0   293   427     6   143     3   165 0.86 -
NW_025965177.1_RagTag:102793-106553   -            366 15081at314147        -            451   1.2e-12   44.0   0.0   1   2      0.14        32   -0.3   0.0    31    67    49    85    28    96 0.75 -
NW_025965177.1_RagTag:102793-106553   -            366 15081at314147        -            451   1.2e-12   44.0   0.0   2   2   2.6e-14   6.2e-12   41.6   0.0   322   429   221   331   204   339 0.89 -
NW_025965285.1_RagTag:1863833-1860001 -            104 15081at314147        -            451   2.1e-07   26.7   0.0   1   1   8.9e-10   2.1e-07   26.6   0.0   353   429     3    79     1    97 0.85 -
NW_025965039.1_RagTag:304254-302722   -            109 15081at314147        -            451   1.3e-05   20.8   0.0   1   2   1.5e-06   0.00036   16.0   0.0   293   354     3    66     1    70 0.84 -
NW_025965039.1_RagTag:304254-302722   -            109 15081at314147        -            451   1.3e-05   20.8   0.0   2   2   0.00027     0.063    8.6   0.0   393   423    59    89    46    95 0.81 -
NW_025965090.1_RagTag:14437-8702      -            223 15081at314147        -            451   1.4e-05   20.6   0.0   1   2     0.002      0.46    5.7   0.0    40   118     3    78     1   148 0.68 -
NW_025965090.1_RagTag:14437-8702      -            223 15081at314147        -            451   1.4e-05   20.6   0.0   2   2   1.1e-05    0.0027   13.1   0.0   394   426   166   198   152   213 0.86 -
contig_50368_pilon:2025-1201          -            275 15081at314147        -            451    0.0048   12.2   0.0   1   1   2.9e-05    0.0069   11.7   0.0     8    60    47    94    41   122 0.82 -
#
# Program:         hmmsearch
# Version:         3.1b2 (February 2015)
# Pipeline mode:   SEARCH
# Query file:      /home/bgerda/guppy_SUP/busco_downloads/lineages/glires_odb10/hmms/15081at314147.hmm
# Target file:     /home/bgerda/guppy_SUP/busco_results_racon/run_glires_odb10/metaeuk_output/initial_results/ragtag.scaffold.fasta.modified.fas
# Option settings: hmmsearch --domtblout /home/bgerda/guppy_SUP/busco_results_racon/run_glires_odb10/hmmer_output/initial_run_results/15081at314147.out --cpu 1 /home/bgerda/guppy_SUP/busco_downloads/lineages/glires_odb10/hmms/15081at314147.hmm /home/bgerda/guppy_SUP/busco_results_racon/run_glires_odb10/metaeuk_output/initial_results/ragtag.scaffold.fasta.modified.fas 
# Current dir:     /home/bgerda/guppy_SUP
# Date:            Sun May 21 17:05:42 2023
# [ok]
