#                                                                                             --- full sequence --- -------------- this domain -------------   hmm coord   ali coord   env coord
# target name                         accession   tlen query name           accession   qlen   E-value  score  bias   #  of  c-Evalue  i-Evalue  score  bias  from    to  from    to  from    to  acc description of target
#                 ------------------- ---------- ----- -------------------- ---------- ----- --------- ------ ----- --- --- --------- --------- ------ ----- ----- ----- ----- ----- ----- ----- ---- ---------------------
NW_025965053.1_RagTag:15221-14436     -            262 15810at314147        -            605  4.3e-187  619.3   0.3   1   1    2e-189  4.8e-187  619.1   0.3    29   290     1   262     1   262 1.00 -
NW_025965314.1_RagTag:1368682-1369539 -            286 15810at314147        -            605   6.2e-10   34.2   0.0   1   3     0.057        13    0.1   0.0   126   175     8    57     4    90 0.86 -
NW_025965314.1_RagTag:1368682-1369539 -            286 15810at314147        -            605   6.2e-10   34.2   0.0   2   3   0.00024     0.055    7.9   0.0   130   199   100   167    62   172 0.91 -
NW_025965314.1_RagTag:1368682-1369539 -            286 15810at314147        -            605   6.2e-10   34.2   0.0   3   3   8.3e-09     2e-06   22.6   0.0   116   200   179   262   169   272 0.85 -
NW_025965175.1_RagTag:882915-884201   -            429 15810at314147        -            605   3.1e-09   31.9   0.0   1   2   1.3e-11   3.1e-09   31.9   0.0   129   201    19    91     7   101 0.93 -
NW_025965175.1_RagTag:882915-884201   -            429 15810at314147        -            605   3.1e-09   31.9   0.0   2   2         6   1.4e+03   -7.2   5.6   379   432   291   350   233   353 0.63 -
NW_025965250.1_RagTag:93434-90589     -            269 15810at314147        -            605    0.0001   16.9   0.0   1   1   5.7e-07   0.00014   16.6   0.0   125   167   227   269   211   269 0.90 -
NW_025965172.1_RagTag:1410564-1410014 -            156 15810at314147        -            605    0.0034   12.0   0.0   1   1   1.8e-05    0.0042   11.6   0.0   139   201    19    81     4    91 0.86 -
NW_025965364.1_RagTag:5386-4973       -            138 15810at314147        -            605    0.0081   10.7   0.0   1   1   4.1e-05    0.0096   10.4   0.0   136   176    16    56     6    77 0.82 -
#
# Program:         hmmsearch
# Version:         3.1b2 (February 2015)
# Pipeline mode:   SEARCH
# Query file:      /home/bgerda/guppy_SUP/busco_downloads/lineages/glires_odb10/hmms/15810at314147.hmm
# Target file:     /home/bgerda/guppy_SUP/busco_results_racon/run_glires_odb10/metaeuk_output/initial_results/ragtag.scaffold.fasta.modified.fas
# Option settings: hmmsearch --domtblout /home/bgerda/guppy_SUP/busco_results_racon/run_glires_odb10/hmmer_output/initial_run_results/15810at314147.out --cpu 1 /home/bgerda/guppy_SUP/busco_downloads/lineages/glires_odb10/hmms/15810at314147.hmm /home/bgerda/guppy_SUP/busco_results_racon/run_glires_odb10/metaeuk_output/initial_results/ragtag.scaffold.fasta.modified.fas 
# Current dir:     /home/bgerda/guppy_SUP
# Date:            Sun May 21 17:05:40 2023
# [ok]
