#                                                                                             --- full sequence --- -------------- this domain -------------   hmm coord   ali coord   env coord
# target name                         accession   tlen query name           accession   qlen   E-value  score  bias   #  of  c-Evalue  i-Evalue  score  bias  from    to  from    to  from    to  acc description of target
#                 ------------------- ---------- ----- -------------------- ---------- ----- --------- ------ ----- --- --- --------- --------- ------ ----- ----- ----- ----- ----- ----- ----- ---- ---------------------
NW_025965276.1_RagTag:371243-371716   -            158 15853at314147        -            462   2.2e-15   52.9   0.0   1   2   4.2e-06   0.00066   15.1   0.0   254   297     1    43     1    51 0.86 -
NW_025965276.1_RagTag:371243-371716   -            158 15853at314147        -            462   2.2e-15   52.9   0.0   2   2   2.3e-14   3.6e-12   42.3   0.0    43   163    14   149    13   154 0.78 -
NW_025965344.1_RagTag:40655-35255     -            204 15853at314147        -            462   5.1e-15   51.7   0.0   1   2   9.9e-10   1.6e-07   27.0   0.0   140   229    37   128    21   134 0.88 -
NW_025965344.1_RagTag:40655-35255     -            204 15853at314147        -            462   5.1e-15   51.7   0.0   2   2   7.8e-09   1.2e-06   24.1   0.0   195   254   127   186   123   199 0.88 -
NW_025965188.1_RagTag:427872-428438   -            189 15853at314147        -            462     7e-12   41.4   0.2   1   2   8.4e-07   0.00013   17.4   0.0   215   256    40    82    26   103 0.83 -
NW_025965188.1_RagTag:427872-428438   -            189 15853at314147        -            462     7e-12   41.4   0.2   2   2   2.8e-08   4.4e-06   22.3   0.1   185   244   123   182   113   187 0.92 -
NW_025965288.1_RagTag:109483-111161   -            290 15853at314147        -            462   1.1e-08   30.8   0.0   1   1   8.6e-11   1.3e-08   30.5   0.0   110   220    61   174    42   212 0.85 -
NW_025965163.1_RagTag:38535-29734     -            753 15853at314147        -            462   1.9e-08   30.1   0.1   1   1   2.1e-10   3.2e-08   29.3   0.1   151   259   432   541   414   560 0.84 -
NW_025965306.1_RagTag:1019039-1020148 -            370 15853at314147        -            462   1.1e-07   27.5   0.0   1   1   1.1e-09   1.7e-07   26.9   0.0   186   271     7    91     3   110 0.91 -
NW_025965352.1_RagTag:102445-104127   -            319 15853at314147        -            462   1.3e-05   20.7   0.0   1   1   1.1e-07   1.8e-05   20.3   0.0   166   225     1    60     1    69 0.95 -
NW_025965288.1_RagTag:99923-99699     -             75 15853at314147        -            462   0.00031   16.2   0.0   1   1   2.9e-06   0.00045   15.6   0.0    74   115    18    59     1    63 0.78 -
NW_025965316.1_RagTag:4219329-4218889 -            147 15853at314147        -            462    0.0038   12.6   0.1   1   1   3.4e-05    0.0053   12.1   0.1   421   453   107   142    84   146 0.82 -
#
# Program:         hmmsearch
# Version:         3.1b2 (February 2015)
# Pipeline mode:   SEARCH
# Query file:      /home/bgerda/guppy_SUP/busco_downloads/lineages/glires_odb10/hmms/15853at314147.hmm
# Target file:     /home/bgerda/guppy_SUP/busco_results_racon/run_glires_odb10/metaeuk_output/initial_results/ragtag.scaffold.fasta.modified.fas
# Option settings: hmmsearch --domtblout /home/bgerda/guppy_SUP/busco_results_racon/run_glires_odb10/hmmer_output/initial_run_results/15853at314147.out --cpu 1 /home/bgerda/guppy_SUP/busco_downloads/lineages/glires_odb10/hmms/15853at314147.hmm /home/bgerda/guppy_SUP/busco_results_racon/run_glires_odb10/metaeuk_output/initial_results/ragtag.scaffold.fasta.modified.fas 
# Current dir:     /home/bgerda/guppy_SUP
# Date:            Sun May 21 17:05:41 2023
# [ok]
