#                                                                                             --- full sequence --- -------------- this domain -------------   hmm coord   ali coord   env coord
# target name                         accession   tlen query name           accession   qlen   E-value  score  bias   #  of  c-Evalue  i-Evalue  score  bias  from    to  from    to  from    to  acc description of target
#                 ------------------- ---------- ----- -------------------- ---------- ----- --------- ------ ----- --- --- --------- --------- ------ ----- ----- ----- ----- ----- ----- ----- ---- ---------------------
NW_025965307.1_RagTag:2156341-2156120 -             74 158at314147          -           3261     2e-31  103.7   0.2   1   1   1.5e-33   2.4e-31  103.5   0.2  1624  1685     1    64     1    68 0.95 -
NW_025965283.1_RagTag:55529-55365     -             55 158at314147          -           3261   5.5e-11   35.9   5.5   1   1   3.6e-13   5.7e-11   35.9   5.5   392   438     9    55     3    55 0.96 -
NW_025965084.1_RagTag:75928-76110     -             61 158at314147          -           3261   9.9e-09   28.5   0.1   1   1   6.4e-11     1e-08   28.4   0.1  1740  1790     4    57     1    61 0.50 -
NW_025965306.1_RagTag:228991-228791   -             67 158at314147          -           3261   7.6e-08   25.5   0.1   1   1   4.8e-10   7.6e-08   25.5   0.1  1735  1791     3    61     1    67 0.80 -
NW_025965259.1_RagTag:104497-103485   -            229 158at314147          -           3261   1.6e-07   24.4   0.0   1   2   4.3e-08   6.8e-06   19.0   0.0  1618  1681     1    64     1    80 0.89 -
NW_025965259.1_RagTag:104497-103485   -            229 158at314147          -           3261   1.6e-07   24.4   0.0   2   2    0.0021      0.33    3.5   0.0  2236  2296   167   227   162   229 0.61 -
NW_025965324.1_RagTag:2489990-2489691 -            100 158at314147          -           3261     6e-07   22.5  12.7   1   1   4.2e-09   6.6e-07   22.4  12.7   237   319    13    93     3    98 0.79 -
NW_025965149.1_RagTag:1561424-1562604 -            158 158at314147          -           3261   6.9e-05   15.7   0.0   1   1   5.5e-07   8.6e-05   15.4   0.0  1904  1946    87   129    81   153 0.50 -
NW_025965318.1_RagTag:869239-873625   -            203 158at314147          -           3261   0.00048   12.9  11.8   1   1   3.5e-06   0.00054   12.7  11.8   141   234    38   125    22   149 0.82 -
NW_025965099.1_RagTag:927970-927673   -             72 158at314147          -           3261    0.0051    9.5   5.5   1   1   2.6e-05     0.004    9.8   5.5   123   153     2    29     1    68 0.82 -
#
# Program:         hmmsearch
# Version:         3.1b2 (February 2015)
# Pipeline mode:   SEARCH
# Query file:      /home/bgerda/guppy_SUP/busco_downloads/lineages/glires_odb10/hmms/158at314147.hmm
# Target file:     /home/bgerda/guppy_SUP/busco_results_racon/run_glires_odb10/metaeuk_output/initial_results/ragtag.scaffold.fasta.modified.fas
# Option settings: hmmsearch --domtblout /home/bgerda/guppy_SUP/busco_results_racon/run_glires_odb10/hmmer_output/initial_run_results/158at314147.out --cpu 1 /home/bgerda/guppy_SUP/busco_downloads/lineages/glires_odb10/hmms/158at314147.hmm /home/bgerda/guppy_SUP/busco_results_racon/run_glires_odb10/metaeuk_output/initial_results/ragtag.scaffold.fasta.modified.fas 
# Current dir:     /home/bgerda/guppy_SUP
# Date:            Sun May 21 17:05:42 2023
# [ok]
