#                                                                                             --- full sequence --- -------------- this domain -------------   hmm coord   ali coord   env coord
# target name                         accession   tlen query name           accession   qlen   E-value  score  bias   #  of  c-Evalue  i-Evalue  score  bias  from    to  from    to  from    to  acc description of target
#                 ------------------- ---------- ----- -------------------- ---------- ----- --------- ------ ----- --- --- --------- --------- ------ ----- ----- ----- ----- ----- ----- ----- ---- ---------------------
NW_025965287.1_RagTag:1440000-1439407 -            196 16446at314147        -            461   2.6e-12   42.5   0.4   1   3     2e-06   0.00056   15.0   0.1   130   193     7    70     1    72 0.84 -
NW_025965287.1_RagTag:1440000-1439407 -            196 16446at314147        -            461   2.6e-12   42.5   0.4   2   3   2.5e-09     7e-07   24.6   0.0   116   196    35   116    31   120 0.89 -
NW_025965287.1_RagTag:1440000-1439407 -            196 16446at314147        -            461   2.6e-12   42.5   0.4   3   3     1e-05    0.0029   12.7   0.0   131   195    93   160    88   184 0.74 -
contig_13085_pilon:864-71             -            219 16446at314147        -            461   2.6e-11   39.2   0.6   1   3   0.00024     0.067    8.2   0.0    66    94    40    68    28    71 0.89 -
contig_13085_pilon:864-71             -            219 16446at314147        -            461   2.6e-11   39.2   0.6   2   3   9.7e-10   2.7e-07   25.9   0.0   118   192    71   144    68   150 0.90 -
contig_13085_pilon:864-71             -            219 16446at314147        -            461   2.6e-11   39.2   0.6   3   3     0.011       3.2    2.7   0.0   132   162   158   188   152   213 0.78 -
NW_025965155.1_RagTag:64307-63339     -            323 16446at314147        -            461   0.00068   14.8   0.4   1   3     0.011       3.1    2.7   0.0    61    97    18    54    10    64 0.79 -
NW_025965155.1_RagTag:64307-63339     -            323 16446at314147        -            461   0.00068   14.8   0.4   2   3   0.00018      0.05    8.6   0.1   132   195   157   221   140   229 0.86 -
NW_025965155.1_RagTag:64307-63339     -            323 16446at314147        -            461   0.00068   14.8   0.4   3   3      0.19        52   -1.4   0.0    62    90   289   317   239   320 0.67 -
NW_025965114.1_RagTag:27851-27678     -             58 16446at314147        -            461     0.005   11.9   0.0   1   1   1.9e-05    0.0053   11.8   0.0   119   154     9    44     4    53 0.68 -
NW_025965321.1_RagTag:2929906-2929208 -            233 16446at314147        -            461    0.0081   11.2   0.1   1   2     8e-05     0.023    9.7   0.0    18    90    14    85     8    99 0.78 -
NW_025965321.1_RagTag:2929906-2929208 -            233 16446at314147        -            461    0.0081   11.2   0.1   2   2      0.16        46   -1.2   0.0    76    90   113   127    87   133 0.82 -
#
# Program:         hmmsearch
# Version:         3.1b2 (February 2015)
# Pipeline mode:   SEARCH
# Query file:      /home/bgerda/guppy_SUP/busco_downloads/lineages/glires_odb10/hmms/16446at314147.hmm
# Target file:     /home/bgerda/guppy_SUP/busco_results_racon/run_glires_odb10/metaeuk_output/initial_results/ragtag.scaffold.fasta.modified.fas
# Option settings: hmmsearch --domtblout /home/bgerda/guppy_SUP/busco_results_racon/run_glires_odb10/hmmer_output/initial_run_results/16446at314147.out --cpu 1 /home/bgerda/guppy_SUP/busco_downloads/lineages/glires_odb10/hmms/16446at314147.hmm /home/bgerda/guppy_SUP/busco_results_racon/run_glires_odb10/metaeuk_output/initial_results/ragtag.scaffold.fasta.modified.fas 
# Current dir:     /home/bgerda/guppy_SUP
# Date:            Sun May 21 17:05:41 2023
# [ok]
