#                                                                                             --- full sequence --- -------------- this domain -------------   hmm coord   ali coord   env coord
# target name                         accession   tlen query name           accession   qlen   E-value  score  bias   #  of  c-Evalue  i-Evalue  score  bias  from    to  from    to  from    to  acc description of target
#                 ------------------- ---------- ----- -------------------- ---------- ----- --------- ------ ----- --- --- --------- --------- ------ ----- ----- ----- ----- ----- ----- ----- ---- ---------------------
NW_025965207.1_RagTag:131712-135390   -            174 17152at314147        -            544   0.00044   15.0   0.0   1   1   1.8e-06    0.0005   14.8   0.0   260   316    27    89     9   114 0.72 -
NW_025965324.1_RagTag:3135656-3134700 -            319 17152at314147        -            544    0.0014   13.3   0.0   1   2   0.00016     0.044    8.4   0.0   395   431     5    41     2    64 0.76 -
NW_025965324.1_RagTag:3135656-3134700 -            319 17152at314147        -            544    0.0014   13.3   0.0   2   2    0.0074       2.1    2.9   0.0   132   150   253   271   217   288 0.91 -
NW_025965324.1_RagTag:3129261-3128131 -            377 17152at314147        -            544    0.0024   12.5   2.5   1   4    0.0019      0.53    4.8   0.0   309   347    18    56     3    65 0.72 -
NW_025965324.1_RagTag:3129261-3128131 -            377 17152at314147        -            544    0.0024   12.5   2.5   2   4    0.0079       2.2    2.8   0.0    61   102    59    99    49   107 0.79 -
NW_025965324.1_RagTag:3129261-3128131 -            377 17152at314147        -            544    0.0024   12.5   2.5   3   4     0.027       7.6    1.0   0.0   127   149   166   187   159   197 0.74 -
NW_025965324.1_RagTag:3129261-3128131 -            377 17152at314147        -            544    0.0024   12.5   2.5   4   4     0.089        25   -0.7   0.0   312   350   299   337   293   366 0.70 -
NW_025965324.1_RagTag:3107487-3106888 -            200 17152at314147        -            544    0.0031   12.2   0.2   1   2    0.0036         1    3.9   0.1   315   349     6    40     2    48 0.80 -
NW_025965324.1_RagTag:3107487-3106888 -            200 17152at314147        -            544    0.0031   12.2   0.2   2   2   0.00059      0.17    6.5   0.0    67   107    47    86    42    93 0.89 -
NW_025965548.1_RagTag:8433-1774       -            515 17152at314147        -            544    0.0071   11.0   0.2   1   3    0.0027      0.76    4.3   0.0   131   147    29    45    16    53 0.74 -
NW_025965548.1_RagTag:8433-1774       -            515 17152at314147        -            544    0.0071   11.0   0.2   2   3    0.0041       1.2    3.7   0.0   264   336    65   142    47   153 0.80 -
NW_025965548.1_RagTag:8433-1774       -            515 17152at314147        -            544    0.0071   11.0   0.2   3   3      0.44   1.2e+02   -3.0   0.0   348   361   180   193   171   196 0.62 -
#
# Program:         hmmsearch
# Version:         3.1b2 (February 2015)
# Pipeline mode:   SEARCH
# Query file:      /home/bgerda/guppy_SUP/busco_downloads/lineages/glires_odb10/hmms/17152at314147.hmm
# Target file:     /home/bgerda/guppy_SUP/busco_results_racon/run_glires_odb10/metaeuk_output/initial_results/ragtag.scaffold.fasta.modified.fas
# Option settings: hmmsearch --domtblout /home/bgerda/guppy_SUP/busco_results_racon/run_glires_odb10/hmmer_output/initial_run_results/17152at314147.out --cpu 1 /home/bgerda/guppy_SUP/busco_downloads/lineages/glires_odb10/hmms/17152at314147.hmm /home/bgerda/guppy_SUP/busco_results_racon/run_glires_odb10/metaeuk_output/initial_results/ragtag.scaffold.fasta.modified.fas 
# Current dir:     /home/bgerda/guppy_SUP
# Date:            Sun May 21 17:05:41 2023
# [ok]
