#                                                                                             --- full sequence --- -------------- this domain -------------   hmm coord   ali coord   env coord
# target name                         accession   tlen query name           accession   qlen   E-value  score  bias   #  of  c-Evalue  i-Evalue  score  bias  from    to  from    to  from    to  acc description of target
#                 ------------------- ---------- ----- -------------------- ---------- ----- --------- ------ ----- --- --- --------- --------- ------ ----- ----- ----- ----- ----- ----- ----- ---- ---------------------
contig_4568_pilon:1301-1600           -            100 17591at314147        -            398   6.2e-12   41.4   2.0   1   1   4.2e-14   6.6e-12   41.3   2.0     7    66     1    62     1    90 0.84 -
NW_025965319.1_RagTag:4123940-4123488 -            151 17591at314147        -            398   5.2e-10   35.1   1.4   1   1   4.2e-12   6.6e-10   34.7   1.4     6    71    41   107    36   115 0.86 -
NW_025965322.1_RagTag:1227246-1228454 -            403 17591at314147        -            398   2.5e-05   19.6   0.5   1   1   3.1e-07   4.9e-05   18.7   0.5     6    54     6    64     4    99 0.63 -
NW_025965314.1_RagTag:573152-572469   -            228 17591at314147        -            398   9.4e-05   17.8   1.4   1   1     8e-07   0.00013   17.3   1.4     8    63    19    74    13    92 0.80 -
NW_025965075.1_RagTag:65339-58346     -            349 17591at314147        -            398   0.00014   17.1   3.3   1   1   1.4e-06   0.00023   16.5   3.3     7    71    48   112    44   133 0.82 -
NW_025965225.1_RagTag:584155-583874   -             94 17591at314147        -            398   0.00021   16.6   3.9   1   1   1.4e-06   0.00023   16.5   3.9     8    50     3    44     1    68 0.89 -
NW_025965309.1_RagTag:3290555-3290193 -            121 17591at314147        -            398    0.0044   12.3   1.5   1   1   3.3e-05    0.0052   12.0   1.5     9    54    62   112    57   119 0.64 -
NW_025965245.1_RagTag:400173-400936   -            124 17591at314147        -            398    0.0073   11.5   2.8   1   1   5.1e-05     0.008   11.4   2.8     6    47     6    47     2    94 0.84 -
contig_83093_pilon:417-680            -             88 17591at314147        -            398     0.031    9.5   2.3   1   1   0.00024     0.037    9.2   2.3    21    51    53    81    34    85 0.73 -
#
# Program:         hmmsearch
# Version:         3.1b2 (February 2015)
# Pipeline mode:   SEARCH
# Query file:      /home/bgerda/guppy_SUP/busco_downloads/lineages/glires_odb10/hmms/17591at314147.hmm
# Target file:     /home/bgerda/guppy_SUP/busco_results_racon/run_glires_odb10/metaeuk_output/initial_results/ragtag.scaffold.fasta.modified.fas
# Option settings: hmmsearch --domtblout /home/bgerda/guppy_SUP/busco_results_racon/run_glires_odb10/hmmer_output/initial_run_results/17591at314147.out --cpu 1 /home/bgerda/guppy_SUP/busco_downloads/lineages/glires_odb10/hmms/17591at314147.hmm /home/bgerda/guppy_SUP/busco_results_racon/run_glires_odb10/metaeuk_output/initial_results/ragtag.scaffold.fasta.modified.fas 
# Current dir:     /home/bgerda/guppy_SUP
# Date:            Sun May 21 17:05:42 2023
# [ok]
