#                                                                                             --- full sequence --- -------------- this domain -------------   hmm coord   ali coord   env coord
# target name                         accession   tlen query name           accession   qlen   E-value  score  bias   #  of  c-Evalue  i-Evalue  score  bias  from    to  from    to  from    to  acc description of target
#                 ------------------- ---------- ----- -------------------- ---------- ----- --------- ------ ----- --- --- --------- --------- ------ ----- ----- ----- ----- ----- ----- ----- ---- ---------------------
NW_025965313.1_RagTag:82152-83454     -            215 17663at314147        -            423   1.6e-08   30.3   0.0   1   1   2.2e-10   2.6e-08   29.5   0.0   142   301    42   207    35   211 0.76 -
NW_025965352.1_RagTag:102445-104127   -            319 17663at314147        -            423     3e-06   22.7   0.4   1   1   2.2e-07   2.6e-05   19.7   0.4   209   345   126   256    23   275 0.73 -
NW_025965548.1_RagTag:8433-1774       -            515 17663at314147        -            423   3.1e-05   19.4   0.2   1   1   5.3e-06   0.00062   15.1   0.2   251   285   369   403   347   506 0.79 -
contig_66008_pilon:1779-2636          -            286 17663at314147        -            423   0.00011   17.7   0.0   1   1   4.3e-06   0.00051   15.4   0.0   206   313    63   151     3   234 0.61 -
NW_025965099.1_RagTag:14363-15274     -            304 17663at314147        -            423   0.00034   16.0   0.2   1   1   6.3e-06   0.00075   14.9   0.2   249   283   142   176    55   218 0.86 -
NW_025965233.1_RagTag:114859-113462   -            466 17663at314147        -            423   0.00037   15.9   0.0   1   1   5.4e-06   0.00063   15.1   0.0   247   287   119   160    33   172 0.69 -
NW_025965499.1_RagTag:3791-2706       -            362 17663at314147        -            423   0.00087   14.6   0.1   1   1   1.2e-05    0.0014   13.9   0.1   249   282   132   165    42   190 0.90 -
NW_025965309.1_RagTag:3330510-3327790 -            323 17663at314147        -            423    0.0027   13.0   0.0   1   1   9.9e-05     0.012   10.9   0.0   253   342   239   312   232   317 0.78 -
contig_34309_pilon:592-2              -            197 17663at314147        -            423    0.0028   13.0   0.1   1   1   4.7e-05    0.0055   12.0   0.1   228   281   110   155    18   186 0.66 -
contig_31429_pilon:462-998            -            179 17663at314147        -            423    0.0033   12.7   0.1   1   1   0.00011     0.013   10.8   0.1   249   341    42   116    36   137 0.71 -
NW_025965279.1_RagTag:78582-79082     -            167 17663at314147        -            423     0.011   11.1   0.0   1   1   0.00012     0.014   10.7   0.0   249   281    23    55    10    81 0.81 -
contig_37224_pilon:1693-2424          -            244 17663at314147        -            423     0.015   10.6   0.0   1   1   0.00019     0.023   10.0   0.0   249   280   114   145   108   162 0.89 -
#
# Program:         hmmsearch
# Version:         3.1b2 (February 2015)
# Pipeline mode:   SEARCH
# Query file:      /home/bgerda/guppy_SUP/busco_downloads/lineages/glires_odb10/hmms/17663at314147.hmm
# Target file:     /home/bgerda/guppy_SUP/busco_results_racon/run_glires_odb10/metaeuk_output/initial_results/ragtag.scaffold.fasta.modified.fas
# Option settings: hmmsearch --domtblout /home/bgerda/guppy_SUP/busco_results_racon/run_glires_odb10/hmmer_output/initial_run_results/17663at314147.out --cpu 1 /home/bgerda/guppy_SUP/busco_downloads/lineages/glires_odb10/hmms/17663at314147.hmm /home/bgerda/guppy_SUP/busco_results_racon/run_glires_odb10/metaeuk_output/initial_results/ragtag.scaffold.fasta.modified.fas 
# Current dir:     /home/bgerda/guppy_SUP
# Date:            Sun May 21 17:05:43 2023
# [ok]
