#                                                                                             --- full sequence --- -------------- this domain -------------   hmm coord   ali coord   env coord
# target name                         accession   tlen query name           accession   qlen   E-value  score  bias   #  of  c-Evalue  i-Evalue  score  bias  from    to  from    to  from    to  acc description of target
#                 ------------------- ---------- ----- -------------------- ---------- ----- --------- ------ ----- --- --- --------- --------- ------ ----- ----- ----- ----- ----- ----- ----- ---- ---------------------
NW_025965287.1_RagTag:1440000-1439407 -            196 18709at314147        -            362     6e-12   41.4   0.5   1   2     2e-10   7.2e-08   28.0   0.1   184   252     4    72     1    90 0.93 -
NW_025965287.1_RagTag:1440000-1439407 -            196 18709at314147        -            362     6e-12   41.4   0.5   2   2   1.7e-05    0.0059   11.8   0.0   119   182    99   163    88   189 0.75 -
contig_13085_pilon:864-71             -            219 18709at314147        -            362     2e-11   39.7   0.5   1   3     0.011       3.7    2.6   0.0   219   251    35    63    24    65 0.75 -
contig_13085_pilon:864-71             -            219 18709at314147        -            362     2e-11   39.7   0.5   2   3   1.7e-12   5.9e-10   34.9   0.2   159   261    55   158    50   166 0.85 -
contig_13085_pilon:864-71             -            219 18709at314147        -            362     2e-11   39.7   0.5   3   3    0.0052       1.8    3.6   0.0    26    61   156   191   144   207 0.78 -
NW_025965155.1_RagTag:64307-63339     -            323 18709at314147        -            362     1e-05   20.9   0.4   1   3    0.0017       0.6    5.2   0.0   184   252    21    92    12   123 0.75 -
NW_025965155.1_RagTag:64307-63339     -            323 18709at314147        -            362     1e-05   20.9   0.4   2   3   7.3e-05     0.026    9.7   0.0   182   252   109   178    95   188 0.84 -
NW_025965155.1_RagTag:64307-63339     -            323 18709at314147        -            362     1e-05   20.9   0.4   3   3   0.00014     0.048    8.8   0.1   258   343   131   220   130   236 0.72 -
NW_025965114.1_RagTag:27851-27678     -             58 18709at314147        -            362   0.00047   15.4   0.0   1   1   1.4e-06   0.00048   15.4   0.0   217   253     8    44     2    53 0.81 -
#
# Program:         hmmsearch
# Version:         3.1b2 (February 2015)
# Pipeline mode:   SEARCH
# Query file:      /home/bgerda/guppy_SUP/busco_downloads/lineages/glires_odb10/hmms/18709at314147.hmm
# Target file:     /home/bgerda/guppy_SUP/busco_results_racon/run_glires_odb10/metaeuk_output/initial_results/ragtag.scaffold.fasta.modified.fas
# Option settings: hmmsearch --domtblout /home/bgerda/guppy_SUP/busco_results_racon/run_glires_odb10/hmmer_output/initial_run_results/18709at314147.out --cpu 1 /home/bgerda/guppy_SUP/busco_downloads/lineages/glires_odb10/hmms/18709at314147.hmm /home/bgerda/guppy_SUP/busco_results_racon/run_glires_odb10/metaeuk_output/initial_results/ragtag.scaffold.fasta.modified.fas 
# Current dir:     /home/bgerda/guppy_SUP
# Date:            Sun May 21 17:05:42 2023
# [ok]
