#                                                                                             --- full sequence --- -------------- this domain -------------   hmm coord   ali coord   env coord
# target name                         accession   tlen query name           accession   qlen   E-value  score  bias   #  of  c-Evalue  i-Evalue  score  bias  from    to  from    to  from    to  acc description of target
#                 ------------------- ---------- ----- -------------------- ---------- ----- --------- ------ ----- --- --- --------- --------- ------ ----- ----- ----- ----- ----- ----- ----- ---- ---------------------
NW_025965075.1_RagTag:18127-23307     -            380 18785at314147        -            518   8.1e-13   44.3   0.6   1   1   1.4e-14     2e-12   43.0   0.6   446   511   303   368   285   372 0.84 -
contig_83093_pilon:417-680            -             88 18785at314147        -            518   2.2e-12   42.9   0.7   1   1   1.8e-14   2.5e-12   42.7   0.7   469   511    38    80    25    85 0.94 -
contig_5411_pilon:437-201             -             79 18785at314147        -            518   4.2e-12   41.9   0.5   1   1   3.2e-14   4.5e-12   41.8   0.5   468   511    28    71     4    76 0.81 -
NW_025965314.1_RagTag:614962-614699   -             88 18785at314147        -            518   5.8e-12   41.5   0.4   1   1   4.6e-14   6.5e-12   41.3   0.4   468   511    37    80    13    85 0.81 -
NW_025965308.1_RagTag:924163-923777   -            129 18785at314147        -            518   1.3e-08   30.4   1.0   1   1   1.1e-10   1.5e-08   30.2   1.0   469   510    73   114    52   120 0.90 -
NW_025965309.1_RagTag:3290555-3290193 -            121 18785at314147        -            518   0.00018   16.8   3.4   1   1   1.4e-06   0.00019   16.7   2.9   458   511    47   108    41   113 0.79 -
NW_025965322.1_RagTag:1227246-1228454 -            403 18785at314147        -            518    0.0075   11.4   0.6   1   1   7.7e-05     0.011   10.9   0.6   466   511     6    48     2    55 0.85 -
NW_025965287.1_RagTag:1342617-1340375 -            588 18785at314147        -            518    0.0094   11.1   0.3   1   1   0.00012     0.017   10.2   0.3   410   512   362   473   355   477 0.75 -
NW_025965319.1_RagTag:4123940-4123488 -            151 18785at314147        -            518     0.046    8.8   5.0   1   1   0.00047     0.066    8.3   5.0   467   511    42    85    36    91 0.79 -
NW_025965314.1_RagTag:573152-572469   -            228 18785at314147        -            518      0.18    6.8   7.2   1   1    0.0018      0.25    6.4   7.2   469   513    20    62    14    66 0.81 -
#
# Program:         hmmsearch
# Version:         3.1b2 (February 2015)
# Pipeline mode:   SEARCH
# Query file:      /home/bgerda/guppy_SUP/busco_downloads/lineages/glires_odb10/hmms/18785at314147.hmm
# Target file:     /home/bgerda/guppy_SUP/busco_results_racon/run_glires_odb10/metaeuk_output/initial_results/ragtag.scaffold.fasta.modified.fas
# Option settings: hmmsearch --domtblout /home/bgerda/guppy_SUP/busco_results_racon/run_glires_odb10/hmmer_output/initial_run_results/18785at314147.out --cpu 1 /home/bgerda/guppy_SUP/busco_downloads/lineages/glires_odb10/hmms/18785at314147.hmm /home/bgerda/guppy_SUP/busco_results_racon/run_glires_odb10/metaeuk_output/initial_results/ragtag.scaffold.fasta.modified.fas 
# Current dir:     /home/bgerda/guppy_SUP
# Date:            Sun May 21 17:05:43 2023
# [ok]
