#                                                                                             --- full sequence --- -------------- this domain -------------   hmm coord   ali coord   env coord
# target name                         accession   tlen query name           accession   qlen   E-value  score  bias   #  of  c-Evalue  i-Evalue  score  bias  from    to  from    to  from    to  acc description of target
#                 ------------------- ---------- ----- -------------------- ---------- ----- --------- ------ ----- --- --- --------- --------- ------ ----- ----- ----- ----- ----- ----- ----- ---- ---------------------
NW_025965287.1_RagTag:1440000-1439407 -            196 19202at314147        -            365   1.6e-25   86.3   1.0   1   2     1e-13   2.4e-11   39.6   0.0   309   364     7    62     1    62 0.94 -
NW_025965287.1_RagTag:1440000-1439407 -            196 19202at314147        -            365   1.6e-25   86.3   1.0   2   2     2e-16   4.7e-14   48.5   0.4    77   167    59   157    57   192 0.79 -
contig_13085_pilon:864-71             -            219 19202at314147        -            365   3.1e-20   68.8   0.4   1   3   3.1e-06   0.00072   15.0   0.0   307   351    39    83    28    85 0.85 -
contig_13085_pilon:864-71             -            219 19202at314147        -            365   3.1e-20   68.8   0.4   2   3   3.6e-17   8.5e-15   50.9   0.0   290   364    64   137    40   138 0.89 -
contig_13085_pilon:864-71             -            219 19202at314147        -            365   3.1e-20   68.8   0.4   3   3   1.2e-05    0.0027   13.1   0.0   306   356   153   201   139   215 0.69 -
NW_025965321.1_RagTag:2929906-2929208 -            233 19202at314147        -            365   1.6e-08   30.3   0.1   1   2   0.00043       0.1    7.9   0.0   299   333     5    39     3    59 0.60 -
NW_025965321.1_RagTag:2929906-2929208 -            233 19202at314147        -            365   1.6e-08   30.3   0.1   2   2   1.2e-07   2.8e-05   19.6   0.0   120   173    76   130    67   140 0.87 -
NW_025965155.1_RagTag:64307-63339     -            323 19202at314147        -            365   6.7e-08   28.2   0.1   1   1   1.5e-09   3.6e-07   25.8   0.1   138   339    15   226     6   260 0.79 -
NW_025965310.1_RagTag:472250-484579   -            307 19202at314147        -            365   4.2e-07   25.6   0.4   1   2   1.3e-07   3.1e-05   19.5   0.0   275   363    90   184    81   186 0.83 -
NW_025965310.1_RagTag:472250-484579   -            307 19202at314147        -            365   4.2e-07   25.6   0.4   2   2    0.0048       1.1    4.5   0.1   302   335   219   253   205   297 0.53 -
NW_025965114.1_RagTag:27851-27678     -             58 19202at314147        -            365   1.5e-06   23.8   0.0   1   1   6.8e-09   1.6e-06   23.7   0.0   298   335     9    46     4    55 0.84 -
#
# Program:         hmmsearch
# Version:         3.1b2 (February 2015)
# Pipeline mode:   SEARCH
# Query file:      /home/bgerda/guppy_SUP/busco_downloads/lineages/glires_odb10/hmms/19202at314147.hmm
# Target file:     /home/bgerda/guppy_SUP/busco_results_racon/run_glires_odb10/metaeuk_output/initial_results/ragtag.scaffold.fasta.modified.fas
# Option settings: hmmsearch --domtblout /home/bgerda/guppy_SUP/busco_results_racon/run_glires_odb10/hmmer_output/initial_run_results/19202at314147.out --cpu 1 /home/bgerda/guppy_SUP/busco_downloads/lineages/glires_odb10/hmms/19202at314147.hmm /home/bgerda/guppy_SUP/busco_results_racon/run_glires_odb10/metaeuk_output/initial_results/ragtag.scaffold.fasta.modified.fas 
# Current dir:     /home/bgerda/guppy_SUP
# Date:            Sun May 21 17:05:43 2023
# [ok]
