#                                                                                             --- full sequence --- -------------- this domain -------------   hmm coord   ali coord   env coord
# target name                         accession   tlen query name           accession   qlen   E-value  score  bias   #  of  c-Evalue  i-Evalue  score  bias  from    to  from    to  from    to  acc description of target
#                 ------------------- ---------- ----- -------------------- ---------- ----- --------- ------ ----- --- --- --------- --------- ------ ----- ----- ----- ----- ----- ----- ----- ---- ---------------------
NW_025965304.1_RagTag:500663-500836   -             58 19483at314147        -            415   3.3e-15   52.1   2.1   1   1   1.2e-17   3.5e-15   52.1   2.1   183   237     3    57     1    58 0.96 -
NW_025965302.1_RagTag:531120-531287   -             56 19483at314147        -            415   4.5e-07   25.4  15.8   1   2    0.0089       2.5    3.1   1.4   264   279     2    17     1    17 0.93 -
NW_025965302.1_RagTag:531120-531287   -             56 19483at314147        -            415   4.5e-07   25.4  15.8   2   2   1.7e-09   4.7e-07   25.3  14.0   236   280    12    55     5    56 0.91 -
NW_025965324.1_RagTag:2498782-2498390 -            131 19483at314147        -            415   2.5e-05   19.6  29.1   1   3   3.8e-06    0.0011   14.2   7.4   249   278    21    51    10    58 0.84 -
NW_025965324.1_RagTag:2498782-2498390 -            131 19483at314147        -            415   2.5e-05   19.6  29.1   2   3   0.00033     0.094    7.8   8.9   248   279    61    92    51    99 0.88 -
NW_025965324.1_RagTag:2498782-2498390 -            131 19483at314147        -            415   2.5e-05   19.6  29.1   3   3   0.00095      0.27    6.3   1.2   249   276   103   131    95   131 0.85 -
NW_025965259.1_RagTag:104497-103485   -            229 19483at314147        -            415   0.00081   14.6  20.7   1   2   9.5e-06    0.0027   12.9   7.6   242   282    78   117    70   127 0.82 -
NW_025965259.1_RagTag:104497-103485   -            229 19483at314147        -            415   0.00081   14.6  20.7   2   2   0.00067      0.19    6.8   6.0   255   280   139   164   122   168 0.76 -
contig_39470_pilon:3676-4176          -            167 19483at314147        -            415    0.0011   14.2   8.2   1   2     4e-06    0.0011   14.2   8.2   244   279    16    51     7    55 0.88 -
contig_39470_pilon:3676-4176          -            167 19483at314147        -            415    0.0011   14.2   8.2   2   2     0.012       3.3    2.7   4.2   249   277    59    88    51   105 0.72 -
#
# Program:         hmmsearch
# Version:         3.1b2 (February 2015)
# Pipeline mode:   SEARCH
# Query file:      /home/bgerda/guppy_SUP/busco_downloads/lineages/glires_odb10/hmms/19483at314147.hmm
# Target file:     /home/bgerda/guppy_SUP/busco_results_racon/run_glires_odb10/metaeuk_output/initial_results/ragtag.scaffold.fasta.modified.fas
# Option settings: hmmsearch --domtblout /home/bgerda/guppy_SUP/busco_results_racon/run_glires_odb10/hmmer_output/initial_run_results/19483at314147.out --cpu 1 /home/bgerda/guppy_SUP/busco_downloads/lineages/glires_odb10/hmms/19483at314147.hmm /home/bgerda/guppy_SUP/busco_results_racon/run_glires_odb10/metaeuk_output/initial_results/ragtag.scaffold.fasta.modified.fas 
# Current dir:     /home/bgerda/guppy_SUP
# Date:            Sun May 21 17:05:43 2023
# [ok]
