#                                                                                             --- full sequence --- -------------- this domain -------------   hmm coord   ali coord   env coord
# target name                         accession   tlen query name           accession   qlen   E-value  score  bias   #  of  c-Evalue  i-Evalue  score  bias  from    to  from    to  from    to  acc description of target
#                 ------------------- ---------- ----- -------------------- ---------- ----- --------- ------ ----- --- --- --------- --------- ------ ----- ----- ----- ----- ----- ----- ----- ---- ---------------------
NW_025965324.1_RagTag:3111621-3104557 -            264 1951at314147         -           1367   3.3e-17   57.3   0.3   1   2   1.1e-10   2.7e-08   27.8   0.1   458   542     1    85     1   104 0.90 -
NW_025965324.1_RagTag:3111621-3104557 -            264 1951at314147         -           1367   3.3e-17   57.3   0.3   2   2   2.2e-10   5.2e-08   26.8   0.0   370   532   109   264    99   264 0.80 -
NW_025965324.1_RagTag:3129261-3128131 -            377 1951at314147         -           1367   2.8e-14   47.6   0.0   1   3   3.9e-08   9.1e-06   19.4   0.0   169   239    23    99     2   108 0.74 -
NW_025965324.1_RagTag:3129261-3128131 -            377 1951at314147         -           1367   2.8e-14   47.6   0.0   2   3   0.00049      0.11    5.8   0.0    70   152   151   234   130   266 0.62 -
NW_025965324.1_RagTag:3129261-3128131 -            377 1951at314147         -           1367   2.8e-14   47.6   0.0   3   3   5.3e-08   1.2e-05   19.0   0.0   158   239   289   377   285   377 0.70 -
NW_025965548.1_RagTag:8433-1774       -            515 1951at314147         -           1367   6.4e-12   39.8   0.0   1   1   2.9e-13   6.8e-11   36.4   0.0   260   434    19   208    15   216 0.77 -
NW_025965324.1_RagTag:3107487-3106888 -            200 1951at314147         -           1367   1.1e-10   35.7   0.1   1   1   2.7e-11   6.3e-09   29.9   0.1   371   533    12   169    11   182 0.77 -
NW_025965166.1_RagTag:64504-66200     -            195 1951at314147         -           1367   6.1e-07   23.3   2.0   1   2   3.6e-07   8.5e-05   16.2   0.2   170   303    20   156     4   158 0.73 -
NW_025965166.1_RagTag:64504-66200     -            195 1951at314147         -           1367   6.1e-07   23.3   2.0   2   2   2.3e-06   0.00055   13.5   0.1   406   539    52   185    52   191 0.80 -
NW_025965324.1_RagTag:3135656-3134700 -            319 1951at314147         -           1367   2.8e-05   17.8   0.1   1   2   7.9e-06    0.0019   11.7   0.1   168   242     3    83     1    92 0.70 -
NW_025965324.1_RagTag:3135656-3134700 -            319 1951at314147         -           1367   2.8e-05   17.8   0.1   2   2    0.0012      0.29    4.5   0.0   245   286   227   268   170   319 0.66 -
#
# Program:         hmmsearch
# Version:         3.1b2 (February 2015)
# Pipeline mode:   SEARCH
# Query file:      /home/bgerda/guppy_SUP/busco_downloads/lineages/glires_odb10/hmms/1951at314147.hmm
# Target file:     /home/bgerda/guppy_SUP/busco_results_racon/run_glires_odb10/metaeuk_output/initial_results/ragtag.scaffold.fasta.modified.fas
# Option settings: hmmsearch --domtblout /home/bgerda/guppy_SUP/busco_results_racon/run_glires_odb10/hmmer_output/initial_run_results/1951at314147.out --cpu 1 /home/bgerda/guppy_SUP/busco_downloads/lineages/glires_odb10/hmms/1951at314147.hmm /home/bgerda/guppy_SUP/busco_results_racon/run_glires_odb10/metaeuk_output/initial_results/ragtag.scaffold.fasta.modified.fas 
# Current dir:     /home/bgerda/guppy_SUP
# Date:            Sun May 21 17:05:44 2023
# [ok]
