#                                                                                             --- full sequence --- -------------- this domain -------------   hmm coord   ali coord   env coord
# target name                         accession   tlen query name           accession   qlen   E-value  score  bias   #  of  c-Evalue  i-Evalue  score  bias  from    to  from    to  from    to  acc description of target
#                 ------------------- ---------- ----- -------------------- ---------- ----- --------- ------ ----- --- --- --------- --------- ------ ----- ----- ----- ----- ----- ----- ----- ---- ---------------------
NW_025965287.1_RagTag:1440000-1439407 -            196 20016at314147        -            299   1.8e-15   53.4   2.2   1   2     3e-10   7.1e-08   28.5   0.5   119   196     6    81     1    94 0.88 -
NW_025965287.1_RagTag:1440000-1439407 -            196 20016at314147        -            299   1.8e-15   53.4   2.2   2   2   4.1e-09   9.7e-07   24.8   0.0   118   193    90   164    79   182 0.78 -
contig_13085_pilon:864-71             -            219 20016at314147        -            299   4.6e-13   45.5   0.7   1   3   1.6e-06   0.00037   16.3   0.1   229   295    35   101    22   101 0.93 -
contig_13085_pilon:864-71             -            219 20016at314147        -            299   4.6e-13   45.5   0.7   2   3   1.1e-08   2.6e-06   23.4   0.1   121   180    84   140    79   150 0.83 -
contig_13085_pilon:864-71             -            219 20016at314147        -            299   4.6e-13   45.5   0.7   3   3   0.00015     0.036    9.8   0.0   119   178   155   212   148   218 0.83 -
NW_025965310.1_RagTag:472250-484579   -            307 20016at314147        -            299   1.2e-05   21.1   2.1   1   2   6.6e-06    0.0016   14.2   0.1   117   207   124   227    94   230 0.74 -
NW_025965310.1_RagTag:472250-484579   -            307 20016at314147        -            299   1.2e-05   21.1   2.1   2   2     0.001      0.24    7.0   0.3    37    72   234   269   215   292 0.79 -
NW_025965155.1_RagTag:64307-63339     -            323 20016at314147        -            299   1.9e-05   20.5   0.4   1   2      0.09        21    0.7   0.0   236   285    69   122    53   137 0.68 -
NW_025965155.1_RagTag:64307-63339     -            323 20016at314147        -            299   1.9e-05   20.5   0.4   2   2   1.1e-06   0.00026   16.8   0.2   103   194   137   226   129   240 0.72 -
NW_025965321.1_RagTag:2929906-2929208 -            233 20016at314147        -            299    0.0025   13.6   0.2   1   2   6.2e-05     0.015   11.0   0.1   110   200     5    97     2   106 0.76 -
NW_025965321.1_RagTag:2929906-2929208 -            233 20016at314147        -            299    0.0025   13.6   0.2   2   2   0.00022     0.052    9.2   0.1   129   186    71   126    66   132 0.80 -
NW_025965114.1_RagTag:27851-27678     -             58 20016at314147        -            299    0.0025   13.6   0.0   1   1   1.2e-05    0.0028   13.4   0.0    19    65     9    55     5    57 0.84 -
#
# Program:         hmmsearch
# Version:         3.1b2 (February 2015)
# Pipeline mode:   SEARCH
# Query file:      /home/bgerda/guppy_SUP/busco_downloads/lineages/glires_odb10/hmms/20016at314147.hmm
# Target file:     /home/bgerda/guppy_SUP/busco_results_racon/run_glires_odb10/metaeuk_output/initial_results/ragtag.scaffold.fasta.modified.fas
# Option settings: hmmsearch --domtblout /home/bgerda/guppy_SUP/busco_results_racon/run_glires_odb10/hmmer_output/initial_run_results/20016at314147.out --cpu 1 /home/bgerda/guppy_SUP/busco_downloads/lineages/glires_odb10/hmms/20016at314147.hmm /home/bgerda/guppy_SUP/busco_results_racon/run_glires_odb10/metaeuk_output/initial_results/ragtag.scaffold.fasta.modified.fas 
# Current dir:     /home/bgerda/guppy_SUP
# Date:            Sun May 21 17:05:47 2023
# [ok]
