#                                                                                             --- full sequence --- -------------- this domain -------------   hmm coord   ali coord   env coord
# target name                         accession   tlen query name           accession   qlen   E-value  score  bias   #  of  c-Evalue  i-Evalue  score  bias  from    to  from    to  from    to  acc description of target
#                 ------------------- ---------- ----- -------------------- ---------- ----- --------- ------ ----- --- --- --------- --------- ------ ----- ----- ----- ----- ----- ----- ----- ---- ---------------------
NW_025965548.1_RagTag:8433-1774       -            515 21477at314147        -            391   0.00012   17.6   0.0   1   2   2.2e-05      0.01   11.1   0.0   248   314    24   103    17   111 0.81 -
NW_025965548.1_RagTag:8433-1774       -            515 21477at314147        -            391   0.00012   17.6   0.0   2   2    0.0036       1.7    3.9   0.0    46   119   115   191   109   200 0.65 -
NW_025965324.1_RagTag:3129261-3128131 -            377 21477at314147        -            391    0.0022   13.3   5.4   1   5   0.00016     0.077    8.3   0.1   154   217    27    89    18   101 0.79 -
NW_025965324.1_RagTag:3129261-3128131 -            377 21477at314147        -            391    0.0022   13.3   5.4   2   5    0.0024       1.1    4.5   0.2   274   326    64   118    60   132 0.66 -
NW_025965324.1_RagTag:3129261-3128131 -            377 21477at314147        -            391    0.0022   13.3   5.4   3   5     0.026        12    1.0   0.0    98   130   197   228   161   248 0.54 -
NW_025965324.1_RagTag:3129261-3128131 -            377 21477at314147        -            391    0.0022   13.3   5.4   4   5      0.11        51   -1.0   0.0   156   179   307   329   299   334 0.85 -
NW_025965324.1_RagTag:3129261-3128131 -            377 21477at314147        -            391    0.0022   13.3   5.4   5   5     0.012       5.7    2.1   0.1   282   301   350   369   342   377 0.81 -
NW_025965060.1_RagTag:51624-47830     -            167 21477at314147        -            391    0.0048   12.2   0.2   1   2   0.00034      0.16    7.2   0.1   238   296    10    71     4   118 0.77 -
NW_025965060.1_RagTag:51624-47830     -            167 21477at314147        -            391    0.0048   12.2   0.2   2   2    0.0046       2.1    3.5   0.0    57    92   124   159   110   164 0.84 -
#
# Program:         hmmsearch
# Version:         3.1b2 (February 2015)
# Pipeline mode:   SEARCH
# Query file:      /home/bgerda/guppy_SUP/busco_downloads/lineages/glires_odb10/hmms/21477at314147.hmm
# Target file:     /home/bgerda/guppy_SUP/busco_results_racon/run_glires_odb10/metaeuk_output/initial_results/ragtag.scaffold.fasta.modified.fas
# Option settings: hmmsearch --domtblout /home/bgerda/guppy_SUP/busco_results_racon/run_glires_odb10/hmmer_output/initial_run_results/21477at314147.out --cpu 1 /home/bgerda/guppy_SUP/busco_downloads/lineages/glires_odb10/hmms/21477at314147.hmm /home/bgerda/guppy_SUP/busco_results_racon/run_glires_odb10/metaeuk_output/initial_results/ragtag.scaffold.fasta.modified.fas 
# Current dir:     /home/bgerda/guppy_SUP
# Date:            Sun May 21 17:05:43 2023
# [ok]
