#                                                                                             --- full sequence --- -------------- this domain -------------   hmm coord   ali coord   env coord
# target name                         accession   tlen query name           accession   qlen   E-value  score  bias   #  of  c-Evalue  i-Evalue  score  bias  from    to  from    to  from    to  acc description of target
#                 ------------------- ---------- ----- -------------------- ---------- ----- --------- ------ ----- --- --- --------- --------- ------ ----- ----- ----- ----- ----- ----- ----- ---- ---------------------
NW_025965319.1_RagTag:4123940-4123488 -            151 21520at314147        -            413     5e-05   18.5   0.6   1   1   3.8e-07   5.9e-05   18.2   0.6     6    51    44    86    39   112 0.83 -
NW_025965314.1_RagTag:614962-614699   -             88 21520at314147        -            413   9.7e-05   17.5   1.0   1   1   7.8e-07   0.00012   17.2   1.0     6    53    38    83    34    86 0.90 -
NW_025965309.1_RagTag:3290555-3290193 -            121 21520at314147        -            413   0.00014   17.0   1.6   1   1   1.2e-06   0.00019   16.6   1.6    11    56    71   114    60   117 0.79 -
contig_83093_pilon:417-680            -             88 21520at314147        -            413   0.00023   16.3   1.1   1   1   1.8e-06   0.00029   16.0   1.1     6    53    38    83    34    86 0.89 -
contig_5411_pilon:437-201             -             79 21520at314147        -            413   0.00025   16.2   0.9   1   1   1.9e-06    0.0003   15.9   0.9     6    53    29    74    25    77 0.87 -
NW_025965314.1_RagTag:573152-572469   -            228 21520at314147        -            413   0.00088   14.4   0.8   1   1   9.5e-06    0.0015   13.6   0.8     9    60    23    70    18    93 0.78 -
contig_4568_pilon:1301-1600           -            100 21520at314147        -            413    0.0028   12.7   1.7   1   1   1.9e-05     0.003   12.6   1.7    18    54    12    49     2    86 0.75 -
NW_025965308.1_RagTag:924163-923777   -            129 21520at314147        -            413    0.0041   12.2   1.6   1   1   3.6e-05    0.0057   11.7   1.6     7    50    74   115    69   121 0.87 -
NW_025965075.1_RagTag:18127-23307     -            380 21520at314147        -            413    0.0068   11.5   1.6   1   1   6.7e-05     0.011   10.8   1.6     6    51   326   369   322   376 0.83 -
#
# Program:         hmmsearch
# Version:         3.1b2 (February 2015)
# Pipeline mode:   SEARCH
# Query file:      /home/bgerda/guppy_SUP/busco_downloads/lineages/glires_odb10/hmms/21520at314147.hmm
# Target file:     /home/bgerda/guppy_SUP/busco_results_racon/run_glires_odb10/metaeuk_output/initial_results/ragtag.scaffold.fasta.modified.fas
# Option settings: hmmsearch --domtblout /home/bgerda/guppy_SUP/busco_results_racon/run_glires_odb10/hmmer_output/initial_run_results/21520at314147.out --cpu 1 /home/bgerda/guppy_SUP/busco_downloads/lineages/glires_odb10/hmms/21520at314147.hmm /home/bgerda/guppy_SUP/busco_results_racon/run_glires_odb10/metaeuk_output/initial_results/ragtag.scaffold.fasta.modified.fas 
# Current dir:     /home/bgerda/guppy_SUP
# Date:            Sun May 21 17:05:45 2023
# [ok]
