#                                                                                             --- full sequence --- -------------- this domain -------------   hmm coord   ali coord   env coord
# target name                         accession   tlen query name           accession   qlen   E-value  score  bias   #  of  c-Evalue  i-Evalue  score  bias  from    to  from    to  from    to  acc description of target
#                 ------------------- ---------- ----- -------------------- ---------- ----- --------- ------ ----- --- --- --------- --------- ------ ----- ----- ----- ----- ----- ----- ----- ---- ---------------------
NW_025965322.1_RagTag:1227246-1228454 -            403 22475at314147        -            346  3.6e-205  676.7  22.8   1   2  1.4e-195  2.8e-193  637.6   9.8     1   301     1   312     1   315 0.97 -
NW_025965322.1_RagTag:1227246-1228454 -            403 22475at314147        -            346  3.6e-205  676.7  22.8   2   2   1.9e-15   3.9e-13   45.1   5.1   294   345   327   385   320   386 0.86 -
NW_025965245.1_RagTag:400173-400936   -            124 22475at314147        -            346   7.3e-21   70.5  11.1   1   2   1.8e-16   3.6e-14   48.5   3.3     1    76     1    76     1    78 0.88 -
NW_025965245.1_RagTag:400173-400936   -            124 22475at314147        -            346   7.3e-21   70.5  11.1   2   2   2.7e-10   5.4e-08   28.2   1.0    95   140    77   122    74   124 0.93 -
contig_4568_pilon:1301-1600           -            100 22475at314147        -            346   5.5e-08   28.2   4.5   1   1     4e-10   8.1e-08   27.6   4.5     7    96     1    84     1    96 0.76 -
NW_025965319.1_RagTag:4123940-4123488 -            151 22475at314147        -            346   6.5e-08   28.0   8.8   1   1   4.7e-09   9.5e-07   24.1   8.8     3   120    38   147    36   150 0.74 -
NW_025965209.1_RagTag:161057-161341   -             95 22475at314147        -            346   1.2e-07   27.1   0.5   1   1   7.3e-10   1.5e-07   26.8   0.5     8    37    27    56    22    62 0.91 -
NW_025965075.1_RagTag:65339-58346     -            349 22475at314147        -            346   2.2e-06   22.9   1.3   1   1   1.6e-08   3.2e-06   22.4   1.3     4    41    45    82    42   117 0.87 -
NW_025965225.1_RagTag:584155-583874   -             94 22475at314147        -            346   0.00022   16.4   5.3   1   1   1.1e-06   0.00022   16.4   5.3     8    44     3    39     1    86 0.90 -
#
# Program:         hmmsearch
# Version:         3.1b2 (February 2015)
# Pipeline mode:   SEARCH
# Query file:      /home/bgerda/guppy_SUP/busco_downloads/lineages/glires_odb10/hmms/22475at314147.hmm
# Target file:     /home/bgerda/guppy_SUP/busco_results_racon/run_glires_odb10/metaeuk_output/initial_results/ragtag.scaffold.fasta.modified.fas
# Option settings: hmmsearch --domtblout /home/bgerda/guppy_SUP/busco_results_racon/run_glires_odb10/hmmer_output/initial_run_results/22475at314147.out --cpu 1 /home/bgerda/guppy_SUP/busco_downloads/lineages/glires_odb10/hmms/22475at314147.hmm /home/bgerda/guppy_SUP/busco_results_racon/run_glires_odb10/metaeuk_output/initial_results/ragtag.scaffold.fasta.modified.fas 
# Current dir:     /home/bgerda/guppy_SUP
# Date:            Sun May 21 17:05:43 2023
# [ok]
