#                                                                                             --- full sequence --- -------------- this domain -------------   hmm coord   ali coord   env coord
# target name                         accession   tlen query name           accession   qlen   E-value  score  bias   #  of  c-Evalue  i-Evalue  score  bias  from    to  from    to  from    to  acc description of target
#                 ------------------- ---------- ----- -------------------- ---------- ----- --------- ------ ----- --- --- --------- --------- ------ ----- ----- ----- ----- ----- ----- ----- ---- ---------------------
NW_025965321.1_RagTag:1193121-1192426 -            232 22944at314147        -            185   8.6e-11   38.6   0.0   1   4    0.0013      0.46    6.9   0.0   137   174     6    43     3    49 0.86 -
NW_025965321.1_RagTag:1193121-1192426 -            232 22944at314147        -            185   8.6e-11   38.6   0.0   2   4   0.00048      0.17    8.3   0.2   130   172    46    88    41   101 0.81 -
NW_025965321.1_RagTag:1193121-1192426 -            232 22944at314147        -            185   8.6e-11   38.6   0.0   3   4     4e-07   0.00014   18.3   0.0    19   105    96   190    79   196 0.70 -
NW_025965321.1_RagTag:1193121-1192426 -            232 22944at314147        -            185   8.6e-11   38.6   0.0   4   4    0.0021      0.75    6.2   0.0    26    88   155   219   148   230 0.72 -
NW_025965250.1_RagTag:114576-111308   -            306 22944at314147        -            185   1.9e-07   27.7   0.0   1   1   2.2e-08   7.8e-06   22.4   0.0     4   159   119   288   116   302 0.76 -
NW_025965317.1_RagTag:3691843-3692553 -            237 22944at314147        -            185   1.3e-05   21.7   0.0   1   2   8.6e-06     0.003   14.0   0.0    29   103   102   184    79   188 0.77 -
NW_025965317.1_RagTag:3691843-3692553 -            237 22944at314147        -            185   1.3e-05   21.7   0.0   2   2    0.0032       1.1    5.6   0.0   129   152   188   211   183   233 0.73 -
NW_025965191.1_RagTag:501990-499938   -            619 22944at314147        -            185   5.4e-05   19.7   0.0   1   3    0.0092       3.2    4.1   0.0    22    58   338   374   331   379 0.79 -
NW_025965191.1_RagTag:501990-499938   -            619 22944at314147        -            185   5.4e-05   19.7   0.0   2   3    0.0028      0.98    5.8   0.0   134   173   395   434   386   445 0.85 -
NW_025965191.1_RagTag:501990-499938   -            619 22944at314147        -            185   5.4e-05   19.7   0.0   3   3     0.013       4.5    3.7   0.0   136   173   518   555   439   565 0.70 -
#
# Program:         hmmsearch
# Version:         3.1b2 (February 2015)
# Pipeline mode:   SEARCH
# Query file:      /home/bgerda/guppy_SUP/busco_downloads/lineages/glires_odb10/hmms/22944at314147.hmm
# Target file:     /home/bgerda/guppy_SUP/busco_results_racon/run_glires_odb10/metaeuk_output/initial_results/ragtag.scaffold.fasta.modified.fas
# Option settings: hmmsearch --domtblout /home/bgerda/guppy_SUP/busco_results_racon/run_glires_odb10/hmmer_output/initial_run_results/22944at314147.out --cpu 1 /home/bgerda/guppy_SUP/busco_downloads/lineages/glires_odb10/hmms/22944at314147.hmm /home/bgerda/guppy_SUP/busco_results_racon/run_glires_odb10/metaeuk_output/initial_results/ragtag.scaffold.fasta.modified.fas 
# Current dir:     /home/bgerda/guppy_SUP
# Date:            Sun May 21 17:05:44 2023
# [ok]
