#                                                                                             --- full sequence --- -------------- this domain -------------   hmm coord   ali coord   env coord
# target name                         accession   tlen query name           accession   qlen   E-value  score  bias   #  of  c-Evalue  i-Evalue  score  bias  from    to  from    to  from    to  acc description of target
#                 ------------------- ---------- ----- -------------------- ---------- ----- --------- ------ ----- --- --- --------- --------- ------ ----- ----- ----- ----- ----- ----- ----- ---- ---------------------
NW_025965287.1_RagTag:1440000-1439407 -            196 23537at314147        -            299   1.9e-20   69.7   1.8   1   3   1.4e-14   3.9e-12   42.4   0.1   185   259     5    79     1    91 0.92 -
NW_025965287.1_RagTag:1440000-1439407 -            196 23537at314147        -            299   1.9e-20   69.7   1.8   2   3   1.6e-09   4.4e-07   25.8   0.1   166   249    70   157    70   165 0.75 -
NW_025965287.1_RagTag:1440000-1439407 -            196 23537at314147        -            299   1.9e-20   69.7   1.8   3   3   0.00081      0.23    7.1   0.1    55   116   134   193   131   195 0.85 -
contig_13085_pilon:864-71             -            219 23537at314147        -            299     1e-12   44.3   0.2   1   2   6.3e-12   1.8e-09   33.7   0.1   152   249    48   144    18   149 0.85 -
contig_13085_pilon:864-71             -            219 23537at314147        -            299     1e-12   44.3   0.2   2   2   0.00027     0.076    8.6   0.0   184   242   152   212   142   217 0.70 -
NW_025965310.1_RagTag:472250-484579   -            307 23537at314147        -            299   4.6e-08   29.0   2.9   1   1   2.2e-10   6.1e-08   28.6   2.9   117   276    97   277    81   296 0.71 -
NW_025965155.1_RagTag:64307-63339     -            323 23537at314147        -            299   6.1e-08   28.6   0.4   1   3     0.019       5.2    2.6   0.0    99   168    23    92    13   128 0.66 -
NW_025965155.1_RagTag:64307-63339     -            323 23537at314147        -            299   6.1e-08   28.6   0.4   2   3     0.007         2    4.0   0.0    59   140    70   156    55   158 0.80 -
NW_025965155.1_RagTag:64307-63339     -            323 23537at314147        -            299   6.1e-08   28.6   0.4   3   3   9.7e-09   2.7e-06   23.2   0.2    41   125   136   223   103   255 0.80 -
NW_025965321.1_RagTag:2929906-2929208 -            233 23537at314147        -            299   3.1e-06   23.0   0.0   1   1     2e-08   5.6e-06   22.2   0.0   134   252     3   127     2   133 0.81 -
#
# Program:         hmmsearch
# Version:         3.1b2 (February 2015)
# Pipeline mode:   SEARCH
# Query file:      /home/bgerda/guppy_SUP/busco_downloads/lineages/glires_odb10/hmms/23537at314147.hmm
# Target file:     /home/bgerda/guppy_SUP/busco_results_racon/run_glires_odb10/metaeuk_output/initial_results/ragtag.scaffold.fasta.modified.fas
# Option settings: hmmsearch --domtblout /home/bgerda/guppy_SUP/busco_results_racon/run_glires_odb10/hmmer_output/initial_run_results/23537at314147.out --cpu 1 /home/bgerda/guppy_SUP/busco_downloads/lineages/glires_odb10/hmms/23537at314147.hmm /home/bgerda/guppy_SUP/busco_results_racon/run_glires_odb10/metaeuk_output/initial_results/ragtag.scaffold.fasta.modified.fas 
# Current dir:     /home/bgerda/guppy_SUP
# Date:            Sun May 21 17:05:44 2023
# [ok]
