#                                                                                           --- full sequence --- -------------- this domain -------------   hmm coord   ali coord   env coord
# target name                       accession   tlen query name           accession   qlen   E-value  score  bias   #  of  c-Evalue  i-Evalue  score  bias  from    to  from    to  from    to  acc description of target
#               ------------------- ---------- ----- -------------------- ---------- ----- --------- ------ ----- --- --- --------- --------- ------ ----- ----- ----- ----- ----- ----- ----- ---- ---------------------
NW_025965028.1_RagTag:53297-54208   -            304 23719at314147        -            310     3e-14   49.3  12.4   1   2   1.1e-09   3.9e-07   25.9   5.1    77   165    80   172    19   181 0.82 -
NW_025965028.1_RagTag:53297-54208   -            304 23719at314147        -            310     3e-14   49.3  12.4   2   2   2.3e-10     8e-08   28.2   0.9    90   158   185   254   172   278 0.87 -
NW_025965287.1_RagTag:800819-799737 -            361 23719at314147        -            310   1.2e-09   34.2  13.3   1   3   3.6e-08   1.3e-05   20.9   4.0    65   172   111   227    96   227 0.84 -
NW_025965287.1_RagTag:800819-799737 -            361 23719at314147        -            310   1.2e-09   34.2  13.3   2   3   4.1e-09   1.5e-06   24.0   1.7    93   184   192   286   189   291 0.88 -
NW_025965287.1_RagTag:800819-799737 -            361 23719at314147        -            310   1.2e-09   34.2  13.3   3   3   1.5e-05    0.0052   12.4   1.0    92   182   263   356   259   360 0.81 -
NW_025965140.1_RagTag:194226-195287 -            354 23719at314147        -            310   1.1e-05   21.1   4.1   1   3   0.00039      0.14    7.7   0.2   131   170   101   140    59   146 0.49 -
NW_025965140.1_RagTag:194226-195287 -            354 23719at314147        -            310   1.1e-05   21.1   4.1   2   3   0.00037      0.13    7.8   0.1    96   152   187   243   163   269 0.79 -
NW_025965140.1_RagTag:194226-195287 -            354 23719at314147        -            310   1.1e-05   21.1   4.1   3   3     0.002      0.69    5.4   0.0    79   126   263   313   256   323 0.72 -
NW_025965287.1_RagTag:802961-802386 -            192 23719at314147        -            310   0.00057   15.5   0.6   1   2   1.5e-05    0.0053   12.3   0.3   100   173    61   138    55   148 0.77 -
NW_025965287.1_RagTag:802961-802386 -            192 23719at314147        -            310   0.00057   15.5   0.6   2   2     0.014       4.8    2.6   0.0   123   155   133   167   128   171 0.78 -
#
# Program:         hmmsearch
# Version:         3.1b2 (February 2015)
# Pipeline mode:   SEARCH
# Query file:      /home/bgerda/guppy_SUP/busco_downloads/lineages/glires_odb10/hmms/23719at314147.hmm
# Target file:     /home/bgerda/guppy_SUP/busco_results_racon/run_glires_odb10/metaeuk_output/initial_results/ragtag.scaffold.fasta.modified.fas
# Option settings: hmmsearch --domtblout /home/bgerda/guppy_SUP/busco_results_racon/run_glires_odb10/hmmer_output/initial_run_results/23719at314147.out --cpu 1 /home/bgerda/guppy_SUP/busco_downloads/lineages/glires_odb10/hmms/23719at314147.hmm /home/bgerda/guppy_SUP/busco_results_racon/run_glires_odb10/metaeuk_output/initial_results/ragtag.scaffold.fasta.modified.fas 
# Current dir:     /home/bgerda/guppy_SUP
# Date:            Sun May 21 17:05:47 2023
# [ok]
