#                                                                                             --- full sequence --- -------------- this domain -------------   hmm coord   ali coord   env coord
# target name                         accession   tlen query name           accession   qlen   E-value  score  bias   #  of  c-Evalue  i-Evalue  score  bias  from    to  from    to  from    to  acc description of target
#                 ------------------- ---------- ----- -------------------- ---------- ----- --------- ------ ----- --- --- --------- --------- ------ ----- ----- ----- ----- ----- ----- ----- ---- ---------------------
NW_025965028.1_RagTag:463927-462287   -            268 23854at314147        -            332   4.8e-14   48.3   0.0   1   1   3.3e-16   6.7e-14   47.8   0.0   139   195    33    89    19   122 0.90 -
NW_025965324.1_RagTag:2914727-2915469 -            122 23854at314147        -            332   2.5e-06   22.9   0.2   1   1   1.5e-08   3.1e-06   22.7   0.2   139   214    32   111    25   120 0.71 -
NW_025965300.1_RagTag:1697828-1700011 -            728 23854at314147        -            332   3.4e-05   19.2   1.5   1   4    0.0003      0.06    8.5   0.2   153   214   163   220   150   229 0.78 -
NW_025965300.1_RagTag:1697828-1700011 -            728 23854at314147        -            332   3.4e-05   19.2   1.5   2   4      0.28        56   -1.2   0.0   161   197   351   387   327   393 0.76 -
NW_025965300.1_RagTag:1697828-1700011 -            728 23854at314147        -            332   3.4e-05   19.2   1.5   3   4    0.0018      0.36    6.0   0.0   148   196   428   475   422   498 0.82 -
NW_025965300.1_RagTag:1697828-1700011 -            728 23854at314147        -            332   3.4e-05   19.2   1.5   4   4      0.12        24   -0.0   0.0   162   203   541   581   533   599 0.82 -
NW_025965275.1_RagTag:420401-420210   -             64 23854at314147        -            332   6.5e-05   18.3   1.8   1   1   3.9e-07   7.8e-05   18.0   1.8   157   200    21    64     2    64 0.83 -
NW_025965324.1_RagTag:2927304-2928146 -            184 23854at314147        -            332     7e-05   18.2   0.2   1   1   4.1e-07   8.3e-05   17.9   0.2   133   199    82   144    40   153 0.83 -
NW_025965177.1_RagTag:229533-229225   -            103 23854at314147        -            332   0.00032   16.0   0.2   1   1   1.8e-06   0.00036   15.9   0.2   159   193    68   102    36   103 0.78 -
NW_025965284.1_RagTag:343396-345492   -            220 23854at314147        -            332     0.002   13.4   0.1   1   2      0.62   1.3e+02   -2.4   0.1   231   252    50    71    45    82 0.74 -
NW_025965284.1_RagTag:343396-345492   -            220 23854at314147        -            332     0.002   13.4   0.1   2   2     1e-05     0.002   13.4   0.1   159   198   164   203   142   212 0.82 -
#
# Program:         hmmsearch
# Version:         3.1b2 (February 2015)
# Pipeline mode:   SEARCH
# Query file:      /home/bgerda/guppy_SUP/busco_downloads/lineages/glires_odb10/hmms/23854at314147.hmm
# Target file:     /home/bgerda/guppy_SUP/busco_results_racon/run_glires_odb10/metaeuk_output/initial_results/ragtag.scaffold.fasta.modified.fas
# Option settings: hmmsearch --domtblout /home/bgerda/guppy_SUP/busco_results_racon/run_glires_odb10/hmmer_output/initial_run_results/23854at314147.out --cpu 1 /home/bgerda/guppy_SUP/busco_downloads/lineages/glires_odb10/hmms/23854at314147.hmm /home/bgerda/guppy_SUP/busco_results_racon/run_glires_odb10/metaeuk_output/initial_results/ragtag.scaffold.fasta.modified.fas 
# Current dir:     /home/bgerda/guppy_SUP
# Date:            Sun May 21 17:05:45 2023
# [ok]
