#                                                                                             --- full sequence --- -------------- this domain -------------   hmm coord   ali coord   env coord
# target name                         accession   tlen query name           accession   qlen   E-value  score  bias   #  of  c-Evalue  i-Evalue  score  bias  from    to  from    to  from    to  acc description of target
#                 ------------------- ---------- ----- -------------------- ---------- ----- --------- ------ ----- --- --- --------- --------- ------ ----- ----- ----- ----- ----- ----- ----- ---- ---------------------
NW_025965287.1_RagTag:1440000-1439407 -            196 24099at314147        -            325   8.4e-11   38.0   0.5   1   2   2.9e-05    0.0083   11.8   0.0   275   322     7    54     2    57 0.85 -
NW_025965287.1_RagTag:1440000-1439407 -            196 24099at314147        -            325   8.4e-11   38.0   0.5   2   2   1.2e-08   3.3e-06   22.9   0.1   217   323    41   140    39   142 0.84 -
NW_025965155.1_RagTag:64307-63339     -            323 24099at314147        -            325     6e-09   31.9   0.0   1   2   1.9e-05    0.0052   12.4   0.0    81   158    15    94     3   130 0.83 -
NW_025965155.1_RagTag:64307-63339     -            323 24099at314147        -            325     6e-09   31.9   0.0   2   2   4.4e-07   0.00013   17.7   0.0    69   168   134   232   106   259 0.74 -
NW_025965321.1_RagTag:2929906-2929208 -            233 24099at314147        -            325   9.5e-09   31.3   0.0   1   2   8.8e-06    0.0025   13.5   0.0   217   311     7    97     1   101 0.79 -
NW_025965321.1_RagTag:2929906-2929208 -            233 24099at314147        -            325   9.5e-09   31.3   0.0   2   2   1.4e-06    0.0004   16.1   0.0    87   168   101   188    98   198 0.76 -
contig_13085_pilon:864-71             -            219 24099at314147        -            325   9.1e-07   24.8   0.1   1   3     0.012       3.3    3.2   0.0   275   312    41    78    12    86 0.84 -
contig_13085_pilon:864-71             -            219 24099at314147        -            325   9.1e-07   24.8   0.1   2   3     5e-05     0.014   11.0   0.0   275   317    83   125    77   133 0.90 -
contig_13085_pilon:864-71             -            219 24099at314147        -            325   9.1e-07   24.8   0.1   3   3   0.00046      0.13    7.8   0.0   275   324   156   203   147   204 0.87 -
NW_025965114.1_RagTag:27851-27678     -             58 24099at314147        -            325   0.00071   15.3   0.0   1   1   2.5e-06   0.00071   15.3   0.0   224   251    19    46     5    54 0.84 -
#
# Program:         hmmsearch
# Version:         3.1b2 (February 2015)
# Pipeline mode:   SEARCH
# Query file:      /home/bgerda/guppy_SUP/busco_downloads/lineages/glires_odb10/hmms/24099at314147.hmm
# Target file:     /home/bgerda/guppy_SUP/busco_results_racon/run_glires_odb10/metaeuk_output/initial_results/ragtag.scaffold.fasta.modified.fas
# Option settings: hmmsearch --domtblout /home/bgerda/guppy_SUP/busco_results_racon/run_glires_odb10/hmmer_output/initial_run_results/24099at314147.out --cpu 1 /home/bgerda/guppy_SUP/busco_downloads/lineages/glires_odb10/hmms/24099at314147.hmm /home/bgerda/guppy_SUP/busco_results_racon/run_glires_odb10/metaeuk_output/initial_results/ragtag.scaffold.fasta.modified.fas 
# Current dir:     /home/bgerda/guppy_SUP
# Date:            Sun May 21 17:05:46 2023
# [ok]
