#                                                                                             --- full sequence --- -------------- this domain -------------   hmm coord   ali coord   env coord
# target name                         accession   tlen query name           accession   qlen   E-value  score  bias   #  of  c-Evalue  i-Evalue  score  bias  from    to  from    to  from    to  acc description of target
#                 ------------------- ---------- ----- -------------------- ---------- ----- --------- ------ ----- --- --- --------- --------- ------ ----- ----- ----- ----- ----- ----- ----- ---- ---------------------
NW_025965028.1_RagTag:53297-54208     -            304 2423at314147         -           1215   4.1e-06   20.9   6.7   1   2   0.00066      0.12    6.1   0.0   289   335    66   112    51   119 0.85 -
NW_025965028.1_RagTag:53297-54208     -            304 2423at314147         -           1215   4.1e-06   20.9   6.7   2   2   1.1e-06    0.0002   15.3   4.4   251   382   119   253   115   266 0.86 -
NW_025965140.1_RagTag:194226-195287   -            354 2423at314147         -           1215   5.3e-06   20.5   0.1   1   1   4.1e-08   7.2e-06   20.1   0.1   249   379    82   221    52   266 0.76 -
NW_025965298.1_RagTag:1878200-1877439 -            254 2423at314147         -           1215     7e-06   20.1   0.8   1   1     6e-08   1.1e-05   19.5   0.8   274   361    23   114     4   130 0.82 -
NW_025965230.1_RagTag:694060-694533   -            158 2423at314147         -           1215   3.7e-05   17.7   1.1   1   1   4.5e-07     8e-05   16.6   0.9   247   338    49   149    43   152 0.82 -
NW_025965233.1_RagTag:1527483-1527755 -             91 2423at314147         -           1215   7.2e-05   16.8   0.0   1   1   4.5e-07   7.9e-05   16.6   0.0   270   335    17    85     1    88 0.49 -
NW_025965287.1_RagTag:802961-802386   -            192 2423at314147         -           1215   7.8e-05   16.7   0.1   1   1   5.2e-07   9.3e-05   16.4   0.1   252   353    79   186    67   191 0.85 -
NW_025965324.1_RagTag:3746853-3746134 -            240 2423at314147         -           1215   0.00052   13.9   0.2   1   1   1.9e-05    0.0033   11.2   0.1   253   330   128   210   121   213 0.72 -
NW_025965301.1_RagTag:529721-528217   -            499 2423at314147         -           1215    0.0062   10.3   2.2   1   1   4.6e-05    0.0082   10.0   2.2   292   381    51   145    24   163 0.81 -
#
# Program:         hmmsearch
# Version:         3.1b2 (February 2015)
# Pipeline mode:   SEARCH
# Query file:      /home/bgerda/guppy_SUP/busco_downloads/lineages/glires_odb10/hmms/2423at314147.hmm
# Target file:     /home/bgerda/guppy_SUP/busco_results_racon/run_glires_odb10/metaeuk_output/initial_results/ragtag.scaffold.fasta.modified.fas
# Option settings: hmmsearch --domtblout /home/bgerda/guppy_SUP/busco_results_racon/run_glires_odb10/hmmer_output/initial_run_results/2423at314147.out --cpu 1 /home/bgerda/guppy_SUP/busco_downloads/lineages/glires_odb10/hmms/2423at314147.hmm /home/bgerda/guppy_SUP/busco_results_racon/run_glires_odb10/metaeuk_output/initial_results/ragtag.scaffold.fasta.modified.fas 
# Current dir:     /home/bgerda/guppy_SUP
# Date:            Sun May 21 17:05:45 2023
# [ok]
