#                                                                                             --- full sequence --- -------------- this domain -------------   hmm coord   ali coord   env coord
# target name                         accession   tlen query name           accession   qlen   E-value  score  bias   #  of  c-Evalue  i-Evalue  score  bias  from    to  from    to  from    to  acc description of target
#                 ------------------- ---------- ----- -------------------- ---------- ----- --------- ------ ----- --- --- --------- --------- ------ ----- ----- ----- ----- ----- ----- ----- ---- ---------------------
NW_025965022.1_RagTag:199298-198405   -            298 24285at314147        -            293   2.9e-27   92.3   1.8   1   1   1.5e-29   3.6e-27   92.0   1.8    10   290    10   296     4   298 0.83 -
NW_025965103.1_RagTag:1074469-1074975 -            169 24285at314147        -            293   1.7e-19   66.8   3.1   1   2   5.9e-07   0.00014   17.8   0.0   222   286     3    67     1    72 0.46 -
NW_025965103.1_RagTag:1074469-1074975 -            169 24285at314147        -            293   1.7e-19   66.8   3.1   2   2   1.9e-18   4.4e-16   55.6   1.0   152   290    32   167    28   169 0.81 -
NW_025965280.1_RagTag:81766-83490     -            217 24285at314147        -            293   9.5e-14   47.9   0.0   1   2   1.7e-08   4.1e-06   22.9   0.0    15   137     9   127     4   136 0.86 -
NW_025965280.1_RagTag:81766-83490     -            217 24285at314147        -            293   9.5e-14   47.9   0.0   2   2   1.2e-08   2.8e-06   23.4   0.0    51   103   137   189   129   215 0.80 -
NW_025965317.1_RagTag:2345417-2346205 -            263 24285at314147        -            293   2.3e-11   40.1   0.0   1   2   0.00019     0.044    9.6   0.0    63   100    39    76    14   104 0.69 -
NW_025965317.1_RagTag:2345417-2346205 -            263 24285at314147        -            293   2.3e-11   40.1   0.0   2   2   2.7e-10   6.5e-08   28.8   0.0    55   188   125   260    95   263 0.84 -
NW_025965230.1_RagTag:945904-945482   -            141 24285at314147        -            293   2.2e-08   30.3   0.0   1   1   1.5e-10   3.5e-08   29.6   0.0    11   107    40   136    35   140 0.90 -
NW_025965256.1_RagTag:611213-608748   -            158 24285at314147        -            293   7.1e-07   25.4   0.0   1   2   4.1e-05    0.0097   11.8   0.0    74   145     7    85     1    92 0.68 -
NW_025965256.1_RagTag:611213-608748   -            158 24285at314147        -            293   7.1e-07   25.4   0.0   2   2   3.9e-05    0.0093   11.8   0.0   118   161   111   156   104   158 0.74 -
#
# Program:         hmmsearch
# Version:         3.1b2 (February 2015)
# Pipeline mode:   SEARCH
# Query file:      /home/bgerda/guppy_SUP/busco_downloads/lineages/glires_odb10/hmms/24285at314147.hmm
# Target file:     /home/bgerda/guppy_SUP/busco_results_racon/run_glires_odb10/metaeuk_output/initial_results/ragtag.scaffold.fasta.modified.fas
# Option settings: hmmsearch --domtblout /home/bgerda/guppy_SUP/busco_results_racon/run_glires_odb10/hmmer_output/initial_run_results/24285at314147.out --cpu 1 /home/bgerda/guppy_SUP/busco_downloads/lineages/glires_odb10/hmms/24285at314147.hmm /home/bgerda/guppy_SUP/busco_results_racon/run_glires_odb10/metaeuk_output/initial_results/ragtag.scaffold.fasta.modified.fas 
# Current dir:     /home/bgerda/guppy_SUP
# Date:            Sun May 21 17:05:47 2023
# [ok]
