#                                                                                             --- full sequence --- -------------- this domain -------------   hmm coord   ali coord   env coord
# target name                         accession   tlen query name           accession   qlen   E-value  score  bias   #  of  c-Evalue  i-Evalue  score  bias  from    to  from    to  from    to  acc description of target
#                 ------------------- ---------- ----- -------------------- ---------- ----- --------- ------ ----- --- --- --------- --------- ------ ----- ----- ----- ----- ----- ----- ----- ---- ---------------------
NW_025965163.1_RagTag:38535-29734     -            753 24748at314147        -            291   5.8e-11   38.6   0.1   1   2      0.82   1.3e+02   -1.9   0.0    96   122   421   447   417   453 0.68 -
NW_025965163.1_RagTag:38535-29734     -            753 24748at314147        -            291   5.8e-11   38.6   0.1   2   2   1.3e-12   2.1e-10   36.8   0.2    61   154   454   546   449   554 0.94 -
NW_025965276.1_RagTag:371243-371716   -            158 24748at314147        -            291   1.1e-09   34.4   0.3   1   1     1e-11   1.6e-09   33.9   0.3    61   187    16   147     6   156 0.76 -
NW_025965188.1_RagTag:427872-428438   -            189 24748at314147        -            291   1.2e-08   31.0   0.1   1   2   1.3e-06    0.0002   17.1   0.0    72   132    40   101    26   112 0.85 -
NW_025965188.1_RagTag:427872-428438   -            189 24748at314147        -            291   1.2e-08   31.0   0.1   2   2   3.8e-05     0.006   12.3   0.1    74   132   122   180   101   188 0.82 -
NW_025965344.1_RagTag:40655-35255     -            204 24748at314147        -            291     2e-08   30.2   0.0   1   2   6.2e-07   9.8e-05   18.1   0.0    64   154    40   129    12   131 0.77 -
NW_025965344.1_RagTag:40655-35255     -            204 24748at314147        -            291     2e-08   30.2   0.0   2   2   0.00015     0.023   10.4   0.0    56   110   131   185   127   190 0.85 -
NW_025965306.1_RagTag:1019039-1020148 -            370 24748at314147        -            291   0.00017   17.4   0.0   1   1   1.6e-06   0.00026   16.8   0.0    55   127    18    90    15   122 0.81 -
NW_025965288.1_RagTag:99923-99699     -             75 24748at314147        -            291   0.00069   15.4   0.0   1   1   4.4e-06    0.0007   15.4   0.0    74   142     2    73     1    75 0.81 -
NW_025965287.1_RagTag:1503606-1508138 -            432 24748at314147        -            291   0.00087   15.0   0.1   1   1   9.1e-06    0.0014   14.3   0.1    61   148   326   416   304   426 0.86 -
NW_025965288.1_RagTag:109483-111161   -            290 24748at314147        -            291    0.0064   12.2   0.0   1   1   6.6e-05      0.01   11.5   0.0    91   154    88   152    61   179 0.58 -
NW_025965352.1_RagTag:102445-104127   -            319 24748at314147        -            291    0.0099   11.6   0.0   1   1   9.6e-05     0.015   11.0   0.0    61   113     6    58     3    67 0.90 -
#
# Program:         hmmsearch
# Version:         3.1b2 (February 2015)
# Pipeline mode:   SEARCH
# Query file:      /home/bgerda/guppy_SUP/busco_downloads/lineages/glires_odb10/hmms/24748at314147.hmm
# Target file:     /home/bgerda/guppy_SUP/busco_results_racon/run_glires_odb10/metaeuk_output/initial_results/ragtag.scaffold.fasta.modified.fas
# Option settings: hmmsearch --domtblout /home/bgerda/guppy_SUP/busco_results_racon/run_glires_odb10/hmmer_output/initial_run_results/24748at314147.out --cpu 1 /home/bgerda/guppy_SUP/busco_downloads/lineages/glires_odb10/hmms/24748at314147.hmm /home/bgerda/guppy_SUP/busco_results_racon/run_glires_odb10/metaeuk_output/initial_results/ragtag.scaffold.fasta.modified.fas 
# Current dir:     /home/bgerda/guppy_SUP
# Date:            Sun May 21 17:05:44 2023
# [ok]
