#                                                                                             --- full sequence --- -------------- this domain -------------   hmm coord   ali coord   env coord
# target name                         accession   tlen query name           accession   qlen   E-value  score  bias   #  of  c-Evalue  i-Evalue  score  bias  from    to  from    to  from    to  acc description of target
#                 ------------------- ---------- ----- -------------------- ---------- ----- --------- ------ ----- --- --- --------- --------- ------ ----- ----- ----- ----- ----- ----- ----- ---- ---------------------
NW_025965287.1_RagTag:1440000-1439407 -            196 24890at314147        -            302   4.7e-17   58.5   0.1   1   1   3.2e-19     9e-17   57.6   0.1    40   190    13   168     2   193 0.82 -
contig_13085_pilon:864-71             -            219 24890at314147        -            302   1.6e-08   30.5   1.3   1   2   1.7e-07   4.9e-05   19.0   0.2    40   138    47   145    39   150 0.72 -
contig_13085_pilon:864-71             -            219 24890at314147        -            302   1.6e-08   30.5   1.3   2   2   0.00016     0.045    9.3   0.0   103   170   141   210   140   218 0.79 -
NW_025965310.1_RagTag:472250-484579   -            307 24890at314147        -            302   9.5e-07   24.7   0.2   1   2   0.00017     0.047    9.3   0.0   204   264    92   150    83   187 0.86 -
NW_025965310.1_RagTag:472250-484579   -            307 24890at314147        -            302   9.5e-07   24.7   0.2   2   2   9.5e-06    0.0027   13.3   0.1    29   104   222   302   213   307 0.76 -
NW_025965155.1_RagTag:64307-63339     -            323 24890at314147        -            302   0.00015   17.5   1.0   1   4     0.043        12    1.4   0.0   193   222    19    49    13    53 0.84 -
NW_025965155.1_RagTag:64307-63339     -            323 24890at314147        -            302   0.00015   17.5   1.0   2   4   0.00018     0.051    9.1   0.1    53   108   133   188   113   202 0.71 -
NW_025965155.1_RagTag:64307-63339     -            323 24890at314147        -            302   0.00015   17.5   1.0   3   4    0.0067       1.9    4.0   0.0    35    59   199   223   187   262 0.77 -
NW_025965155.1_RagTag:64307-63339     -            323 24890at314147        -            302   0.00015   17.5   1.0   4   4      0.44   1.3e+02   -2.0   0.0   195   230   243   281   227   294 0.69 -
NW_025965321.1_RagTag:2929906-2929208 -            233 24890at314147        -            302   0.00066   15.3   0.3   1   2     0.036        10    1.6   0.0   239   264    12    38     4    47 0.71 -
NW_025965321.1_RagTag:2929906-2929208 -            233 24890at314147        -            302   0.00066   15.3   0.3   2   2   3.2e-05     0.009   11.6   0.3    67   142    55   129    26   134 0.82 -
#
# Program:         hmmsearch
# Version:         3.1b2 (February 2015)
# Pipeline mode:   SEARCH
# Query file:      /home/bgerda/guppy_SUP/busco_downloads/lineages/glires_odb10/hmms/24890at314147.hmm
# Target file:     /home/bgerda/guppy_SUP/busco_results_racon/run_glires_odb10/metaeuk_output/initial_results/ragtag.scaffold.fasta.modified.fas
# Option settings: hmmsearch --domtblout /home/bgerda/guppy_SUP/busco_results_racon/run_glires_odb10/hmmer_output/initial_run_results/24890at314147.out --cpu 1 /home/bgerda/guppy_SUP/busco_downloads/lineages/glires_odb10/hmms/24890at314147.hmm /home/bgerda/guppy_SUP/busco_results_racon/run_glires_odb10/metaeuk_output/initial_results/ragtag.scaffold.fasta.modified.fas 
# Current dir:     /home/bgerda/guppy_SUP
# Date:            Sun May 21 17:05:46 2023
# [ok]
