#                                                                                             --- full sequence --- -------------- this domain -------------   hmm coord   ali coord   env coord
# target name                         accession   tlen query name           accession   qlen   E-value  score  bias   #  of  c-Evalue  i-Evalue  score  bias  from    to  from    to  from    to  acc description of target
#                 ------------------- ---------- ----- -------------------- ---------- ----- --------- ------ ----- --- --- --------- --------- ------ ----- ----- ----- ----- ----- ----- ----- ---- ---------------------
NW_025965287.1_RagTag:1440000-1439407 -            196 24944at314147        -            271   5.8e-18   61.6   0.9   1   2   4.9e-14   1.7e-11   40.4   0.1    40   124    14    98     2   100 0.91 -
NW_025965287.1_RagTag:1440000-1439407 -            196 24944at314147        -            271   5.8e-18   61.6   0.9   2   2     1e-09   3.6e-07   26.2   0.1    30    99    89   161    89   180 0.83 -
contig_13085_pilon:864-71             -            219 24944at314147        -            271     1e-13   47.7   2.2   1   2   1.1e-12   3.8e-10   36.0   0.8    22   127    30   132    17   146 0.83 -
contig_13085_pilon:864-71             -            219 24944at314147        -            271     1e-13   47.7   2.2   2   2   5.5e-05     0.019   10.7   0.0    31    90   154   214   149   219 0.78 -
NW_025965310.1_RagTag:472250-484579   -            307 24944at314147        -            271   0.00012   17.9   0.6   1   2   0.00015     0.053    9.3   0.0    47    99    99   151    82   186 0.85 -
NW_025965310.1_RagTag:472250-484579   -            307 24944at314147        -            271   0.00012   17.9   0.6   2   2   0.00066      0.23    7.2   0.2    26    96   219   294   190   300 0.75 -
NW_025965155.1_RagTag:64307-63339     -            323 24944at314147        -            271    0.0004   16.2   0.1   1   3      0.15        53   -0.6   0.0   143   206    15    81     2   115 0.50 -
NW_025965155.1_RagTag:64307-63339     -            323 24944at314147        -            271    0.0004   16.2   0.1   2   3    0.0014      0.51    6.1   0.1    19    97    99   177    94   179 0.75 -
NW_025965155.1_RagTag:64307-63339     -            323 24944at314147        -            271    0.0004   16.2   0.1   3   3   3.9e-05     0.014   11.2   0.1    34    99   156   222   149   322 0.78 -
#
# Program:         hmmsearch
# Version:         3.1b2 (February 2015)
# Pipeline mode:   SEARCH
# Query file:      /home/bgerda/guppy_SUP/busco_downloads/lineages/glires_odb10/hmms/24944at314147.hmm
# Target file:     /home/bgerda/guppy_SUP/busco_results_racon/run_glires_odb10/metaeuk_output/initial_results/ragtag.scaffold.fasta.modified.fas
# Option settings: hmmsearch --domtblout /home/bgerda/guppy_SUP/busco_results_racon/run_glires_odb10/hmmer_output/initial_run_results/24944at314147.out --cpu 1 /home/bgerda/guppy_SUP/busco_downloads/lineages/glires_odb10/hmms/24944at314147.hmm /home/bgerda/guppy_SUP/busco_results_racon/run_glires_odb10/metaeuk_output/initial_results/ragtag.scaffold.fasta.modified.fas 
# Current dir:     /home/bgerda/guppy_SUP
# Date:            Sun May 21 17:05:44 2023
# [ok]
