#                                                                                             --- full sequence --- -------------- this domain -------------   hmm coord   ali coord   env coord
# target name                         accession   tlen query name           accession   qlen   E-value  score  bias   #  of  c-Evalue  i-Evalue  score  bias  from    to  from    to  from    to  acc description of target
#                 ------------------- ---------- ----- -------------------- ---------- ----- --------- ------ ----- --- --- --------- --------- ------ ----- ----- ----- ----- ----- ----- ----- ---- ---------------------
contig_83093_pilon:417-680            -             88 25138at314147        -            309   2.2e-12   43.2   0.3   1   1   1.7e-14   2.4e-12   43.0   0.3   222   275    31    84    10    87 0.82 -
NW_025965314.1_RagTag:614962-614699   -             88 25138at314147        -            309   3.4e-12   42.5   0.3   1   1   2.7e-14   3.8e-12   42.4   0.3   224   275    33    84    13    87 0.85 -
NW_025965308.1_RagTag:924163-923777   -            129 25138at314147        -            309   7.2e-12   41.5   0.1   1   1   5.5e-14   7.7e-12   41.4   0.1   220   272    64   116    31   126 0.86 -
contig_5411_pilon:437-201             -             79 25138at314147        -            309   7.4e-12   41.4   0.2   1   1   5.5e-14   7.8e-12   41.3   0.2   225   275    25    75     6    78 0.87 -
NW_025965075.1_RagTag:18127-23307     -            380 25138at314147        -            309   4.1e-10   35.7   0.6   1   1   4.6e-12   6.5e-10   35.0   0.6   227   275   324   372   302   379 0.90 -
NW_025965309.1_RagTag:3290555-3290193 -            121 25138at314147        -            309   6.9e-05   18.5   1.1   1   1   6.2e-07   8.8e-05   18.2   0.6   217   274    49   111    29   115 0.80 -
NW_025965287.1_RagTag:1342617-1340375 -            588 25138at314147        -            309   0.00022   16.9   1.0   1   1     3e-06   0.00043   15.9   1.0   219   273   422   474   415   492 0.83 -
NW_025965319.1_RagTag:4123940-4123488 -            151 25138at314147        -            309    0.0072   11.9   1.4   1   1   6.4e-05     0.009   11.6   1.4   230   272    45    86    38   104 0.83 -
NW_025965314.1_RagTag:573152-572469   -            228 25138at314147        -            309     0.013   11.1   1.4   1   1   0.00012     0.017   10.6   1.4   229   277    20    66    13    98 0.78 -
NW_025965317.1_RagTag:2732946-2735087 -            714 25138at314147        -            309     0.063    8.8   2.3   1   1   0.00065     0.091    8.3   2.3   229   272     3    44     1    58 0.83 -
#
# Program:         hmmsearch
# Version:         3.1b2 (February 2015)
# Pipeline mode:   SEARCH
# Query file:      /home/bgerda/guppy_SUP/busco_downloads/lineages/glires_odb10/hmms/25138at314147.hmm
# Target file:     /home/bgerda/guppy_SUP/busco_results_racon/run_glires_odb10/metaeuk_output/initial_results/ragtag.scaffold.fasta.modified.fas
# Option settings: hmmsearch --domtblout /home/bgerda/guppy_SUP/busco_results_racon/run_glires_odb10/hmmer_output/initial_run_results/25138at314147.out --cpu 1 /home/bgerda/guppy_SUP/busco_downloads/lineages/glires_odb10/hmms/25138at314147.hmm /home/bgerda/guppy_SUP/busco_results_racon/run_glires_odb10/metaeuk_output/initial_results/ragtag.scaffold.fasta.modified.fas 
# Current dir:     /home/bgerda/guppy_SUP
# Date:            Sun May 21 17:05:44 2023
# [ok]
