#                                                                                             --- full sequence --- -------------- this domain -------------   hmm coord   ali coord   env coord
# target name                         accession   tlen query name           accession   qlen   E-value  score  bias   #  of  c-Evalue  i-Evalue  score  bias  from    to  from    to  from    to  acc description of target
#                 ------------------- ---------- ----- -------------------- ---------- ----- --------- ------ ----- --- --- --------- --------- ------ ----- ----- ----- ----- ----- ----- ----- ---- ---------------------
NW_025965230.1_RagTag:945904-945482   -            141 25566at314147        -            272   9.9e-25   83.6   0.0   1   2   5.2e-25   1.2e-22   76.7   0.0   175   265     1   104     1   105 0.79 -
NW_025965230.1_RagTag:945904-945482   -            141 25566at314147        -            272   9.9e-25   83.6   0.0   2   2   0.00071      0.17    7.4   0.0    64   110    78   124    71   132 0.74 -
NW_025965022.1_RagTag:199298-198405   -            298 25566at314147        -            272   8.3e-12   41.2   0.5   1   3   7.5e-07   0.00018   17.1   0.1   125   238    13   140     7   147 0.73 -
NW_025965022.1_RagTag:199298-198405   -            298 25566at314147        -            272   8.3e-12   41.2   0.5   2   3   7.2e-06    0.0017   13.9   0.0    67   148   153   238   145   247 0.77 -
NW_025965022.1_RagTag:199298-198405   -            298 25566at314147        -            272   8.3e-12   41.2   0.5   3   3    0.0025      0.59    5.6   0.0    68    98   251   281   245   297 0.77 -
NW_025965280.1_RagTag:81766-83490     -            217 25566at314147        -            272   1.3e-09   33.9   0.0   1   2     0.026       6.1    2.2   0.0   217   241     8    32     4    37 0.89 -
NW_025965280.1_RagTag:81766-83490     -            217 25566at314147        -            272   1.3e-09   33.9   0.0   2   2   8.9e-11   2.1e-08   30.0   0.0    65   223    38   209    33   217 0.79 -
NW_025965317.1_RagTag:2345417-2346205 -            263 25566at314147        -            272   1.9e-09   33.4   0.0   1   1     1e-11   2.4e-09   33.1   0.0    70   244    31   212     4   243 0.74 -
NW_025965103.1_RagTag:1074469-1074975 -            169 25566at314147        -            272   3.9e-07   25.8   0.1   1   2   8.8e-07   0.00021   16.9   0.0    67   149    24   110    17   117 0.79 -
NW_025965103.1_RagTag:1074469-1074975 -            169 25566at314147        -            272   3.9e-07   25.8   0.1   2   2   0.00088      0.21    7.1   0.0    68   100   122   154   115   169 0.76 -
NW_025965256.1_RagTag:611213-608748   -            158 25566at314147        -            272   1.7e-05   20.5   0.0   1   2   2.2e-05    0.0051   12.4   0.0     7    42    53    88    48    93 0.86 -
NW_025965256.1_RagTag:611213-608748   -            158 25566at314147        -            272   1.7e-05   20.5   0.0   2   2    0.0016      0.39    6.2   0.0    12    39   112   138   103   151 0.73 -
#
# Program:         hmmsearch
# Version:         3.1b2 (February 2015)
# Pipeline mode:   SEARCH
# Query file:      /home/bgerda/guppy_SUP/busco_downloads/lineages/glires_odb10/hmms/25566at314147.hmm
# Target file:     /home/bgerda/guppy_SUP/busco_results_racon/run_glires_odb10/metaeuk_output/initial_results/ragtag.scaffold.fasta.modified.fas
# Option settings: hmmsearch --domtblout /home/bgerda/guppy_SUP/busco_results_racon/run_glires_odb10/hmmer_output/initial_run_results/25566at314147.out --cpu 1 /home/bgerda/guppy_SUP/busco_downloads/lineages/glires_odb10/hmms/25566at314147.hmm /home/bgerda/guppy_SUP/busco_results_racon/run_glires_odb10/metaeuk_output/initial_results/ragtag.scaffold.fasta.modified.fas 
# Current dir:     /home/bgerda/guppy_SUP
# Date:            Sun May 21 17:05:45 2023
# [ok]
