#                                                                                             --- full sequence --- -------------- this domain -------------   hmm coord   ali coord   env coord
# target name                         accession   tlen query name           accession   qlen   E-value  score  bias   #  of  c-Evalue  i-Evalue  score  bias  from    to  from    to  from    to  acc description of target
#                 ------------------- ---------- ----- -------------------- ---------- ----- --------- ------ ----- --- --- --------- --------- ------ ----- ----- ----- ----- ----- ----- ----- ---- ---------------------
NW_025965028.1_RagTag:463927-462287   -            268 25661at314147        -            402   1.8e-11   40.1   0.0   1   1   1.2e-13   2.8e-11   39.5   0.0    62   116    35    89    20   103 0.92 -
NW_025965324.1_RagTag:2914727-2915469 -            122 25661at314147        -            402     4e-06   22.5   0.3   1   1   1.9e-08   4.5e-06   22.3   0.3    78   146    50   118    28   121 0.88 -
NW_025965177.1_RagTag:229533-229225   -            103 25661at314147        -            402   6.8e-05   18.5   2.3   1   2     0.038       8.9    1.6   0.4   280   313     4    38     2    46 0.75 -
NW_025965177.1_RagTag:229533-229225   -            103 25661at314147        -            402   6.8e-05   18.5   2.3   2   2   2.9e-07   6.8e-05   18.5   2.3    40   114    24   102    14   103 0.69 -
NW_025965275.1_RagTag:420401-420210   -             64 25661at314147        -            402   0.00012   17.7   1.1   1   1     5e-07   0.00012   17.7   1.1    78   121    21    64     3    64 0.86 -
NW_025965324.1_RagTag:2927304-2928146 -            184 25661at314147        -            402     0.001   14.6   0.8   1   2      0.22        52   -0.9   0.3   298   313    38    53    21    87 0.58 -
NW_025965324.1_RagTag:2927304-2928146 -            184 25661at314147        -            402     0.001   14.6   0.8   2   2   4.4e-06     0.001   14.6   0.8    69   120    93   144    70   154 0.85 -
NW_025965284.1_RagTag:343396-345492   -            220 25661at314147        -            402    0.0049   12.3   0.1   1   2      0.37        86   -1.7   1.1   137   184    65   113    53   153 0.46 -
NW_025965284.1_RagTag:343396-345492   -            220 25661at314147        -            402    0.0049   12.3   0.1   2   2   2.1e-05    0.0049   12.3   0.1    81   119   165   203   155   211 0.85 -
#
# Program:         hmmsearch
# Version:         3.1b2 (February 2015)
# Pipeline mode:   SEARCH
# Query file:      /home/bgerda/guppy_SUP/busco_downloads/lineages/glires_odb10/hmms/25661at314147.hmm
# Target file:     /home/bgerda/guppy_SUP/busco_results_racon/run_glires_odb10/metaeuk_output/initial_results/ragtag.scaffold.fasta.modified.fas
# Option settings: hmmsearch --domtblout /home/bgerda/guppy_SUP/busco_results_racon/run_glires_odb10/hmmer_output/initial_run_results/25661at314147.out --cpu 1 /home/bgerda/guppy_SUP/busco_downloads/lineages/glires_odb10/hmms/25661at314147.hmm /home/bgerda/guppy_SUP/busco_results_racon/run_glires_odb10/metaeuk_output/initial_results/ragtag.scaffold.fasta.modified.fas 
# Current dir:     /home/bgerda/guppy_SUP
# Date:            Sun May 21 17:05:44 2023
# [ok]
