#                                                                                             --- full sequence --- -------------- this domain -------------   hmm coord   ali coord   env coord
# target name                         accession   tlen query name           accession   qlen   E-value  score  bias   #  of  c-Evalue  i-Evalue  score  bias  from    to  from    to  from    to  acc description of target
#                 ------------------- ---------- ----- -------------------- ---------- ----- --------- ------ ----- --- --- --------- --------- ------ ----- ----- ----- ----- ----- ----- ----- ---- ---------------------
NW_025965022.1_RagTag:199298-198405   -            298 25738at314147        -            261     2e-17   59.9   0.2   1   1   1.1e-19   2.7e-17   59.4   0.2     5   260    28   280    23   281 0.85 -
NW_025965103.1_RagTag:1074469-1074975 -            169 25738at314147        -            261   4.2e-11   39.1   0.0   1   1   2.4e-13   5.6e-11   38.7   0.0   126   260    20   151     2   152 0.90 -
NW_025965280.1_RagTag:81766-83490     -            217 25738at314147        -            261   6.6e-11   38.5   0.4   1   3   1.5e-05    0.0035   13.2   0.0    91   154     5    64     3    71 0.89 -
NW_025965280.1_RagTag:81766-83490     -            217 25738at314147        -            261   6.6e-11   38.5   0.4   2   3   1.1e-08   2.6e-06   23.4   0.1     3   154    20   161    17   165 0.86 -
NW_025965280.1_RagTag:81766-83490     -            217 25738at314147        -            261   6.6e-11   38.5   0.4   3   3   3.3e-05    0.0077   12.0   0.0    28   100   137   209   130   217 0.85 -
NW_025965230.1_RagTag:945904-945482   -            141 25738at314147        -            261   7.4e-10   35.0   0.0   1   1   3.8e-12   8.8e-10   34.8   0.0    56   178     5   129     2   137 0.83 -
NW_025965256.1_RagTag:611213-608748   -            158 25738at314147        -            261   0.00012   18.0   0.1   1   2   3.5e-05    0.0083   11.9   0.0    92   127    53    88    12    95 0.83 -
NW_025965256.1_RagTag:611213-608748   -            158 25738at314147        -            261   0.00012   18.0   0.1   2   2    0.0071       1.7    4.4   0.0   196   221   109   134   102   157 0.56 -
NW_025965317.1_RagTag:2345417-2346205 -            263 25738at314147        -            261    0.0017   14.2   0.0   1   2     0.032       7.4    2.3   0.0   230   258    27    55    14    58 0.73 -
NW_025965317.1_RagTag:2345417-2346205 -            263 25738at314147        -            261    0.0017   14.2   0.0   2   2   3.7e-05    0.0088   11.9   0.0    36   220    35   210    25   225 0.71 -
#
# Program:         hmmsearch
# Version:         3.1b2 (February 2015)
# Pipeline mode:   SEARCH
# Query file:      /home/bgerda/guppy_SUP/busco_downloads/lineages/glires_odb10/hmms/25738at314147.hmm
# Target file:     /home/bgerda/guppy_SUP/busco_results_racon/run_glires_odb10/metaeuk_output/initial_results/ragtag.scaffold.fasta.modified.fas
# Option settings: hmmsearch --domtblout /home/bgerda/guppy_SUP/busco_results_racon/run_glires_odb10/hmmer_output/initial_run_results/25738at314147.out --cpu 1 /home/bgerda/guppy_SUP/busco_downloads/lineages/glires_odb10/hmms/25738at314147.hmm /home/bgerda/guppy_SUP/busco_results_racon/run_glires_odb10/metaeuk_output/initial_results/ragtag.scaffold.fasta.modified.fas 
# Current dir:     /home/bgerda/guppy_SUP
# Date:            Sun May 21 17:05:46 2023
# [ok]
