#                                                                                             --- full sequence --- -------------- this domain -------------   hmm coord   ali coord   env coord
# target name                         accession   tlen query name           accession   qlen   E-value  score  bias   #  of  c-Evalue  i-Evalue  score  bias  from    to  from    to  from    to  acc description of target
#                 ------------------- ---------- ----- -------------------- ---------- ----- --------- ------ ----- --- --- --------- --------- ------ ----- ----- ----- ----- ----- ----- ----- ---- ---------------------
NW_025965280.1_RagTag:81766-83490     -            217 26018at314147        -            343   1.7e-16   56.4   0.0   1   1   8.8e-18   2.1e-15   52.9   0.0    65   269     7   217     3   217 0.82 -
NW_025965022.1_RagTag:199298-198405   -            298 26018at314147        -            343   2.1e-16   56.1   0.2   1   2   6.9e-07   0.00016   17.0   0.0   253   338    12    96     3   102 0.54 -
NW_025965022.1_RagTag:199298-198405   -            298 26018at314147        -            343   2.1e-16   56.1   0.2   2   2   5.1e-13   1.2e-10   37.2   0.1    63   215   116   273   111   290 0.81 -
NW_025965230.1_RagTag:945904-945482   -            141 26018at314147        -            343   2.2e-10   36.4   0.0   1   1   1.2e-12   2.8e-10   36.0   0.0   223   340     8   129     4   132 0.79 -
NW_025965103.1_RagTag:1074469-1074975 -            169 26018at314147        -            343   2.1e-08   29.8   0.0   1   1     1e-10   2.4e-08   29.6   0.0    79   215     3   144     1   162 0.79 -
NW_025965317.1_RagTag:2345417-2346205 -            263 26018at314147        -            343   2.2e-06   23.2   0.0   1   2    0.0012      0.27    6.4   0.0   165   315     4   143     2   156 0.60 -
NW_025965317.1_RagTag:2345417-2346205 -            263 26018at314147        -            343   2.2e-06   23.2   0.0   2   2   4.6e-06    0.0011   14.3   0.0    48   107   163   226   159   262 0.79 -
NW_025965256.1_RagTag:611213-608748   -            158 26018at314147        -            343   0.00042   15.7   0.0   1   2    0.0038      0.89    4.7   0.0   165   194    56    85    42    91 0.82 -
NW_025965256.1_RagTag:611213-608748   -            158 26018at314147        -            343   0.00042   15.7   0.0   2   2   0.00018     0.043    9.1   0.0    76   208   118   155    95   158 0.49 -
#
# Program:         hmmsearch
# Version:         3.1b2 (February 2015)
# Pipeline mode:   SEARCH
# Query file:      /home/bgerda/guppy_SUP/busco_downloads/lineages/glires_odb10/hmms/26018at314147.hmm
# Target file:     /home/bgerda/guppy_SUP/busco_results_racon/run_glires_odb10/metaeuk_output/initial_results/ragtag.scaffold.fasta.modified.fas
# Option settings: hmmsearch --domtblout /home/bgerda/guppy_SUP/busco_results_racon/run_glires_odb10/hmmer_output/initial_run_results/26018at314147.out --cpu 1 /home/bgerda/guppy_SUP/busco_downloads/lineages/glires_odb10/hmms/26018at314147.hmm /home/bgerda/guppy_SUP/busco_results_racon/run_glires_odb10/metaeuk_output/initial_results/ragtag.scaffold.fasta.modified.fas 
# Current dir:     /home/bgerda/guppy_SUP
# Date:            Sun May 21 17:05:47 2023
# [ok]
