#                                                                                             --- full sequence --- -------------- this domain -------------   hmm coord   ali coord   env coord
# target name                         accession   tlen query name           accession   qlen   E-value  score  bias   #  of  c-Evalue  i-Evalue  score  bias  from    to  from    to  from    to  acc description of target
#                 ------------------- ---------- ----- -------------------- ---------- ----- --------- ------ ----- --- --- --------- --------- ------ ----- ----- ----- ----- ----- ----- ----- ---- ---------------------
NW_025965314.1_RagTag:614962-614699   -             88 26074at314147        -            322     4e-14   48.7   0.4   1   1   2.5e-16   4.4e-14   48.6   0.4   192   269    12    84     3    87 0.86 -
NW_025965308.1_RagTag:924163-923777   -            129 26074at314147        -            322   4.2e-14   48.6   0.1   1   1   2.7e-16   4.8e-14   48.4   0.1   201   269    51   119    29   127 0.83 -
contig_5411_pilon:437-201             -             79 26074at314147        -            322   8.4e-14   47.6   0.2   1   1   5.2e-16   9.1e-14   47.5   0.2   197   269     8    75     2    78 0.80 -
contig_83093_pilon:417-680            -             88 26074at314147        -            322     2e-13   46.4   0.2   1   1   1.2e-15   2.2e-13   46.3   0.2   193   269    13    84     4    87 0.80 -
NW_025965075.1_RagTag:18127-23307     -            380 26074at314147        -            322   2.6e-13   46.0   0.4   1   1   2.3e-15   4.1e-13   45.4   0.4   195   268   299   371   281   375 0.84 -
NW_025965287.1_RagTag:1342617-1340375 -            588 26074at314147        -            322   0.00031   16.2   0.8   1   2   1.2e-05     0.002   13.5   1.6   216   265   425   472   413   479 0.86 -
NW_025965287.1_RagTag:1342617-1340375 -            588 26074at314147        -            322   0.00031   16.2   0.8   2   2      0.61   1.1e+02   -2.0   0.0   125   155   540   570   533   575 0.84 -
NW_025965309.1_RagTag:3290555-3290193 -            121 26074at314147        -            322    0.0022   13.4   0.2   1   1   1.3e-05    0.0023   13.4   0.2   223   266    62   109    23   116 0.78 -
NW_025965317.1_RagTag:2732946-2735087 -            714 26074at314147        -            322     0.088    8.1   3.2   1   1   0.00097      0.17    7.2   3.2   223   265     3    43     1    66 0.89 -
#
# Program:         hmmsearch
# Version:         3.1b2 (February 2015)
# Pipeline mode:   SEARCH
# Query file:      /home/bgerda/guppy_SUP/busco_downloads/lineages/glires_odb10/hmms/26074at314147.hmm
# Target file:     /home/bgerda/guppy_SUP/busco_results_racon/run_glires_odb10/metaeuk_output/initial_results/ragtag.scaffold.fasta.modified.fas
# Option settings: hmmsearch --domtblout /home/bgerda/guppy_SUP/busco_results_racon/run_glires_odb10/hmmer_output/initial_run_results/26074at314147.out --cpu 1 /home/bgerda/guppy_SUP/busco_downloads/lineages/glires_odb10/hmms/26074at314147.hmm /home/bgerda/guppy_SUP/busco_results_racon/run_glires_odb10/metaeuk_output/initial_results/ragtag.scaffold.fasta.modified.fas 
# Current dir:     /home/bgerda/guppy_SUP
# Date:            Sun May 21 17:05:45 2023
# [ok]
