#                                                                                             --- full sequence --- -------------- this domain -------------   hmm coord   ali coord   env coord
# target name                         accession   tlen query name           accession   qlen   E-value  score  bias   #  of  c-Evalue  i-Evalue  score  bias  from    to  from    to  from    to  acc description of target
#                 ------------------- ---------- ----- -------------------- ---------- ----- --------- ------ ----- --- --- --------- --------- ------ ----- ----- ----- ----- ----- ----- ----- ---- ---------------------
NW_025965022.1_RagTag:199298-198405   -            298 26605at314147        -            261   5.5e-24   81.4   3.4   1   2   6.1e-07   0.00014   17.7   0.1   174   251    21    98    11   108 0.76 -
NW_025965022.1_RagTag:199298-198405   -            298 26605at314147        -            261   5.5e-24   81.4   3.4   2   2   2.5e-23     6e-21   71.4   0.9    19   250    46   296    32   298 0.79 -
NW_025965103.1_RagTag:1074469-1074975 -            169 26605at314147        -            261   2.3e-16   56.3   0.2   1   1   1.3e-18   3.1e-16   56.0   0.2   108   250    22   167     7   169 0.78 -
NW_025965280.1_RagTag:81766-83490     -            217 26605at314147        -            261   5.6e-13   45.3   0.0   1   2   6.4e-07   0.00015   17.6   0.0   184   255    16    92     5    98 0.81 -
NW_025965280.1_RagTag:81766-83490     -            217 26605at314147        -            261   5.6e-13   45.3   0.0   2   2   2.1e-09     5e-07   25.8   0.0    16    95   130   210   113   215 0.84 -
NW_025965317.1_RagTag:2345417-2346205 -            263 26605at314147        -            261   3.5e-11   39.4   0.0   1   2     2e-08   4.7e-06   22.6   0.0   184   253    11    77     4    83 0.84 -
NW_025965317.1_RagTag:2345417-2346205 -            263 26605at314147        -            261   3.5e-11   39.4   0.0   2   2   1.5e-05    0.0036   13.1   0.0   101   201   108   210    89   261 0.61 -
NW_025965230.1_RagTag:945904-945482   -            141 26605at314147        -            261   3.6e-07   26.2   0.0   1   1     3e-09     7e-07   25.3   0.0   143   257    11   135     4   138 0.74 -
NW_025965256.1_RagTag:611213-608748   -            158 26605at314147        -            261   4.5e-05   19.4   0.1   1   2      0.03       7.1    2.3   0.0   221   256     2    37     1    42 0.89 -
NW_025965256.1_RagTag:611213-608748   -            158 26605at314147        -            261   4.5e-05   19.4   0.1   2   2   3.9e-06   0.00091   15.1   0.0   187   220   119   156   102   158 0.82 -
#
# Program:         hmmsearch
# Version:         3.1b2 (February 2015)
# Pipeline mode:   SEARCH
# Query file:      /home/bgerda/guppy_SUP/busco_downloads/lineages/glires_odb10/hmms/26605at314147.hmm
# Target file:     /home/bgerda/guppy_SUP/busco_results_racon/run_glires_odb10/metaeuk_output/initial_results/ragtag.scaffold.fasta.modified.fas
# Option settings: hmmsearch --domtblout /home/bgerda/guppy_SUP/busco_results_racon/run_glires_odb10/hmmer_output/initial_run_results/26605at314147.out --cpu 1 /home/bgerda/guppy_SUP/busco_downloads/lineages/glires_odb10/hmms/26605at314147.hmm /home/bgerda/guppy_SUP/busco_results_racon/run_glires_odb10/metaeuk_output/initial_results/ragtag.scaffold.fasta.modified.fas 
# Current dir:     /home/bgerda/guppy_SUP
# Date:            Sun May 21 17:05:47 2023
# [ok]
