#                                                                                             --- full sequence --- -------------- this domain -------------   hmm coord   ali coord   env coord
# target name                         accession   tlen query name           accession   qlen   E-value  score  bias   #  of  c-Evalue  i-Evalue  score  bias  from    to  from    to  from    to  acc description of target
#                 ------------------- ---------- ----- -------------------- ---------- ----- --------- ------ ----- --- --- --------- --------- ------ ----- ----- ----- ----- ----- ----- ----- ---- ---------------------
NW_025965280.1_RagTag:81766-83490     -            217 26693at314147        -            301   1.1e-14   50.9   0.0   1   1   5.4e-17   1.3e-14   50.7   0.0    20   216     6   214     2   217 0.87 -
NW_025965230.1_RagTag:945904-945482   -            141 26693at314147        -            301   1.2e-12   44.2   0.0   1   1   6.3e-15   1.5e-12   43.9   0.0   173   294     8   132     4   138 0.83 -
NW_025965022.1_RagTag:199298-198405   -            298 26693at314147        -            301   4.1e-12   42.4   0.3   1   2   9.9e-07   0.00023   17.0   0.0   203   291    12    98     6   108 0.88 -
NW_025965022.1_RagTag:199298-198405   -            298 26693at314147        -            301   4.1e-12   42.4   0.3   2   2   1.1e-08   2.7e-06   23.3   0.1    19   165   116   273   111   283 0.77 -
NW_025965317.1_RagTag:2345417-2346205 -            263 26693at314147        -            301   6.4e-08   28.7   0.0   1   2   8.8e-07   0.00021   17.1   0.0    27   168     8   146     2   160 0.73 -
NW_025965317.1_RagTag:2345417-2346205 -            263 26693at314147        -            301   6.4e-08   28.7   0.0   2   2   0.00035     0.083    8.6   0.0     8    59   167   222   162   259 0.78 -
NW_025965103.1_RagTag:1074469-1074975 -            169 26693at314147        -            301   1.4e-05   21.0   0.0   1   1   6.5e-08   1.5e-05   20.8   0.0    61   165    34   144     1   159 0.72 -
NW_025965256.1_RagTag:611213-608748   -            158 26693at314147        -            301   9.6e-05   18.2   0.0   1   2    0.0067       1.6    4.4   0.0   113   142    54    83     5    94 0.79 -
NW_025965256.1_RagTag:611213-608748   -            158 26693at314147        -            301   9.6e-05   18.2   0.0   2   2   3.3e-05    0.0077   12.0   0.0   126   159   120   156   103   158 0.85 -
#
# Program:         hmmsearch
# Version:         3.1b2 (February 2015)
# Pipeline mode:   SEARCH
# Query file:      /home/bgerda/guppy_SUP/busco_downloads/lineages/glires_odb10/hmms/26693at314147.hmm
# Target file:     /home/bgerda/guppy_SUP/busco_results_racon/run_glires_odb10/metaeuk_output/initial_results/ragtag.scaffold.fasta.modified.fas
# Option settings: hmmsearch --domtblout /home/bgerda/guppy_SUP/busco_results_racon/run_glires_odb10/hmmer_output/initial_run_results/26693at314147.out --cpu 1 /home/bgerda/guppy_SUP/busco_downloads/lineages/glires_odb10/hmms/26693at314147.hmm /home/bgerda/guppy_SUP/busco_results_racon/run_glires_odb10/metaeuk_output/initial_results/ragtag.scaffold.fasta.modified.fas 
# Current dir:     /home/bgerda/guppy_SUP
# Date:            Sun May 21 17:05:46 2023
# [ok]
