#                                                                                             --- full sequence --- -------------- this domain -------------   hmm coord   ali coord   env coord
# target name                         accession   tlen query name           accession   qlen   E-value  score  bias   #  of  c-Evalue  i-Evalue  score  bias  from    to  from    to  from    to  acc description of target
#                 ------------------- ---------- ----- -------------------- ---------- ----- --------- ------ ----- --- --- --------- --------- ------ ----- ----- ----- ----- ----- ----- ----- ---- ---------------------
NW_025965280.1_RagTag:81766-83490     -            217 27735at314147        -             86   7.2e-13   44.9   0.2   1   2   1.5e-07   4.3e-05   20.0   0.0    21    85    10    78     5    79 0.85 -
NW_025965280.1_RagTag:81766-83490     -            217 27735at314147        -             86   7.2e-13   44.9   0.2   2   2     2e-08   5.6e-06   22.8   0.1    18    85   106   175   100   176 0.81 -
NW_025965022.1_RagTag:199298-198405   -            298 27735at314147        -             86   4.2e-12   42.4   0.9   1   3   6.1e-06    0.0017   14.8   0.0    11    77     6    80     1    87 0.81 -
NW_025965022.1_RagTag:199298-198405   -            298 27735at314147        -             86   4.2e-12   42.4   0.9   2   3   0.00014     0.039   10.5   0.1    19    76   118   182   113   190 0.72 -
NW_025965022.1_RagTag:199298-198405   -            298 27735at314147        -             86   4.2e-12   42.4   0.9   3   3   1.2e-05    0.0035   13.9   0.0    17    83   214   286   203   289 0.80 -
NW_025965103.1_RagTag:1074469-1074975 -            169 27735at314147        -             86   5.4e-06   22.9   0.0   1   2   0.00073      0.21    8.2   0.0    31    77     2    54     1    62 0.74 -
NW_025965103.1_RagTag:1074469-1074975 -            169 27735at314147        -             86   5.4e-06   22.9   0.0   2   2   2.7e-05    0.0078   12.7   0.0    17    83    85   157    73   160 0.80 -
NW_025965256.1_RagTag:611213-608748   -            158 27735at314147        -             86   0.00011   18.6   0.0   1   2     0.014       4.1    4.0   0.0    30    49    66    85    43    96 0.75 -
NW_025965256.1_RagTag:611213-608748   -            158 27735at314147        -             86   0.00011   18.6   0.0   2   2   3.3e-05    0.0093   12.5   0.0    20    64   109   156    91   158 0.82 -
NW_025965317.1_RagTag:2345417-2346205 -            263 27735at314147        -             86    0.0005   16.6   0.1   1   3    0.0018      0.51    6.9   0.0    23    76     7    56     1    65 0.76 -
NW_025965317.1_RagTag:2345417-2346205 -            263 27735at314147        -             86    0.0005   16.6   0.1   2   3      0.27        77   -0.1   0.0    58    77   131   150    86   157 0.73 -
NW_025965317.1_RagTag:2345417-2346205 -            263 27735at314147        -             86    0.0005   16.6   0.1   3   3    0.0043       1.2    5.7   0.0    16    44   182   210   168   247 0.78 -
#
# Program:         hmmsearch
# Version:         3.1b2 (February 2015)
# Pipeline mode:   SEARCH
# Query file:      /home/bgerda/guppy_SUP/busco_downloads/lineages/glires_odb10/hmms/27735at314147.hmm
# Target file:     /home/bgerda/guppy_SUP/busco_results_racon/run_glires_odb10/metaeuk_output/initial_results/ragtag.scaffold.fasta.modified.fas
# Option settings: hmmsearch --domtblout /home/bgerda/guppy_SUP/busco_results_racon/run_glires_odb10/hmmer_output/initial_run_results/27735at314147.out --cpu 1 /home/bgerda/guppy_SUP/busco_downloads/lineages/glires_odb10/hmms/27735at314147.hmm /home/bgerda/guppy_SUP/busco_results_racon/run_glires_odb10/metaeuk_output/initial_results/ragtag.scaffold.fasta.modified.fas 
# Current dir:     /home/bgerda/guppy_SUP
# Date:            Sun May 21 17:05:47 2023
# [ok]
