#                                                                                             --- full sequence --- -------------- this domain -------------   hmm coord   ali coord   env coord
# target name                         accession   tlen query name           accession   qlen   E-value  score  bias   #  of  c-Evalue  i-Evalue  score  bias  from    to  from    to  from    to  acc description of target
#                 ------------------- ---------- ----- -------------------- ---------- ----- --------- ------ ----- --- --- --------- --------- ------ ----- ----- ----- ----- ----- ----- ----- ---- ---------------------
NW_025965344.1_RagTag:40655-35255     -            204 28450at314147        -            267   7.3e-15   51.7   0.0   1   1   7.7e-17   1.1e-14   51.2   0.0    50   182    53   186    32   195 0.73 -
NW_025965188.1_RagTag:427872-428438   -            189 28450at314147        -            267   3.2e-11   39.8   0.0   1   1   3.9e-07   5.5e-05   19.3   0.0   145   190   122   167   113   185 0.82 -
NW_025965288.1_RagTag:109483-111161   -            290 28450at314147        -            267   3.6e-10   36.3   0.0   1   1   3.7e-12   5.3e-10   35.8   0.0   112   191    71   150    49   174 0.92 -
NW_025965163.1_RagTag:38535-29734     -            753 28450at314147        -            267   4.5e-08   29.4   0.0   1   1   5.1e-10   7.1e-08   28.8   0.0    49   154   435   541   415   553 0.85 -
NW_025965288.1_RagTag:99923-99699     -             75 28450at314147        -            267   1.9e-05   20.9   0.0   1   1   1.4e-07   1.9e-05   20.8   0.0   145   210     2    73     1    75 0.72 -
NW_025965352.1_RagTag:102445-104127   -            319 28450at314147        -            267   9.9e-05   18.5   0.0   1   1     1e-06   0.00014   18.0   0.0   133   195     7    70     2    89 0.68 -
NW_025965276.1_RagTag:371243-371716   -            158 28450at314147        -            267   0.00016   17.8   0.1   1   2      0.49        69   -0.7   0.0   133   157    17    41     4    52 0.52 -
NW_025965276.1_RagTag:371243-371716   -            158 28450at314147        -            267   0.00016   17.8   0.1   2   2   4.2e-06    0.0006   15.9   0.0    33   109    58   132    41   150 0.65 -
NW_025965287.1_RagTag:1503606-1508138 -            432 28450at314147        -            267    0.0003   16.9   0.4   1   1   3.3e-06   0.00046   16.3   0.4    95   191   322   420   314   430 0.78 -
NW_025965306.1_RagTag:1019039-1020148 -            370 28450at314147        -            267    0.0022   14.1   0.0   1   1   2.3e-05    0.0032   13.5   0.0    63   124    21    81     2    90 0.82 -
NW_025965318.1_RagTag:155154-165181   -            166 28450at314147        -            267    0.0071   12.4   0.0   1   1   6.7e-05    0.0094   12.0   0.0   142   263   121   149    92   159 0.72 -
#
# Program:         hmmsearch
# Version:         3.1b2 (February 2015)
# Pipeline mode:   SEARCH
# Query file:      /home/bgerda/guppy_SUP/busco_downloads/lineages/glires_odb10/hmms/28450at314147.hmm
# Target file:     /home/bgerda/guppy_SUP/busco_results_racon/run_glires_odb10/metaeuk_output/initial_results/ragtag.scaffold.fasta.modified.fas
# Option settings: hmmsearch --domtblout /home/bgerda/guppy_SUP/busco_results_racon/run_glires_odb10/hmmer_output/initial_run_results/28450at314147.out --cpu 1 /home/bgerda/guppy_SUP/busco_downloads/lineages/glires_odb10/hmms/28450at314147.hmm /home/bgerda/guppy_SUP/busco_results_racon/run_glires_odb10/metaeuk_output/initial_results/ragtag.scaffold.fasta.modified.fas 
# Current dir:     /home/bgerda/guppy_SUP
# Date:            Sun May 21 17:05:45 2023
# [ok]
