#                                                                                             --- full sequence --- -------------- this domain -------------   hmm coord   ali coord   env coord
# target name                         accession   tlen query name           accession   qlen   E-value  score  bias   #  of  c-Evalue  i-Evalue  score  bias  from    to  from    to  from    to  acc description of target
#                 ------------------- ---------- ----- -------------------- ---------- ----- --------- ------ ----- --- --- --------- --------- ------ ----- ----- ----- ----- ----- ----- ----- ---- ---------------------
NW_025965022.1_RagTag:199298-198405   -            298 28501at314147        -            236   1.3e-15   53.9   0.4   1   2   2.5e-07   7.1e-05   18.8   0.0    63   200     4   146     1   163 0.83 -
NW_025965022.1_RagTag:199298-198405   -            298 28501at314147        -            236   1.3e-15   53.9   0.4   2   2   5.1e-12   1.4e-09   34.2   0.1    18   140   162   282   150   297 0.84 -
NW_025965280.1_RagTag:81766-83490     -            217 28501at314147        -            236   8.6e-14   48.0   0.2   1   2   2.6e-11   7.3e-09   31.9   0.0    18   112    49   144    39   148 0.89 -
NW_025965280.1_RagTag:81766-83490     -            217 28501at314147        -            236   8.6e-14   48.0   0.2   2   2   6.1e-06    0.0017   14.3   0.0    19    87   147   217   144   217 0.80 -
NW_025965103.1_RagTag:1074469-1074975 -            169 28501at314147        -            236   6.4e-11   38.6   0.1   1   1   3.2e-13   9.1e-11   38.1   0.1    18   140    33   153    18   168 0.84 -
NW_025965317.1_RagTag:2345417-2346205 -            263 28501at314147        -            236   9.1e-09   31.6   0.1   1   2   3.4e-05    0.0096   11.8   0.0    16    97    34   115    21   121 0.75 -
NW_025965317.1_RagTag:2345417-2346205 -            263 28501at314147        -            236   9.1e-09   31.6   0.1   2   2   3.7e-07   0.00011   18.3   0.0    10   103   121   215   113   253 0.85 -
NW_025965256.1_RagTag:611213-608748   -            158 28501at314147        -            236   0.00015   17.8   0.1   1   2    0.0017      0.48    6.3   0.1    69    98    50    80     1    92 0.61 -
NW_025965256.1_RagTag:611213-608748   -            158 28501at314147        -            236   0.00015   17.8   0.1   2   2   0.00011     0.031   10.2   0.0    60   126    94   157    84   158 0.75 -
#
# Program:         hmmsearch
# Version:         3.1b2 (February 2015)
# Pipeline mode:   SEARCH
# Query file:      /home/bgerda/guppy_SUP/busco_downloads/lineages/glires_odb10/hmms/28501at314147.hmm
# Target file:     /home/bgerda/guppy_SUP/busco_results_racon/run_glires_odb10/metaeuk_output/initial_results/ragtag.scaffold.fasta.modified.fas
# Option settings: hmmsearch --domtblout /home/bgerda/guppy_SUP/busco_results_racon/run_glires_odb10/hmmer_output/initial_run_results/28501at314147.out --cpu 1 /home/bgerda/guppy_SUP/busco_downloads/lineages/glires_odb10/hmms/28501at314147.hmm /home/bgerda/guppy_SUP/busco_results_racon/run_glires_odb10/metaeuk_output/initial_results/ragtag.scaffold.fasta.modified.fas 
# Current dir:     /home/bgerda/guppy_SUP
# Date:            Sun May 21 17:05:46 2023
# [ok]
