#                                                                                             --- full sequence --- -------------- this domain -------------   hmm coord   ali coord   env coord
# target name                         accession   tlen query name           accession   qlen   E-value  score  bias   #  of  c-Evalue  i-Evalue  score  bias  from    to  from    to  from    to  acc description of target
#                 ------------------- ---------- ----- -------------------- ---------- ----- --------- ------ ----- --- --- --------- --------- ------ ----- ----- ----- ----- ----- ----- ----- ---- ---------------------
NW_025965227.1_RagTag:1166932-1167426 -            165 28603at314147        -            503   1.4e-19   66.6  10.6   1   2   6.3e-07   0.00015   17.0   1.0   193   266     5    80     2    82 0.91 -
NW_025965227.1_RagTag:1166932-1167426 -            165 28603at314147        -            503   1.4e-19   66.6  10.6   2   2   2.1e-18     5e-16   54.8   2.7   185   267    83   165    81   165 0.98 -
NW_025965008.1_RagTag:43569-43099     -            157 28603at314147        -            503     1e-17   60.4   7.4   1   2   1.4e-07   3.2e-05   19.2   1.5   193   266     3    78     1    82 0.90 -
NW_025965008.1_RagTag:43569-43099     -            157 28603at314147        -            503     1e-17   60.4   7.4   2   2   1.6e-15   3.7e-13   45.4   0.7   190   261    84   155    72   157 0.91 -
contig_2414_pilon:39-507              -            153 28603at314147        -            503   4.4e-16   55.0   9.6   1   2   0.00033     0.077    8.0   1.0   199   266     2    71     1    75 0.87 -
contig_2414_pilon:39-507              -            153 28603at314147        -            503   4.4e-16   55.0   9.6   2   2   1.7e-17     4e-15   51.9   3.0   189   267    75   153    66   153 0.94 -
NW_025965291.1_RagTag:412845-412510   -            112 28603at314147        -            503   8.9e-15   50.7   5.1   1   1     4e-17   9.4e-15   50.6   5.1   185   267    30   112     7   112 0.94 -
contig_67574_pilon:1299-1111          -             63 28603at314147        -            503   1.7e-07   26.7   0.1   1   1   7.6e-10   1.8e-07   26.6   0.1   204   266     1    63     1    63 0.97 -
NW_025965076.1_RagTag:4134-4397       -             88 28603at314147        -            503   6.6e-06   21.4   0.9   1   1   3.2e-08   7.5e-06   21.3   0.9   193   266     3    78     1    82 0.93 -
#
# Program:         hmmsearch
# Version:         3.1b2 (February 2015)
# Pipeline mode:   SEARCH
# Query file:      /home/bgerda/guppy_SUP/busco_downloads/lineages/glires_odb10/hmms/28603at314147.hmm
# Target file:     /home/bgerda/guppy_SUP/busco_results_racon/run_glires_odb10/metaeuk_output/initial_results/ragtag.scaffold.fasta.modified.fas
# Option settings: hmmsearch --domtblout /home/bgerda/guppy_SUP/busco_results_racon/run_glires_odb10/hmmer_output/initial_run_results/28603at314147.out --cpu 1 /home/bgerda/guppy_SUP/busco_downloads/lineages/glires_odb10/hmms/28603at314147.hmm /home/bgerda/guppy_SUP/busco_results_racon/run_glires_odb10/metaeuk_output/initial_results/ragtag.scaffold.fasta.modified.fas 
# Current dir:     /home/bgerda/guppy_SUP
# Date:            Sun May 21 17:05:47 2023
# [ok]
