#                                                                                             --- full sequence --- -------------- this domain -------------   hmm coord   ali coord   env coord
# target name                         accession   tlen query name           accession   qlen   E-value  score  bias   #  of  c-Evalue  i-Evalue  score  bias  from    to  from    to  from    to  acc description of target
#                 ------------------- ---------- ----- -------------------- ---------- ----- --------- ------ ----- --- --- --------- --------- ------ ----- ----- ----- ----- ----- ----- ----- ---- ---------------------
NW_025965188.1_RagTag:427872-428438   -            189 28691at314147        -            276   1.8e-13   46.9   0.7   1   2     3e-07   5.3e-05   19.2   0.1    47   126    26   106    20   112 0.76 -
NW_025965188.1_RagTag:427872-428438   -            189 28691at314147        -            276   1.8e-13   46.9   0.7   2   2   1.9e-09   3.3e-07   26.4   0.0    98   151   124   180   111   186 0.79 -
NW_025965276.1_RagTag:371243-371716   -            158 28691at314147        -            276     2e-13   46.8   0.8   1   1   1.7e-15   3.1e-13   46.2   0.8    47   154    12   130     2   156 0.77 -
NW_025965344.1_RagTag:40655-35255     -            204 28691at314147        -            276     3e-12   43.0   0.0   1   1   2.6e-14   4.5e-12   42.4   0.0    41   193    24   183    11   198 0.81 -
NW_025965163.1_RagTag:38535-29734     -            753 28691at314147        -            276     1e-09   34.7   0.0   1   1   1.3e-11   2.2e-09   33.6   0.0    80   168   450   541   424   555 0.84 -
NW_025965306.1_RagTag:1019039-1020148 -            370 28691at314147        -            276   3.3e-06   23.1   0.0   1   1   2.7e-08   4.7e-06   22.6   0.0    78   137    18    80     3   105 0.61 -
NW_025965288.1_RagTag:109483-111161   -            290 28691at314147        -            276   2.1e-05   20.5   0.1   1   1   2.4e-07   4.3e-05   19.5   0.0   119   182    97   160    48   188 0.66 -
NW_025965352.1_RagTag:102445-104127   -            319 28691at314147        -            276   0.00029   16.8   0.0   1   1   2.2e-06   0.00039   16.3   0.0    51   155     6    48     1    73 0.61 -
NW_025965287.1_RagTag:1503606-1508138 -            432 28691at314147        -            276    0.0039   13.1   0.0   1   1   3.4e-05     0.006   12.5   0.0    56   105   367   416   354   425 0.80 -
#
# Program:         hmmsearch
# Version:         3.1b2 (February 2015)
# Pipeline mode:   SEARCH
# Query file:      /home/bgerda/guppy_SUP/busco_downloads/lineages/glires_odb10/hmms/28691at314147.hmm
# Target file:     /home/bgerda/guppy_SUP/busco_results_racon/run_glires_odb10/metaeuk_output/initial_results/ragtag.scaffold.fasta.modified.fas
# Option settings: hmmsearch --domtblout /home/bgerda/guppy_SUP/busco_results_racon/run_glires_odb10/hmmer_output/initial_run_results/28691at314147.out --cpu 1 /home/bgerda/guppy_SUP/busco_downloads/lineages/glires_odb10/hmms/28691at314147.hmm /home/bgerda/guppy_SUP/busco_results_racon/run_glires_odb10/metaeuk_output/initial_results/ragtag.scaffold.fasta.modified.fas 
# Current dir:     /home/bgerda/guppy_SUP
# Date:            Sun May 21 17:05:45 2023
# [ok]
