#                                                                                             --- full sequence --- -------------- this domain -------------   hmm coord   ali coord   env coord
# target name                         accession   tlen query name           accession   qlen   E-value  score  bias   #  of  c-Evalue  i-Evalue  score  bias  from    to  from    to  from    to  acc description of target
#                 ------------------- ---------- ----- -------------------- ---------- ----- --------- ------ ----- --- --- --------- --------- ------ ----- ----- ----- ----- ----- ----- ----- ---- ---------------------
NW_025965314.1_RagTag:614962-614699   -             88 28696at314147        -            268     4e-12   42.4   0.4   1   1   2.4e-14   4.2e-12   42.3   0.4   189   266    12    84     2    86 0.86 -
contig_83093_pilon:417-680            -             88 28696at314147        -            268   7.4e-12   41.5   0.3   1   1   4.6e-14   8.1e-12   41.4   0.3   189   266    12    84     3    86 0.85 -
contig_5411_pilon:437-201             -             79 28696at314147        -            268   2.1e-11   40.0   0.2   1   1   1.2e-13   2.2e-11   40.0   0.2   196   266    10    75     2    77 0.84 -
NW_025965308.1_RagTag:924163-923777   -            129 28696at314147        -            268   1.7e-10   37.1   0.3   1   1   1.1e-12     2e-10   36.9   0.3   201   262    54   115    33   120 0.83 -
NW_025965075.1_RagTag:18127-23307     -            380 28696at314147        -            268   7.1e-10   35.0   0.3   1   1   6.4e-12   1.1e-09   34.4   0.3   195   266   302   372   282   374 0.80 -
NW_025965287.1_RagTag:1342617-1340375 -            588 28696at314147        -            268   1.7e-06   24.0   1.0   1   1   1.8e-08   3.1e-06   23.1   1.0   210   262   422   472   405   475 0.91 -
NW_025965309.1_RagTag:3290555-3290193 -            121 28696at314147        -            268   0.00034   16.4   0.9   1   2      0.95   1.7e+02   -2.3   0.0   214   226    15    27     6    43 0.67 -
NW_025965309.1_RagTag:3290555-3290193 -            121 28696at314147        -            268   0.00034   16.4   0.9   2   2   2.4e-06   0.00042   16.1   0.3   209   265    50   111    38   114 0.77 -
NW_025965317.1_RagTag:2732946-2735087 -            714 28696at314147        -            268      0.15    7.7   4.1   1   1    0.0014      0.24    7.1   4.1   220   262     3    43     1    47 0.88 -
#
# Program:         hmmsearch
# Version:         3.1b2 (February 2015)
# Pipeline mode:   SEARCH
# Query file:      /home/bgerda/guppy_SUP/busco_downloads/lineages/glires_odb10/hmms/28696at314147.hmm
# Target file:     /home/bgerda/guppy_SUP/busco_results_racon/run_glires_odb10/metaeuk_output/initial_results/ragtag.scaffold.fasta.modified.fas
# Option settings: hmmsearch --domtblout /home/bgerda/guppy_SUP/busco_results_racon/run_glires_odb10/hmmer_output/initial_run_results/28696at314147.out --cpu 1 /home/bgerda/guppy_SUP/busco_downloads/lineages/glires_odb10/hmms/28696at314147.hmm /home/bgerda/guppy_SUP/busco_results_racon/run_glires_odb10/metaeuk_output/initial_results/ragtag.scaffold.fasta.modified.fas 
# Current dir:     /home/bgerda/guppy_SUP
# Date:            Sun May 21 17:05:45 2023
# [ok]
