#                                                                                             --- full sequence --- -------------- this domain -------------   hmm coord   ali coord   env coord
# target name                         accession   tlen query name           accession   qlen   E-value  score  bias   #  of  c-Evalue  i-Evalue  score  bias  from    to  from    to  from    to  acc description of target
#                 ------------------- ---------- ----- -------------------- ---------- ----- --------- ------ ----- --- --- --------- --------- ------ ----- ----- ----- ----- ----- ----- ----- ---- ---------------------
NW_025965314.1_RagTag:573152-572469   -            228 28847at314147        -            285   5.2e-39  130.4   0.4   1   1   5.4e-41   6.9e-39  130.0   0.4     7   193    10   201     6   207 0.91 -
contig_4568_pilon:1301-1600           -            100 28847at314147        -            285    0.0001   17.9   1.3   1   1   7.8e-07    0.0001   17.9   1.3    16    57     2    45     1    84 0.82 -
NW_025965287.1_RagTag:1342617-1340375 -            588 28847at314147        -            285    0.0006   15.3   0.7   1   1   9.8e-06    0.0013   14.3   0.7    17    58   432   473   424   486 0.91 -
NW_025965225.1_RagTag:584155-583874   -             94 28847at314147        -            285   0.00066   15.2   4.5   1   1   5.2e-06   0.00066   15.2   4.5    17    58     4    45     1    74 0.82 -
contig_83093_pilon:417-680            -             88 28847at314147        -            285    0.0014   14.2   2.2   1   1   2.2e-05    0.0028   13.1   2.2    16    59    37    82    28    86 0.82 -
NW_025965075.1_RagTag:18127-23307     -            380 28847at314147        -            285     0.002   13.6   1.0   1   1   2.8e-05    0.0036   12.8   1.0    17    57   326   368   314   374 0.83 -
contig_5411_pilon:437-201             -             79 28847at314147        -            285    0.0033   12.9   2.0   1   1   5.1e-05    0.0065   11.9   2.0    17    59    29    73    20    77 0.80 -
NW_025965315.1_RagTag:704026-703202   -            275 28847at314147        -            285    0.0038   12.7   6.0   1   1   4.9e-05    0.0062   12.0   6.0   201   272   119   189    95   199 0.79 -
NW_025965309.1_RagTag:3290555-3290193 -            121 28847at314147        -            285    0.0051   12.3   2.7   1   1   4.2e-05    0.0054   12.2   2.2    31    64    82   115    43   120 0.76 -
NW_025965314.1_RagTag:614962-614699   -             88 28847at314147        -            285    0.0057   12.1   2.4   1   1     9e-05     0.012   11.1   2.4    17    59    38    82    29    86 0.80 -
NW_025965075.1_RagTag:65339-58346     -            349 28847at314147        -            285     0.014   10.8   3.5   1   1   0.00016     0.021   10.3   3.5    11    79    44   112    41   145 0.73 -
#
# Program:         hmmsearch
# Version:         3.1b2 (February 2015)
# Pipeline mode:   SEARCH
# Query file:      /home/bgerda/guppy_SUP/busco_downloads/lineages/glires_odb10/hmms/28847at314147.hmm
# Target file:     /home/bgerda/guppy_SUP/busco_results_racon/run_glires_odb10/metaeuk_output/initial_results/ragtag.scaffold.fasta.modified.fas
# Option settings: hmmsearch --domtblout /home/bgerda/guppy_SUP/busco_results_racon/run_glires_odb10/hmmer_output/initial_run_results/28847at314147.out --cpu 1 /home/bgerda/guppy_SUP/busco_downloads/lineages/glires_odb10/hmms/28847at314147.hmm /home/bgerda/guppy_SUP/busco_results_racon/run_glires_odb10/metaeuk_output/initial_results/ragtag.scaffold.fasta.modified.fas 
# Current dir:     /home/bgerda/guppy_SUP
# Date:            Sun May 21 17:05:48 2023
# [ok]
