#                                                                                             --- full sequence --- -------------- this domain -------------   hmm coord   ali coord   env coord
# target name                         accession   tlen query name           accession   qlen   E-value  score  bias   #  of  c-Evalue  i-Evalue  score  bias  from    to  from    to  from    to  acc description of target
#                 ------------------- ---------- ----- -------------------- ---------- ----- --------- ------ ----- --- --- --------- --------- ------ ----- ----- ----- ----- ----- ----- ----- ---- ---------------------
NW_025965317.1_RagTag:2345417-2346205 -            263 28911at314147        -            255   1.1e-19   67.0   0.0   1   1   5.5e-22   1.3e-19   66.8   0.0    28   226    42   239    20   260 0.85 -
NW_025965022.1_RagTag:199298-198405   -            298 28911at314147        -            255   1.2e-16   57.0   0.4   1   3   5.9e-06    0.0014   14.2   0.0   159   240     3    87     1    94 0.86 -
NW_025965022.1_RagTag:199298-198405   -            298 28911at314147        -            255   1.2e-16   57.0   0.4   2   3   1.4e-05    0.0033   13.0   0.0   144   227    89   177    86   184 0.81 -
NW_025965022.1_RagTag:199298-198405   -            298 28911at314147        -            255   1.2e-16   57.0   0.4   3   3   1.7e-12     4e-10   35.7   0.1   121   247   169   293   163   297 0.88 -
NW_025965280.1_RagTag:81766-83490     -            217 28911at314147        -            255   7.4e-14   47.9   0.0   1   1   1.3e-15   3.1e-13   45.9   0.0     2   145    15   177    14   189 0.74 -
NW_025965103.1_RagTag:1074469-1074975 -            169 28911at314147        -            255   2.2e-11   39.8   0.2   1   1   1.1e-13   2.7e-11   39.5   0.2   120   247    39   164     3   168 0.89 -
NW_025965230.1_RagTag:945904-945482   -            141 28911at314147        -            255   4.9e-08   28.8   0.0   1   1   3.1e-10   7.2e-08   28.3   0.0   142   248    14   126     3   132 0.72 -
NW_025965256.1_RagTag:611213-608748   -            158 28911at314147        -            255   0.00055   15.5   0.0   1   2   0.00042     0.098    8.2   0.0    30   102     1    81     1    87 0.75 -
NW_025965256.1_RagTag:611213-608748   -            158 28911at314147        -            255   0.00055   15.5   0.0   2   2    0.0028      0.65    5.5   0.0   176   220   114   156   107   158 0.76 -
#
# Program:         hmmsearch
# Version:         3.1b2 (February 2015)
# Pipeline mode:   SEARCH
# Query file:      /home/bgerda/guppy_SUP/busco_downloads/lineages/glires_odb10/hmms/28911at314147.hmm
# Target file:     /home/bgerda/guppy_SUP/busco_results_racon/run_glires_odb10/metaeuk_output/initial_results/ragtag.scaffold.fasta.modified.fas
# Option settings: hmmsearch --domtblout /home/bgerda/guppy_SUP/busco_results_racon/run_glires_odb10/hmmer_output/initial_run_results/28911at314147.out --cpu 1 /home/bgerda/guppy_SUP/busco_downloads/lineages/glires_odb10/hmms/28911at314147.hmm /home/bgerda/guppy_SUP/busco_results_racon/run_glires_odb10/metaeuk_output/initial_results/ragtag.scaffold.fasta.modified.fas 
# Current dir:     /home/bgerda/guppy_SUP
# Date:            Sun May 21 17:05:46 2023
# [ok]
