#                                                                                             --- full sequence --- -------------- this domain -------------   hmm coord   ali coord   env coord
# target name                         accession   tlen query name           accession   qlen   E-value  score  bias   #  of  c-Evalue  i-Evalue  score  bias  from    to  from    to  from    to  acc description of target
#                 ------------------- ---------- ----- -------------------- ---------- ----- --------- ------ ----- --- --- --------- --------- ------ ----- ----- ----- ----- ----- ----- ----- ---- ---------------------
NW_025965022.1_RagTag:199298-198405   -            298 29814at314147        -            236   2.1e-11   40.2   0.6   1   2   1.9e-09   5.3e-07   25.8   0.1    96   226     9   141     3   145 0.73 -
NW_025965022.1_RagTag:199298-198405   -            298 29814at314147        -            236   2.1e-11   40.2   0.6   2   2   4.1e-06    0.0011   14.8   0.1   100   229   118   241   106   248 0.83 -
NW_025965280.1_RagTag:81766-83490     -            217 29814at314147        -            236   1.3e-08   31.0   0.2   1   2     9e-07   0.00026   17.0   0.0    94   173     1    75     1    95 0.80 -
NW_025965280.1_RagTag:81766-83490     -            217 29814at314147        -            236   1.3e-08   31.0   0.2   2   2   2.4e-05    0.0068   12.3   0.1     6   114   104   209    99   216 0.76 -
NW_025965317.1_RagTag:2345417-2346205 -            263 29814at314147        -            236     8e-05   18.6   0.2   1   2     0.048        14    1.5   0.0    55   125    40   115     3   120 0.69 -
NW_025965317.1_RagTag:2345417-2346205 -            263 29814at314147        -            236     8e-05   18.6   0.2   2   2   1.1e-06   0.00032   16.7   0.1    34   127   113   211    87   251 0.67 -
NW_025965103.1_RagTag:1074469-1074975 -            169 29814at314147        -            236   0.00095   15.1   0.0   1   1   6.1e-06    0.0017   14.3   0.0   133   229    19   112     2   119 0.82 -
NW_025965256.1_RagTag:611213-608748   -            158 29814at314147        -            236    0.0023   13.9   0.0   1   2   0.00034     0.095    8.6   0.0   157   229     3    80     1    88 0.72 -
NW_025965256.1_RagTag:611213-608748   -            158 29814at314147        -            236    0.0023   13.9   0.0   2   2     0.013       3.7    3.3   0.0    16    31   119   134   103   156 0.66 -
#
# Program:         hmmsearch
# Version:         3.1b2 (February 2015)
# Pipeline mode:   SEARCH
# Query file:      /home/bgerda/guppy_SUP/busco_downloads/lineages/glires_odb10/hmms/29814at314147.hmm
# Target file:     /home/bgerda/guppy_SUP/busco_results_racon/run_glires_odb10/metaeuk_output/initial_results/ragtag.scaffold.fasta.modified.fas
# Option settings: hmmsearch --domtblout /home/bgerda/guppy_SUP/busco_results_racon/run_glires_odb10/hmmer_output/initial_run_results/29814at314147.out --cpu 1 /home/bgerda/guppy_SUP/busco_downloads/lineages/glires_odb10/hmms/29814at314147.hmm /home/bgerda/guppy_SUP/busco_results_racon/run_glires_odb10/metaeuk_output/initial_results/ragtag.scaffold.fasta.modified.fas 
# Current dir:     /home/bgerda/guppy_SUP
# Date:            Sun May 21 17:05:49 2023
# [ok]
