#                                                                                             --- full sequence --- -------------- this domain -------------   hmm coord   ali coord   env coord
# target name                         accession   tlen query name           accession   qlen   E-value  score  bias   #  of  c-Evalue  i-Evalue  score  bias  from    to  from    to  from    to  acc description of target
#                 ------------------- ---------- ----- -------------------- ---------- ----- --------- ------ ----- --- --- --------- --------- ------ ----- ----- ----- ----- ----- ----- ----- ---- ---------------------
NW_025965008.1_RagTag:43569-43099     -            157 30071at314147        -            346   1.3e-11   40.4   4.1   1   2   3.2e-06   0.00075   15.0   1.1    63   134     6    79     2    83 0.89 -
NW_025965008.1_RagTag:43569-43099     -            157 30071at314147        -            346   1.3e-11   40.4   4.1   2   2   7.6e-10   1.8e-07   26.9   0.1    60   126    87   153    80   157 0.88 -
NW_025965227.1_RagTag:1166932-1167426 -            165 30071at314147        -            346   1.1e-07   27.6   5.5   1   2   2.8e-05    0.0065   11.9   0.6    63   133     8    80     3    86 0.88 -
NW_025965227.1_RagTag:1166932-1167426 -            165 30071at314147        -            346   1.1e-07   27.6   5.5   2   2   2.5e-07     6e-05   18.6   0.4    61   133    92   164    81   165 0.92 -
contig_2414_pilon:39-507              -            153 30071at314147        -            346   1.8e-06   23.6   5.2   1   2   0.00025     0.058    8.8   0.6    89   134    27    72     6    77 0.87 -
contig_2414_pilon:39-507              -            153 30071at314147        -            346   1.8e-06   23.6   5.2   2   2   5.6e-07   0.00013   17.5   0.3    61   133    80   152    72   153 0.92 -
NW_025965291.1_RagTag:412845-412510   -            112 30071at314147        -            346   0.00015   17.2   0.7   1   2      0.62   1.5e+02   -2.4   0.1   111   133     5    27     2    30 0.73 -
NW_025965291.1_RagTag:412845-412510   -            112 30071at314147        -            346   0.00015   17.2   0.7   2   2   6.5e-07   0.00015   17.2   0.7    61   133    39   111    34   112 0.93 -
NW_025965076.1_RagTag:4134-4397       -             88 30071at314147        -            346   0.00061   15.3   0.6   1   1     3e-06   0.00071   15.1   0.6    63   133     6    78     2    84 0.88 -
contig_67574_pilon:1299-1111          -             63 30071at314147        -            346    0.0028   13.1   0.0   1   1   1.2e-05    0.0028   13.1   0.0    83   132    13    62     2    63 0.84 -
#
# Program:         hmmsearch
# Version:         3.1b2 (February 2015)
# Pipeline mode:   SEARCH
# Query file:      /home/bgerda/guppy_SUP/busco_downloads/lineages/glires_odb10/hmms/30071at314147.hmm
# Target file:     /home/bgerda/guppy_SUP/busco_results_racon/run_glires_odb10/metaeuk_output/initial_results/ragtag.scaffold.fasta.modified.fas
# Option settings: hmmsearch --domtblout /home/bgerda/guppy_SUP/busco_results_racon/run_glires_odb10/hmmer_output/initial_run_results/30071at314147.out --cpu 1 /home/bgerda/guppy_SUP/busco_downloads/lineages/glires_odb10/hmms/30071at314147.hmm /home/bgerda/guppy_SUP/busco_results_racon/run_glires_odb10/metaeuk_output/initial_results/ragtag.scaffold.fasta.modified.fas 
# Current dir:     /home/bgerda/guppy_SUP
# Date:            Sun May 21 17:05:45 2023
# [ok]
