#                                                                                             --- full sequence --- -------------- this domain -------------   hmm coord   ali coord   env coord
# target name                         accession   tlen query name           accession   qlen   E-value  score  bias   #  of  c-Evalue  i-Evalue  score  bias  from    to  from    to  from    to  acc description of target
#                 ------------------- ---------- ----- -------------------- ---------- ----- --------- ------ ----- --- --- --------- --------- ------ ----- ----- ----- ----- ----- ----- ----- ---- ---------------------
NW_025965324.1_RagTag:2914727-2915469 -            122 30846at314147        -            249   8.8e-22   74.7   2.0   1   1   7.2e-24   1.1e-21   74.3   2.0   169   239    25    96    19   101 0.91 -
NW_025965324.1_RagTag:2927304-2928146 -            184 30846at314147        -            249   1.8e-18   63.8   0.1   1   1   1.4e-20   2.2e-18   63.6   0.1   168   240    76   148    35   155 0.88 -
NW_025965275.1_RagTag:420401-420210   -             64 30846at314147        -            249     4e-17   59.4   4.5   1   1   2.6e-19     4e-17   59.4   4.5   178   235     5    62     1    64 0.92 -
NW_025965284.1_RagTag:343396-345492   -            220 30846at314147        -            249   1.3e-14   51.2   4.8   1   1   1.2e-16   1.9e-14   50.6   4.8   147   239   111   207    89   215 0.83 -
NW_025965177.1_RagTag:229533-229225   -            103 30846at314147        -            249   6.3e-13   45.7   0.1   1   1   5.1e-15   7.9e-13   45.3   0.1   170   231    42   103    18   103 0.93 -
NW_025965266.1_RagTag:206462-207725   -            136 30846at314147        -            249   3.9e-06   23.4   0.7   1   1   4.1e-08   6.4e-06   22.7   0.4   168   217    84   135    69   136 0.84 -
NW_025965309.1_RagTag:3204112-3203780 -            111 30846at314147        -            249   1.5e-05   21.5   0.0   1   1   1.4e-07   2.1e-05   21.0   0.0   213   235     9    31     3    43 0.83 -
NW_025965218.1_RagTag:1316640-1313338 -            193 30846at314147        -            249   0.00023   17.6   1.0   1   1   2.2e-06   0.00034   17.0   0.8   207   237    89   119    54   130 0.85 -
NW_025965028.1_RagTag:463927-462287   -            268 30846at314147        -            249    0.0035   13.7   0.0   1   1   3.4e-05    0.0053   13.2   0.0   168   230    24    87     4   101 0.73 -
#
# Program:         hmmsearch
# Version:         3.1b2 (February 2015)
# Pipeline mode:   SEARCH
# Query file:      /home/bgerda/guppy_SUP/busco_downloads/lineages/glires_odb10/hmms/30846at314147.hmm
# Target file:     /home/bgerda/guppy_SUP/busco_results_racon/run_glires_odb10/metaeuk_output/initial_results/ragtag.scaffold.fasta.modified.fas
# Option settings: hmmsearch --domtblout /home/bgerda/guppy_SUP/busco_results_racon/run_glires_odb10/hmmer_output/initial_run_results/30846at314147.out --cpu 1 /home/bgerda/guppy_SUP/busco_downloads/lineages/glires_odb10/hmms/30846at314147.hmm /home/bgerda/guppy_SUP/busco_results_racon/run_glires_odb10/metaeuk_output/initial_results/ragtag.scaffold.fasta.modified.fas 
# Current dir:     /home/bgerda/guppy_SUP
# Date:            Sun May 21 17:05:47 2023
# [ok]
