#                                                                                             --- full sequence --- -------------- this domain -------------   hmm coord   ali coord   env coord
# target name                         accession   tlen query name           accession   qlen   E-value  score  bias   #  of  c-Evalue  i-Evalue  score  bias  from    to  from    to  from    to  acc description of target
#                 ------------------- ---------- ----- -------------------- ---------- ----- --------- ------ ----- --- --- --------- --------- ------ ----- ----- ----- ----- ----- ----- ----- ---- ---------------------
NW_025965188.1_RagTag:427872-428438   -            189 31035at314147        -            289   2.7e-15   52.5   1.0   1   2   4.3e-07   8.6e-05   18.0   0.0   179   238    42   101    38   109 0.92 -
NW_025965188.1_RagTag:427872-428438   -            189 31035at314147        -            289   2.7e-15   52.5   1.0   2   2   9.3e-12   1.9e-09   33.4   0.3   171   247   114   189   106   189 0.92 -
NW_025965276.1_RagTag:371243-371716   -            158 31035at314147        -            289   2.1e-07   26.6   0.2   1   2   0.00025      0.05    9.0   0.0   197   226    13    42     6    48 0.87 -
NW_025965276.1_RagTag:371243-371716   -            158 31035at314147        -            289   2.1e-07   26.6   0.2   2   2   1.9e-06   0.00038   15.9   0.1   163   239    55   128    46   148 0.78 -
NW_025965287.1_RagTag:1503606-1508138 -            432 31035at314147        -            289   4.9e-07   25.4   0.5   1   1   4.7e-09   9.4e-07   24.5   0.5    47   164   313   432   300   432 0.77 -
NW_025965344.1_RagTag:40655-35255     -            204 31035at314147        -            289   7.8e-07   24.8   0.0   1   2     0.012       2.5    3.4   0.0   162   189    66    93    41   110 0.83 -
NW_025965344.1_RagTag:40655-35255     -            204 31035at314147        -            289   7.8e-07   24.8   0.0   2   2   1.3e-07   2.6e-05   19.8   0.0   168   240   105   176    97   203 0.81 -
NW_025965163.1_RagTag:38535-29734     -            753 31035at314147        -            289   8.5e-06   21.3   0.1   1   1   1.2e-07   2.5e-05   19.8   0.1   192   263   446   517   416   527 0.79 -
NW_025965288.1_RagTag:99923-99699     -             75 31035at314147        -            289   0.00016   17.2   0.0   1   1   7.9e-07   0.00016   17.2   0.0   178   227     1    52     1    74 0.88 -
NW_025965288.1_RagTag:109483-111161   -            290 31035at314147        -            289   0.00028   16.4   0.1   1   1   3.4e-06   0.00069   15.1   0.1   156   220   114   178   109   197 0.82 -
#
# Program:         hmmsearch
# Version:         3.1b2 (February 2015)
# Pipeline mode:   SEARCH
# Query file:      /home/bgerda/guppy_SUP/busco_downloads/lineages/glires_odb10/hmms/31035at314147.hmm
# Target file:     /home/bgerda/guppy_SUP/busco_results_racon/run_glires_odb10/metaeuk_output/initial_results/ragtag.scaffold.fasta.modified.fas
# Option settings: hmmsearch --domtblout /home/bgerda/guppy_SUP/busco_results_racon/run_glires_odb10/hmmer_output/initial_run_results/31035at314147.out --cpu 1 /home/bgerda/guppy_SUP/busco_downloads/lineages/glires_odb10/hmms/31035at314147.hmm /home/bgerda/guppy_SUP/busco_results_racon/run_glires_odb10/metaeuk_output/initial_results/ragtag.scaffold.fasta.modified.fas 
# Current dir:     /home/bgerda/guppy_SUP
# Date:            Sun May 21 17:05:46 2023
# [ok]
