#                                                                                             --- full sequence --- -------------- this domain -------------   hmm coord   ali coord   env coord
# target name                         accession   tlen query name           accession   qlen   E-value  score  bias   #  of  c-Evalue  i-Evalue  score  bias  from    to  from    to  from    to  acc description of target
#                 ------------------- ---------- ----- -------------------- ---------- ----- --------- ------ ----- --- --- --------- --------- ------ ----- ----- ----- ----- ----- ----- ----- ---- ---------------------
NW_025965022.1_RagTag:199298-198405   -            298 31651at314147        -            275   8.9e-13   44.7   2.0   1   4     0.024       6.8    2.4   0.0   179   206    11    38     5    45 0.75 -
NW_025965022.1_RagTag:199298-198405   -            298 31651at314147        -            275   8.9e-13   44.7   2.0   2   4   2.9e-09   8.2e-07   25.1   0.6   106   263    33   196    15   201 0.76 -
NW_025965022.1_RagTag:199298-198405   -            298 31651at314147        -            275   8.9e-13   44.7   2.0   3   4   2.2e-05    0.0062   12.4   0.1    87   203   121   237   109   249 0.75 -
NW_025965022.1_RagTag:199298-198405   -            298 31651at314147        -            275   8.9e-13   44.7   2.0   4   4   2.1e-06   0.00061   15.7   0.0    84   168   214   296   207   298 0.84 -
NW_025965280.1_RagTag:81766-83490     -            217 31651at314147        -            275   2.9e-09   33.2   0.0   1   1   1.6e-11   4.6e-09   32.5   0.0    87   265    10   182     5   185 0.80 -
NW_025965103.1_RagTag:1074469-1074975 -            169 31651at314147        -            275   3.5e-07   26.4   0.1   1   2    0.0018      0.51    6.1   0.0   204   263     5    67     2    73 0.77 -
NW_025965103.1_RagTag:1074469-1074975 -            169 31651at314147        -            275   3.5e-07   26.4   0.1   2   2     4e-07   0.00011   18.1   0.0    83   168    84   167    78   169 0.85 -
NW_025965317.1_RagTag:2345417-2346205 -            263 31651at314147        -            275   3.2e-06   23.2   0.1   1   2   4.8e-08   1.4e-05   21.1   0.0   125   215    31   124    11   179 0.81 -
NW_025965317.1_RagTag:2345417-2346205 -            263 31651at314147        -            275   3.2e-06   23.2   0.1   2   2     0.088        25    0.6   0.0   135   202   133   205   121   240 0.59 -
NW_025965230.1_RagTag:945904-945482   -            141 31651at314147        -            275    0.0098   11.8   0.0   1   1   4.5e-05     0.013   11.4   0.0   167   263    27   124     5   129 0.73 -
#
# Program:         hmmsearch
# Version:         3.1b2 (February 2015)
# Pipeline mode:   SEARCH
# Query file:      /home/bgerda/guppy_SUP/busco_downloads/lineages/glires_odb10/hmms/31651at314147.hmm
# Target file:     /home/bgerda/guppy_SUP/busco_results_racon/run_glires_odb10/metaeuk_output/initial_results/ragtag.scaffold.fasta.modified.fas
# Option settings: hmmsearch --domtblout /home/bgerda/guppy_SUP/busco_results_racon/run_glires_odb10/hmmer_output/initial_run_results/31651at314147.out --cpu 1 /home/bgerda/guppy_SUP/busco_downloads/lineages/glires_odb10/hmms/31651at314147.hmm /home/bgerda/guppy_SUP/busco_results_racon/run_glires_odb10/metaeuk_output/initial_results/ragtag.scaffold.fasta.modified.fas 
# Current dir:     /home/bgerda/guppy_SUP
# Date:            Sun May 21 17:05:47 2023
# [ok]
