#                                                                                             --- full sequence --- -------------- this domain -------------   hmm coord   ali coord   env coord
# target name                         accession   tlen query name           accession   qlen   E-value  score  bias   #  of  c-Evalue  i-Evalue  score  bias  from    to  from    to  from    to  acc description of target
#                 ------------------- ---------- ----- -------------------- ---------- ----- --------- ------ ----- --- --- --------- --------- ------ ----- ----- ----- ----- ----- ----- ----- ---- ---------------------
NW_025965188.1_RagTag:427872-428438   -            189 3182at314147         -           1032   2.8e-12   41.6   0.5   1   2   1.8e-07   3.2e-05   18.2   0.0   381   436    45   101    38   110 0.57 -
NW_025965188.1_RagTag:427872-428438   -            189 3182at314147         -           1032   2.8e-12   41.6   0.5   2   2   1.4e-08   2.5e-06   21.9   0.1   825   884   122   180   111   188 0.72 -
NW_025965163.1_RagTag:38535-29734     -            753 3182at314147         -           1032   3.3e-09   31.5   0.9   1   1   3.3e-11   5.8e-09   30.6   0.9   746   872   421   546   398   554 0.85 -
NW_025965352.1_RagTag:102445-104127   -            319 3182at314147         -           1032   3.8e-07   24.6   0.0   1   1   2.6e-09   4.6e-07   24.3   0.0   395   475     3    84     1    97 0.86 -
NW_025965344.1_RagTag:40655-35255     -            204 3182at314147         -           1032   6.7e-07   23.8   0.0   1   1   6.1e-09   1.1e-06   23.1   0.0   776   866    67   157    59   192 0.86 -
NW_025965287.1_RagTag:1503606-1508138 -            432 3182at314147         -           1032   5.9e-06   20.7   1.0   1   2       0.2        35   -1.8   0.0   430   458   325   352   319   358 0.66 -
NW_025965287.1_RagTag:1503606-1508138 -            432 3182at314147         -           1032   5.9e-06   20.7   1.0   2   2   7.4e-08   1.3e-05   19.5   0.8   642   696   358   412   344   423 0.92 -
NW_025965306.1_RagTag:1019039-1020148 -            370 3182at314147         -           1032   6.1e-06   20.6   0.0   1   1   4.5e-08     8e-06   20.2   0.0   643   696    21    74    10    93 0.85 -
NW_025965276.1_RagTag:371243-371716   -            158 3182at314147         -           1032   0.00023   15.4   0.1   1   1     2e-06   0.00036   14.8   0.1   736   823    50   133     5   152 0.74 -
NW_025965288.1_RagTag:109483-111161   -            290 3182at314147         -           1032   0.00036   14.8   0.1   1   1     3e-06   0.00052   14.2   0.1   375   433   101   159    61   186 0.51 -
#
# Program:         hmmsearch
# Version:         3.1b2 (February 2015)
# Pipeline mode:   SEARCH
# Query file:      /home/bgerda/guppy_SUP/busco_downloads/lineages/glires_odb10/hmms/3182at314147.hmm
# Target file:     /home/bgerda/guppy_SUP/busco_results_racon/run_glires_odb10/metaeuk_output/initial_results/ragtag.scaffold.fasta.modified.fas
# Option settings: hmmsearch --domtblout /home/bgerda/guppy_SUP/busco_results_racon/run_glires_odb10/hmmer_output/initial_run_results/3182at314147.out --cpu 1 /home/bgerda/guppy_SUP/busco_downloads/lineages/glires_odb10/hmms/3182at314147.hmm /home/bgerda/guppy_SUP/busco_results_racon/run_glires_odb10/metaeuk_output/initial_results/ragtag.scaffold.fasta.modified.fas 
# Current dir:     /home/bgerda/guppy_SUP
# Date:            Sun May 21 17:05:49 2023
# [ok]
