#                                                                                             --- full sequence --- -------------- this domain -------------   hmm coord   ali coord   env coord
# target name                         accession   tlen query name           accession   qlen   E-value  score  bias   #  of  c-Evalue  i-Evalue  score  bias  from    to  from    to  from    to  acc description of target
#                 ------------------- ---------- ----- -------------------- ---------- ----- --------- ------ ----- --- --- --------- --------- ------ ----- ----- ----- ----- ----- ----- ----- ---- ---------------------
NW_025965314.1_RagTag:573152-572469   -            228 32410at314147        -            220   3.6e-39  131.1   3.7   1   1   1.6e-40   2.2e-38  128.5   3.7     6   212     4   200     2   204 0.88 -
NW_025965319.1_RagTag:4123940-4123488 -            151 32410at314147        -            220   4.6e-06   22.8   0.2   1   1   4.6e-08   6.6e-06   22.3   0.2    17    65    39    88    36   114 0.81 -
NW_025965075.1_RagTag:65339-58346     -            349 32410at314147        -            220   0.00016   17.8   2.4   1   1   1.7e-06   0.00025   17.2   2.4    17    66    45    93    33   125 0.83 -
NW_025965309.1_RagTag:3290555-3290193 -            121 32410at314147        -            220   0.00016   17.7   2.4   1   2      0.44        62   -0.5   0.1    78   116    13    51     9    63 0.80 -
NW_025965309.1_RagTag:3290555-3290193 -            121 32410at314147        -            220   0.00016   17.7   2.4   2   2   1.2e-06   0.00016   17.7   2.4    35    67    81   113    57   119 0.79 -
NW_025965287.1_RagTag:1342617-1340375 -            588 32410at314147        -            220   0.00022   17.3   1.0   1   1   2.8e-06    0.0004   16.5   1.0    19    62   430   472   419   483 0.88 -
contig_4568_pilon:1301-1600           -            100 32410at314147        -            220   0.00027   17.0   2.9   1   1     2e-06   0.00028   17.0   2.9    21    78     2    61     1    93 0.73 -
NW_025965225.1_RagTag:584155-583874   -             94 32410at314147        -            220   0.00034   16.7   5.7   1   1   2.4e-06   0.00034   16.7   5.7    21    65     3    47     1    89 0.83 -
NW_025965162.1_RagTag:26339-28571     -            358 32410at314147        -            220     0.003   13.6   1.8   1   1   4.2e-05     0.006   12.6   1.8    21    63   301   343   297   355 0.87 -
NW_025965075.1_RagTag:18127-23307     -            380 32410at314147        -            220    0.0051   12.9   0.6   1   1   6.7e-05    0.0094   12.0   0.6    21    63   325   369   318   377 0.86 -
NW_025965317.1_RagTag:2732946-2735087 -            714 32410at314147        -            220     0.077    9.0   6.6   1   2   4.5e-05    0.0064   12.5   1.4    23    62     4    43     2    52 0.93 -
NW_025965317.1_RagTag:2732946-2735087 -            714 32410at314147        -            220     0.077    9.0   6.6   2   2       2.5   3.5e+02   -3.0   0.3   131   148   652   669   616   687 0.67 -
#
# Program:         hmmsearch
# Version:         3.1b2 (February 2015)
# Pipeline mode:   SEARCH
# Query file:      /home/bgerda/guppy_SUP/busco_downloads/lineages/glires_odb10/hmms/32410at314147.hmm
# Target file:     /home/bgerda/guppy_SUP/busco_results_racon/run_glires_odb10/metaeuk_output/initial_results/ragtag.scaffold.fasta.modified.fas
# Option settings: hmmsearch --domtblout /home/bgerda/guppy_SUP/busco_results_racon/run_glires_odb10/hmmer_output/initial_run_results/32410at314147.out --cpu 1 /home/bgerda/guppy_SUP/busco_downloads/lineages/glires_odb10/hmms/32410at314147.hmm /home/bgerda/guppy_SUP/busco_results_racon/run_glires_odb10/metaeuk_output/initial_results/ragtag.scaffold.fasta.modified.fas 
# Current dir:     /home/bgerda/guppy_SUP
# Date:            Sun May 21 17:05:48 2023
# [ok]
