#                                                                                             --- full sequence --- -------------- this domain -------------   hmm coord   ali coord   env coord
# target name                         accession   tlen query name           accession   qlen   E-value  score  bias   #  of  c-Evalue  i-Evalue  score  bias  from    to  from    to  from    to  acc description of target
#                 ------------------- ---------- ----- -------------------- ---------- ----- --------- ------ ----- --- --- --------- --------- ------ ----- ----- ----- ----- ----- ----- ----- ---- ---------------------
NW_025965324.1_RagTag:3129261-3128131 -            377 33265at314147        -            273   1.5e-11   40.6   1.7   1   3   3.5e-06   0.00083   15.2   0.1   125   227    20   124     2   134 0.77 -
NW_025965324.1_RagTag:3129261-3128131 -            377 33265at314147        -            273   1.5e-11   40.6   1.7   2   3   9.4e-06    0.0022   13.8   0.0   114   200   145   236   132   244 0.76 -
NW_025965324.1_RagTag:3129261-3128131 -            377 33265at314147        -            273   1.5e-11   40.6   1.7   3   3   0.00015     0.035    9.8   0.1   171   197   349   375   294   377 0.66 -
NW_025965056.1_RagTag:161399-160824   -            192 33265at314147        -            273   0.00025   16.9   0.1   1   1   1.5e-06   0.00035   16.4   0.1   212   241    17    46     7    59 0.80 -
NW_025965314.1_RagTag:1396905-1398548 -            548 33265at314147        -            273    0.0031   13.3   0.2   1   2     0.035       8.2    2.1   0.0    57    89   173   205   167   208 0.91 -
NW_025965314.1_RagTag:1396905-1398548 -            548 33265at314147        -            273    0.0031   13.3   0.2   2   2   0.00029     0.068    8.9   0.0   190   246   331   387   314   417 0.72 -
NW_025965242.1_RagTag:1120354-1119983 -            124 33265at314147        -            273    0.0035   13.1   0.1   1   1   2.1e-05     0.005   12.6   0.1    76    98    76    98     7   123 0.74 -
NW_025965291.1_RagTag:200847-200194   -            218 33265at314147        -            273    0.0042   12.9   0.4   1   1   2.5e-05    0.0058   12.4   0.4   171   244    21    94    11   107 0.86 -
NW_025965129.1_RagTag:102482-102787   -             75 33265at314147        -            273     0.012   11.4   1.2   1   1   5.9e-05     0.014   11.2   1.2   211   241    40    70    28    73 0.73 -
#
# Program:         hmmsearch
# Version:         3.1b2 (February 2015)
# Pipeline mode:   SEARCH
# Query file:      /home/bgerda/guppy_SUP/busco_downloads/lineages/glires_odb10/hmms/33265at314147.hmm
# Target file:     /home/bgerda/guppy_SUP/busco_results_racon/run_glires_odb10/metaeuk_output/initial_results/ragtag.scaffold.fasta.modified.fas
# Option settings: hmmsearch --domtblout /home/bgerda/guppy_SUP/busco_results_racon/run_glires_odb10/hmmer_output/initial_run_results/33265at314147.out --cpu 1 /home/bgerda/guppy_SUP/busco_downloads/lineages/glires_odb10/hmms/33265at314147.hmm /home/bgerda/guppy_SUP/busco_results_racon/run_glires_odb10/metaeuk_output/initial_results/ragtag.scaffold.fasta.modified.fas 
# Current dir:     /home/bgerda/guppy_SUP
# Date:            Sun May 21 17:05:49 2023
# [ok]
