#                                                                                             --- full sequence --- -------------- this domain -------------   hmm coord   ali coord   env coord
# target name                         accession   tlen query name           accession   qlen   E-value  score  bias   #  of  c-Evalue  i-Evalue  score  bias  from    to  from    to  from    to  acc description of target
#                 ------------------- ---------- ----- -------------------- ---------- ----- --------- ------ ----- --- --- --------- --------- ------ ----- ----- ----- ----- ----- ----- ----- ---- ---------------------
NW_025965291.1_RagTag:200847-200194   -            218 33411at314147        -            293   0.00014   17.3   0.3   1   1   6.6e-07   0.00019   17.0   0.3   168   253     7    92     4   122 0.67 -
NW_025965324.1_RagTag:3129261-3128131 -            377 33411at314147        -            293   0.00056   15.4   0.8   1   4      0.01       2.9    3.2   0.0    10    38    16    44    11    46 0.88 -
NW_025965324.1_RagTag:3129261-3128131 -            377 33411at314147        -            293   0.00056   15.4   0.8   2   4    0.0016      0.46    5.8   0.0   172   217    62   108    55   134 0.69 -
NW_025965324.1_RagTag:3129261-3128131 -            377 33411at314147        -            293   0.00056   15.4   0.8   3   4       0.2        57   -1.0   0.0   161   194   187   220   172   229 0.77 -
NW_025965324.1_RagTag:3129261-3128131 -            377 33411at314147        -            293   0.00056   15.4   0.8   4   4     0.036        10    1.4   0.1   177   193   345   361   319   370 0.77 -
NW_025965149.1_RagTag:137035-136712   -            108 33411at314147        -            293    0.0014   14.1   0.0   1   1   5.1e-06    0.0014   14.1   0.0   159   198    55    94     9   107 0.64 -
NW_025965130.1_RagTag:5696-5340       -            119 33411at314147        -            293    0.0075   11.7   0.0   1   1   3.1e-05    0.0087   11.5   0.0   105   192    26   115    10   118 0.90 -
NW_025965548.1_RagTag:8433-1774       -            515 33411at314147        -            293    0.0094   11.4   0.0   1   2   0.00017     0.048    9.1   0.0    71   110    65   103    46   124 0.66 -
NW_025965548.1_RagTag:8433-1774       -            515 33411at314147        -            293    0.0094   11.4   0.0   2   2      0.15        43   -0.6   0.0   178   192   177   191   170   218 0.64 -
#
# Program:         hmmsearch
# Version:         3.1b2 (February 2015)
# Pipeline mode:   SEARCH
# Query file:      /home/bgerda/guppy_SUP/busco_downloads/lineages/glires_odb10/hmms/33411at314147.hmm
# Target file:     /home/bgerda/guppy_SUP/busco_results_racon/run_glires_odb10/metaeuk_output/initial_results/ragtag.scaffold.fasta.modified.fas
# Option settings: hmmsearch --domtblout /home/bgerda/guppy_SUP/busco_results_racon/run_glires_odb10/hmmer_output/initial_run_results/33411at314147.out --cpu 1 /home/bgerda/guppy_SUP/busco_downloads/lineages/glires_odb10/hmms/33411at314147.hmm /home/bgerda/guppy_SUP/busco_results_racon/run_glires_odb10/metaeuk_output/initial_results/ragtag.scaffold.fasta.modified.fas 
# Current dir:     /home/bgerda/guppy_SUP
# Date:            Sun May 21 17:05:47 2023
# [ok]
