#                                                                                             --- full sequence --- -------------- this domain -------------   hmm coord   ali coord   env coord
# target name                         accession   tlen query name           accession   qlen   E-value  score  bias   #  of  c-Evalue  i-Evalue  score  bias  from    to  from    to  from    to  acc description of target
#                 ------------------- ---------- ----- -------------------- ---------- ----- --------- ------ ----- --- --- --------- --------- ------ ----- ----- ----- ----- ----- ----- ----- ---- ---------------------
NW_025965166.1_RagTag:64504-66200     -            195 3416at314147         -           1057   2.4e-67  223.7   0.1   1   1   1.2e-69   2.8e-67  223.5   0.1   767   940     2   180     1   194 0.93 -
NW_025965324.1_RagTag:3111621-3104557 -            264 3416at314147         -           1057   3.6e-29   97.2   0.4   1   2   2.6e-12   6.2e-10   33.6   0.1   873   950     9    87     1    92 0.88 -
NW_025965324.1_RagTag:3111621-3104557 -            264 3416at314147         -           1057   3.6e-29   97.2   0.4   2   2   6.8e-22   1.6e-19   65.3   0.0   761   937    80   263    68   264 0.83 -
NW_025965324.1_RagTag:3107487-3106888 -            200 3416at314147         -           1057   6.1e-20   66.7   0.6   1   1     1e-21   2.3e-19   64.8   0.6   788   952     9   181     3   200 0.84 -
NW_025965324.1_RagTag:3129261-3128131 -            377 3416at314147         -           1057   3.6e-18   60.8   0.0   1   3   2.8e-10   6.6e-08   26.9   0.0   983  1054    26    97     3   100 0.86 -
NW_025965324.1_RagTag:3129261-3128131 -            377 3416at314147         -           1057   3.6e-18   60.8   0.0   2   3   3.1e-07   7.4e-05   16.8   0.0   970  1057   146   236   139   236 0.85 -
NW_025965324.1_RagTag:3129261-3128131 -            377 3416at314147         -           1057   3.6e-18   60.8   0.0   3   3   2.3e-06   0.00054   13.9   0.0   980  1056   298   377   280   377 0.87 -
NW_025965324.1_RagTag:3135656-3134700 -            319 3416at314147         -           1057   1.1e-10   36.1   0.0   1   2   4.8e-08   1.1e-05   19.5   0.0   987  1056    12    80     7    81 0.92 -
NW_025965324.1_RagTag:3135656-3134700 -            319 3416at314147         -           1057   1.1e-10   36.1   0.0   2   2   1.3e-06   0.00031   14.7   0.0   967  1051   226   314   198   319 0.78 -
NW_025965548.1_RagTag:8433-1774       -            515 3416at314147         -           1057   2.1e-05   18.5   0.0   1   2   2.3e-06   0.00054   13.9   0.0   987  1055    26    97    13    99 0.76 -
NW_025965548.1_RagTag:8433-1774       -            515 3416at314147         -           1057   2.1e-05   18.5   0.0   2   2     0.012       2.7    1.6   0.0   376   406   112   143    98   191 0.84 -
#
# Program:         hmmsearch
# Version:         3.1b2 (February 2015)
# Pipeline mode:   SEARCH
# Query file:      /home/bgerda/guppy_SUP/busco_downloads/lineages/glires_odb10/hmms/3416at314147.hmm
# Target file:     /home/bgerda/guppy_SUP/busco_results_racon/run_glires_odb10/metaeuk_output/initial_results/ragtag.scaffold.fasta.modified.fas
# Option settings: hmmsearch --domtblout /home/bgerda/guppy_SUP/busco_results_racon/run_glires_odb10/hmmer_output/initial_run_results/3416at314147.out --cpu 1 /home/bgerda/guppy_SUP/busco_downloads/lineages/glires_odb10/hmms/3416at314147.hmm /home/bgerda/guppy_SUP/busco_results_racon/run_glires_odb10/metaeuk_output/initial_results/ragtag.scaffold.fasta.modified.fas 
# Current dir:     /home/bgerda/guppy_SUP
# Date:            Sun May 21 17:05:47 2023
# [ok]
