#                                                                                             --- full sequence --- -------------- this domain -------------   hmm coord   ali coord   env coord
# target name                         accession   tlen query name           accession   qlen   E-value  score  bias   #  of  c-Evalue  i-Evalue  score  bias  from    to  from    to  from    to  acc description of target
#                 ------------------- ---------- ----- -------------------- ---------- ----- --------- ------ ----- --- --- --------- --------- ------ ----- ----- ----- ----- ----- ----- ----- ---- ---------------------
NW_025965324.1_RagTag:3129261-3128131 -            377 34223at314147        -            261   3.3e-20   68.6   0.3   1   3   5.2e-11   1.5e-08   30.5   0.1   105   216     7   123     2   133 0.77 -
NW_025965324.1_RagTag:3129261-3128131 -            377 34223at314147        -            261   3.3e-20   68.6   0.3   2   3   6.4e-08   1.8e-05   20.3   0.0   118   193   156   229   142   242 0.74 -
NW_025965324.1_RagTag:3129261-3128131 -            377 34223at314147        -            261   3.3e-20   68.6   0.3   3   3   3.8e-06    0.0011   14.5   0.0   121   197   301   375   280   377 0.81 -
NW_025965548.1_RagTag:8433-1774       -            515 34223at314147        -            261   3.5e-06   22.6   0.0   1   2   1.2e-05    0.0033   12.9   0.0   132   199    29    98    12   104 0.77 -
NW_025965548.1_RagTag:8433-1774       -            515 34223at314147        -            261   3.5e-06   22.6   0.0   2   2   0.00061      0.17    7.3   0.0   167   193   176   202   155   218 0.78 -
NW_025965324.1_RagTag:3135656-3134700 -            319 34223at314147        -            261   1.6e-05   20.5   0.0   1   3     0.021         6    2.2   0.0    17    41     3    27     1    43 0.86 -
NW_025965324.1_RagTag:3135656-3134700 -            319 34223at314147        -            261   1.6e-05   20.5   0.0   2   3      0.97   2.7e+02   -3.2   0.0   173   195    54    76    48    80 0.75 -
NW_025965324.1_RagTag:3135656-3134700 -            319 34223at314147        -            261   1.6e-05   20.5   0.0   3   3   1.6e-06   0.00045   15.7   0.0   133   189   253   309   222   315 0.88 -
contig_69602_pilon:1399-1100          -            100 34223at314147        -            261    0.0016   14.0   0.1   1   1   6.8e-06    0.0019   13.7   0.1     5    86    13   100     9   100 0.84 -
NW_025965318.1_RagTag:3661982-3663890 -            215 34223at314147        -            261    0.0037   12.7   0.0   1   1   2.3e-05    0.0064   12.0   0.0    58    92   110   144   104   165 0.87 -
#
# Program:         hmmsearch
# Version:         3.1b2 (February 2015)
# Pipeline mode:   SEARCH
# Query file:      /home/bgerda/guppy_SUP/busco_downloads/lineages/glires_odb10/hmms/34223at314147.hmm
# Target file:     /home/bgerda/guppy_SUP/busco_results_racon/run_glires_odb10/metaeuk_output/initial_results/ragtag.scaffold.fasta.modified.fas
# Option settings: hmmsearch --domtblout /home/bgerda/guppy_SUP/busco_results_racon/run_glires_odb10/hmmer_output/initial_run_results/34223at314147.out --cpu 1 /home/bgerda/guppy_SUP/busco_downloads/lineages/glires_odb10/hmms/34223at314147.hmm /home/bgerda/guppy_SUP/busco_results_racon/run_glires_odb10/metaeuk_output/initial_results/ragtag.scaffold.fasta.modified.fas 
# Current dir:     /home/bgerda/guppy_SUP
# Date:            Sun May 21 17:05:49 2023
# [ok]
