#                                                                                             --- full sequence --- -------------- this domain -------------   hmm coord   ali coord   env coord
# target name                         accession   tlen query name           accession   qlen   E-value  score  bias   #  of  c-Evalue  i-Evalue  score  bias  from    to  from    to  from    to  acc description of target
#                 ------------------- ---------- ----- -------------------- ---------- ----- --------- ------ ----- --- --- --------- --------- ------ ----- ----- ----- ----- ----- ----- ----- ---- ---------------------
NW_025965310.1_RagTag:3809179-3808151 -            343 34443at314147        -            261     3e-10   36.3   0.5   1   2   0.00033     0.066    9.0   0.0    38    86     9    59     3    68 0.80 -
NW_025965310.1_RagTag:3809179-3808151 -            343 34443at314147        -            261     3e-10   36.3   0.5   2   2   2.5e-09     5e-07   25.7   0.2    30    94    92   158    64   167 0.79 -
NW_025965314.1_RagTag:1368682-1369539 -            286 34443at314147        -            261   3.6e-09   32.8   0.0   1   3   0.00012     0.023   10.4   0.0    30    99     3    73     1    83 0.85 -
NW_025965314.1_RagTag:1368682-1369539 -            286 34443at314147        -            261   3.6e-09   32.8   0.0   2   3   2.5e-05     0.005   12.6   0.0    34   115    95   176    80   192 0.78 -
NW_025965314.1_RagTag:1368682-1369539 -            286 34443at314147        -            261   3.6e-09   32.8   0.0   3   3    0.0016      0.33    6.7   0.1    36    89   190   243   175   265 0.75 -
NW_025965053.1_RagTag:15221-14436     -            262 34443at314147        -            261   4.2e-09   32.5   0.0   1   2   5.2e-10   1.1e-07   27.9   0.0    32    89    95   153    62   184 0.79 -
NW_025965053.1_RagTag:15221-14436     -            262 34443at314147        -            261   4.2e-09   32.5   0.0   2   2     0.028       5.6    2.6   0.0    68   101   221   254   178   262 0.67 -
NW_025965175.1_RagTag:882915-884201   -            429 34443at314147        -            261   4.8e-08   29.1   0.0   1   1   3.8e-10   7.7e-08   28.4   0.0    36   119    17   101     5   105 0.88 -
NW_025965289.1_RagTag:991447-991725   -             93 34443at314147        -            261     1e-06   24.7   0.0   1   1   5.3e-09   1.1e-06   24.6   0.0    58    98    18    58     5    76 0.85 -
NW_025965172.1_RagTag:1410564-1410014 -            156 34443at314147        -            261   4.1e-05   19.5   0.0   1   1   2.6e-07   5.3e-05   19.1   0.0    34    96     5    68     2    80 0.85 -
NW_025965319.1_RagTag:1105504-1105313 -             64 34443at314147        -            261   0.00045   16.1   0.0   1   1   2.2e-06   0.00045   16.1   0.0    52    90     4    43     1    60 0.81 -
#
# Program:         hmmsearch
# Version:         3.1b2 (February 2015)
# Pipeline mode:   SEARCH
# Query file:      /home/bgerda/guppy_SUP/busco_downloads/lineages/glires_odb10/hmms/34443at314147.hmm
# Target file:     /home/bgerda/guppy_SUP/busco_results_racon/run_glires_odb10/metaeuk_output/initial_results/ragtag.scaffold.fasta.modified.fas
# Option settings: hmmsearch --domtblout /home/bgerda/guppy_SUP/busco_results_racon/run_glires_odb10/hmmer_output/initial_run_results/34443at314147.out --cpu 1 /home/bgerda/guppy_SUP/busco_downloads/lineages/glires_odb10/hmms/34443at314147.hmm /home/bgerda/guppy_SUP/busco_results_racon/run_glires_odb10/metaeuk_output/initial_results/ragtag.scaffold.fasta.modified.fas 
# Current dir:     /home/bgerda/guppy_SUP
# Date:            Sun May 21 17:05:48 2023
# [ok]
