#                                                                                             --- full sequence --- -------------- this domain -------------   hmm coord   ali coord   env coord
# target name                         accession   tlen query name           accession   qlen   E-value  score  bias   #  of  c-Evalue  i-Evalue  score  bias  from    to  from    to  from    to  acc description of target
#                 ------------------- ---------- ----- -------------------- ---------- ----- --------- ------ ----- --- --- --------- --------- ------ ----- ----- ----- ----- ----- ----- ----- ---- ---------------------
NW_025965324.1_RagTag:2914727-2915469 -            122 34466at314147        -            208   5.8e-57  188.9   2.9   1   1   3.5e-59   6.2e-57  188.8   2.9    89   203     3   121     1   122 0.93 -
NW_025965275.1_RagTag:420401-420210   -             64 34466at314147        -            208   4.2e-33  111.0   5.3   1   1   2.5e-35   4.4e-33  110.9   5.3   114   174     3    63     1    64 0.97 -
NW_025965324.1_RagTag:2927304-2928146 -            184 34466at314147        -            208   3.6e-20   68.8   0.6   1   1   2.6e-22   4.6e-20   68.4   0.6   117   180    87   150    61   158 0.90 -
NW_025965266.1_RagTag:206462-207725   -            136 34466at314147        -            208   6.6e-16   54.8   2.7   1   1   8.6e-18   1.5e-15   53.6   2.7    38   156     4   136     1   136 0.70 -
NW_025965177.1_RagTag:229533-229225   -            103 34466at314147        -            208   5.2e-12   42.1   0.9   1   1   3.4e-14     6e-12   41.9   0.9   105   169    39   103    31   103 0.93 -
NW_025965284.1_RagTag:343396-345492   -            220 34466at314147        -            208     8e-12   41.5   5.6   1   2      0.32        57   -0.5   0.1   182   201    48    67    24    72 0.73 -
NW_025965284.1_RagTag:343396-345492   -            220 34466at314147        -            208     8e-12   41.5   5.6   2   2   4.6e-14     8e-12   41.5   5.6   108   182   138   212    81   217 0.89 -
NW_025965309.1_RagTag:3204112-3203780 -            111 34466at314147        -            208   2.1e-06   23.8   0.0   1   1   1.5e-08   2.7e-06   23.4   0.0   150   173     8    31     2    40 0.87 -
NW_025965218.1_RagTag:1316640-1313338 -            193 34466at314147        -            208   0.00032   16.6   0.1   1   1   2.6e-06   0.00046   16.2   0.1   120   175    64   119    55   139 0.81 -
#
# Program:         hmmsearch
# Version:         3.1b2 (February 2015)
# Pipeline mode:   SEARCH
# Query file:      /home/bgerda/guppy_SUP/busco_downloads/lineages/glires_odb10/hmms/34466at314147.hmm
# Target file:     /home/bgerda/guppy_SUP/busco_results_racon/run_glires_odb10/metaeuk_output/initial_results/ragtag.scaffold.fasta.modified.fas
# Option settings: hmmsearch --domtblout /home/bgerda/guppy_SUP/busco_results_racon/run_glires_odb10/hmmer_output/initial_run_results/34466at314147.out --cpu 1 /home/bgerda/guppy_SUP/busco_downloads/lineages/glires_odb10/hmms/34466at314147.hmm /home/bgerda/guppy_SUP/busco_results_racon/run_glires_odb10/metaeuk_output/initial_results/ragtag.scaffold.fasta.modified.fas 
# Current dir:     /home/bgerda/guppy_SUP
# Date:            Sun May 21 17:05:48 2023
# [ok]
