#                                                                                             --- full sequence --- -------------- this domain -------------   hmm coord   ali coord   env coord
# target name                         accession   tlen query name           accession   qlen   E-value  score  bias   #  of  c-Evalue  i-Evalue  score  bias  from    to  from    to  from    to  acc description of target
#                 ------------------- ---------- ----- -------------------- ---------- ----- --------- ------ ----- --- --- --------- --------- ------ ----- ----- ----- ----- ----- ----- ----- ---- ---------------------
NW_025965284.1_RagTag:343396-345492   -            220 34731at314147        -            173   2.6e-12   43.4   4.7   1   1   2.3e-14     4e-12   42.8   4.7     6    87   129   210   125   218 0.88 -
NW_025965177.1_RagTag:229533-229225   -            103 34731at314147        -            173   1.7e-10   37.5   1.0   1   1   1.3e-12   2.3e-10   37.0   1.0    20    76    47   103    40   103 0.94 -
NW_025965324.1_RagTag:2927304-2928146 -            184 34731at314147        -            173   5.4e-10   35.8   4.5   1   2    0.0097       1.7    4.9   0.1   102   132    60    90    44    91 0.85 -
NW_025965324.1_RagTag:2927304-2928146 -            184 34731at314147        -            173   5.4e-10   35.8   4.5   2   2   2.1e-11   3.8e-09   33.1   2.3    26    92    89   155    85   161 0.92 -
NW_025965275.1_RagTag:420401-420210   -             64 34731at314147        -            173   1.1e-07   28.4   4.6   1   1   6.8e-10   1.2e-07   28.2   4.6    22    81     4    63     2    64 0.94 -
NW_025965324.1_RagTag:2914727-2915469 -            122 34731at314147        -            173   2.9e-07   26.9   2.3   1   1   2.3e-09     4e-07   26.5   2.3    22    81    33    92    29    98 0.92 -
NW_025965309.1_RagTag:3204112-3203780 -            111 34731at314147        -            173     2e-05   21.0   0.9   1   1   1.2e-07   2.1e-05   20.9   0.9    56    86     7    37     2   102 0.88 -
NW_025965218.1_RagTag:1316640-1313338 -            193 34731at314147        -            173   9.7e-05   18.7   0.1   1   1   7.7e-07   0.00014   18.2   0.1    37    82    74   119    57   130 0.81 -
NW_025965300.1_RagTag:1697828-1700011 -            728 34731at314147        -            173   0.00022   17.6   0.9   1   4       1.9   3.3e+02   -2.5   0.0    40    76   168   204   151   208 0.62 -
NW_025965300.1_RagTag:1697828-1700011 -            728 34731at314147        -            173   0.00022   17.6   0.9   2   4       0.9   1.6e+02   -1.5   0.0    33    77   341   385   334   395 0.80 -
NW_025965300.1_RagTag:1697828-1700011 -            728 34731at314147        -            173   0.00022   17.6   0.9   3   4    0.0022      0.38    7.0   0.0    32    86   430   484   423   512 0.88 -
NW_025965300.1_RagTag:1697828-1700011 -            728 34731at314147        -            173   0.00022   17.6   0.9   4   4    0.0023       0.4    7.0   0.0    30    78   527   575   517   608 0.90 -
#
# Program:         hmmsearch
# Version:         3.1b2 (February 2015)
# Pipeline mode:   SEARCH
# Query file:      /home/bgerda/guppy_SUP/busco_downloads/lineages/glires_odb10/hmms/34731at314147.hmm
# Target file:     /home/bgerda/guppy_SUP/busco_results_racon/run_glires_odb10/metaeuk_output/initial_results/ragtag.scaffold.fasta.modified.fas
# Option settings: hmmsearch --domtblout /home/bgerda/guppy_SUP/busco_results_racon/run_glires_odb10/hmmer_output/initial_run_results/34731at314147.out --cpu 1 /home/bgerda/guppy_SUP/busco_downloads/lineages/glires_odb10/hmms/34731at314147.hmm /home/bgerda/guppy_SUP/busco_results_racon/run_glires_odb10/metaeuk_output/initial_results/ragtag.scaffold.fasta.modified.fas 
# Current dir:     /home/bgerda/guppy_SUP
# Date:            Sun May 21 17:05:48 2023
# [ok]
