#                                                                                             --- full sequence --- -------------- this domain -------------   hmm coord   ali coord   env coord
# target name                         accession   tlen query name           accession   qlen   E-value  score  bias   #  of  c-Evalue  i-Evalue  score  bias  from    to  from    to  from    to  acc description of target
#                 ------------------- ---------- ----- -------------------- ---------- ----- --------- ------ ----- --- --- --------- --------- ------ ----- ----- ----- ----- ----- ----- ----- ---- ---------------------
NW_025965300.1_RagTag:1697828-1700011 -            728 34784at314147        -            217   3.4e-09   33.2   0.8   1   3   0.00046      0.08    9.1   0.0   135   176   345   386   333   403 0.87 -
NW_025965300.1_RagTag:1697828-1700011 -            728 34784at314147        -            217   3.4e-09   33.2   0.8   2   3      0.01       1.8    4.7   0.0   127   175   424   476   418   488 0.80 -
NW_025965300.1_RagTag:1697828-1700011 -            728 34784at314147        -            217   3.4e-09   33.2   0.8   3   3     4e-06    0.0007   15.8   0.1   131   173   530   572   522   590 0.90 -
NW_025965218.1_RagTag:1316640-1313338 -            193 34784at314147        -            217   4.6e-08   29.5   0.2   1   1   3.4e-10   6.1e-08   29.1   0.2   120   187    61   127    50   146 0.83 -
NW_025965028.1_RagTag:463927-462287   -            268 34784at314147        -            217   3.3e-05   20.2   0.1   1   1   2.5e-07   4.4e-05   19.7   0.1   132   174    43    88    26   124 0.84 -
NW_025965284.1_RagTag:343396-345492   -            220 34784at314147        -            217   0.00025   17.3   1.9   1   1   2.3e-06    0.0004   16.6   1.9   135   188   160   213   144   219 0.83 -
NW_025965324.1_RagTag:2914727-2915469 -            122 34784at314147        -            217   0.00027   17.2   0.4   1   1   2.3e-06   0.00041   16.6   0.3   135   177    48    90    23    99 0.82 -
NW_025965177.1_RagTag:229533-229225   -            103 34784at314147        -            217    0.0011   15.2   0.3   1   1   7.6e-06    0.0013   14.9   0.3   136   173    65   102    30   103 0.84 -
NW_025965275.1_RagTag:420401-420210   -             64 34784at314147        -            217    0.0012   15.1   0.8   1   1     7e-06    0.0012   15.0   0.8   131   174    16    58     3    63 0.79 -
NW_025965324.1_RagTag:2927304-2928146 -            184 34784at314147        -            217    0.0014   14.8   0.1   1   1   1.1e-05     0.002   14.4   0.1   136   177   102   142    86   167 0.78 -
#
# Program:         hmmsearch
# Version:         3.1b2 (February 2015)
# Pipeline mode:   SEARCH
# Query file:      /home/bgerda/guppy_SUP/busco_downloads/lineages/glires_odb10/hmms/34784at314147.hmm
# Target file:     /home/bgerda/guppy_SUP/busco_results_racon/run_glires_odb10/metaeuk_output/initial_results/ragtag.scaffold.fasta.modified.fas
# Option settings: hmmsearch --domtblout /home/bgerda/guppy_SUP/busco_results_racon/run_glires_odb10/hmmer_output/initial_run_results/34784at314147.out --cpu 1 /home/bgerda/guppy_SUP/busco_downloads/lineages/glires_odb10/hmms/34784at314147.hmm /home/bgerda/guppy_SUP/busco_results_racon/run_glires_odb10/metaeuk_output/initial_results/ragtag.scaffold.fasta.modified.fas 
# Current dir:     /home/bgerda/guppy_SUP
# Date:            Sun May 21 17:05:47 2023
# [ok]
