#                                                                                             --- full sequence --- -------------- this domain -------------   hmm coord   ali coord   env coord
# target name                         accession   tlen query name           accession   qlen   E-value  score  bias   #  of  c-Evalue  i-Evalue  score  bias  from    to  from    to  from    to  acc description of target
#                 ------------------- ---------- ----- -------------------- ---------- ----- --------- ------ ----- --- --- --------- --------- ------ ----- ----- ----- ----- ----- ----- ----- ---- ---------------------
NW_025965256.1_RagTag:953578-953943   -            122 35612at314147        -            201   2.3e-15   53.4   0.0   1   1   1.7e-17   2.7e-15   53.2   0.0    86   175     3    90     1   101 0.91 -
NW_025965315.1_RagTag:3323724-3324697 -            104 35612at314147        -            201   2.4e-12   43.6   0.0   1   1   1.7e-14   2.6e-12   43.5   0.0    86   165    15    92     4   103 0.91 -
NW_025965240.1_RagTag:123498-122129   -            157 35612at314147        -            201   9.9e-11   38.3   0.0   1   1   8.5e-13   1.3e-10   37.9   0.0    74   178     4   103     2   116 0.85 -
NW_025965233.1_RagTag:130280-131913   -            168 35612at314147        -            201   3.1e-09   33.4   0.0   1   1   2.5e-11   3.9e-09   33.1   0.0    84   164    35   112    21   131 0.90 -
NW_025965319.1_RagTag:347398-347027   -            124 35612at314147        -            201     2e-08   30.8   0.0   1   1   4.6e-10   7.2e-08   29.0   0.0     4   113    22   122    19   124 0.87 -
NW_025965218.1_RagTag:845634-833156   -            159 35612at314147        -            201   2.8e-07   27.1   0.0   1   1   3.8e-09   5.9e-07   26.0   0.0     5   146    24   154    21   157 0.86 -
NW_025965318.1_RagTag:2186669-2187754 -            155 35612at314147        -            201   9.4e-05   18.8   0.0   1   1   7.2e-07   0.00011   18.6   0.0    84   151    47   116    24   135 0.78 -
NW_025965350.1_RagTag:40927-41280     -            118 35612at314147        -            201   0.00021   17.7   0.0   1   1   1.6e-06   0.00025   17.4   0.0     4    60    35    92    32   104 0.85 -
NW_025965250.1_RagTag:63137-62556     -            194 35612at314147        -            201    0.0031   13.9   0.0   1   2     0.011       1.8    4.8   0.0     4    36    22    53    19    79 0.87 -
NW_025965250.1_RagTag:63137-62556     -            194 35612at314147        -            201    0.0031   13.9   0.0   2   2     0.002      0.31    7.3   0.0    87   134    97   142    81   152 0.83 -
#
# Program:         hmmsearch
# Version:         3.1b2 (February 2015)
# Pipeline mode:   SEARCH
# Query file:      /home/bgerda/guppy_SUP/busco_downloads/lineages/glires_odb10/hmms/35612at314147.hmm
# Target file:     /home/bgerda/guppy_SUP/busco_results_racon/run_glires_odb10/metaeuk_output/initial_results/ragtag.scaffold.fasta.modified.fas
# Option settings: hmmsearch --domtblout /home/bgerda/guppy_SUP/busco_results_racon/run_glires_odb10/hmmer_output/initial_run_results/35612at314147.out --cpu 1 /home/bgerda/guppy_SUP/busco_downloads/lineages/glires_odb10/hmms/35612at314147.hmm /home/bgerda/guppy_SUP/busco_results_racon/run_glires_odb10/metaeuk_output/initial_results/ragtag.scaffold.fasta.modified.fas 
# Current dir:     /home/bgerda/guppy_SUP
# Date:            Sun May 21 17:05:48 2023
# [ok]
