#                                                                                             --- full sequence --- -------------- this domain -------------   hmm coord   ali coord   env coord
# target name                         accession   tlen query name           accession   qlen   E-value  score  bias   #  of  c-Evalue  i-Evalue  score  bias  from    to  from    to  from    to  acc description of target
#                 ------------------- ---------- ----- -------------------- ---------- ----- --------- ------ ----- --- --- --------- --------- ------ ----- ----- ----- ----- ----- ----- ----- ---- ---------------------
NW_025965307.1_RagTag:1388537-1388983 -            149 35735at314147        -            176   1.2e-17   60.8   3.8   1   3   0.00036       0.1    8.9   0.0    79   105    12    38     4    43 0.73 -
NW_025965307.1_RagTag:1388537-1388983 -            149 35735at314147        -            176   1.2e-17   60.8   3.8   2   3   1.4e-13     4e-11   39.5   0.2    79   140    48   110    43   116 0.87 -
NW_025965307.1_RagTag:1388537-1388983 -            149 35735at314147        -            176   1.2e-17   60.8   3.8   3   3   2.6e-05    0.0074   12.6   0.1    76   104   118   146   113   149 0.90 -
NW_025965318.1_RagTag:3658330-3659397 -            128 35735at314147        -            176   1.5e-12   44.2   9.6   1   2   6.3e-12   1.8e-09   34.2   1.5    77   141    31    99     9   101 0.82 -
NW_025965318.1_RagTag:3658330-3659397 -            128 35735at314147        -            176   1.5e-12   44.2   9.6   2   2   7.3e-08   2.1e-05   20.9   1.5    69   131    63   125    58   128 0.83 -
NW_025965135.1_RagTag:445771-446151   -            127 35735at314147        -            176   9.2e-08   28.6   0.1   1   1   5.9e-10   1.7e-07   27.7   0.1    77   139    62   124    34   127 0.76 -
NW_025965296.1_RagTag:241454-240552   -            301 35735at314147        -            176     8e-06   22.3   6.6   1   2   0.00014     0.039   10.2   0.3    75   139    65   129    33   156 0.76 -
NW_025965296.1_RagTag:241454-240552   -            301 35735at314147        -            176     8e-06   22.3   6.6   2   2   5.4e-06    0.0015   14.8   1.4    81   174   158   254   153   256 0.76 -
NW_025965315.1_RagTag:2490976-2491648 -            132 35735at314147        -            176   1.3e-05   21.6   0.5   1   2    0.0096       2.7    4.3   0.0    81    98     3    20     1    40 0.62 -
NW_025965315.1_RagTag:2490976-2491648 -            132 35735at314147        -            176   1.3e-05   21.6   0.5   2   2   2.2e-06   0.00064   16.1   0.1    52   111    48   113    37   129 0.74 -
#
# Program:         hmmsearch
# Version:         3.1b2 (February 2015)
# Pipeline mode:   SEARCH
# Query file:      /home/bgerda/guppy_SUP/busco_downloads/lineages/glires_odb10/hmms/35735at314147.hmm
# Target file:     /home/bgerda/guppy_SUP/busco_results_racon/run_glires_odb10/metaeuk_output/initial_results/ragtag.scaffold.fasta.modified.fas
# Option settings: hmmsearch --domtblout /home/bgerda/guppy_SUP/busco_results_racon/run_glires_odb10/hmmer_output/initial_run_results/35735at314147.out --cpu 1 /home/bgerda/guppy_SUP/busco_downloads/lineages/glires_odb10/hmms/35735at314147.hmm /home/bgerda/guppy_SUP/busco_results_racon/run_glires_odb10/metaeuk_output/initial_results/ragtag.scaffold.fasta.modified.fas 
# Current dir:     /home/bgerda/guppy_SUP
# Date:            Sun May 21 17:05:49 2023
# [ok]
