#                                                                                             --- full sequence --- -------------- this domain -------------   hmm coord   ali coord   env coord
# target name                         accession   tlen query name           accession   qlen   E-value  score  bias   #  of  c-Evalue  i-Evalue  score  bias  from    to  from    to  from    to  acc description of target
#                 ------------------- ---------- ----- -------------------- ---------- ----- --------- ------ ----- --- --- --------- --------- ------ ----- ----- ----- ----- ----- ----- ----- ---- ---------------------
NW_025965313.1_RagTag:1495959-1494515 -            471 35829at314147        -            194   2.9e-06   23.3   1.3   1   1   2.5e-08   5.9e-06   22.3   1.3   141   194   382   435   346   435 0.89 -
NW_025965306.1_RagTag:1019039-1020148 -            370 35829at314147        -            194   4.7e-06   22.6   1.0   1   2     4e-07   9.4e-05   18.4   0.1    87   144    22    79    16   118 0.84 -
NW_025965306.1_RagTag:1019039-1020148 -            370 35829at314147        -            194   4.7e-06   22.6   1.0   2   2     0.026       6.1    2.7   0.1   162   192   289   318   286   320 0.87 -
NW_025965344.1_RagTag:40655-35255     -            204 35829at314147        -            194   2.2e-05   20.5   0.0   1   2   1.4e-05    0.0033   13.3   0.0    75   141    55   122    40   133 0.83 -
NW_025965344.1_RagTag:40655-35255     -            204 35829at314147        -            194   2.2e-05   20.5   0.0   2   2   0.00039     0.092    8.7   0.0    95   149   109   163   104   189 0.80 -
NW_025965288.1_RagTag:109483-111161   -            290 35829at314147        -            194   6.3e-05   19.0   0.0   1   1   5.2e-07   0.00012   18.0   0.0    54   127    89   162    78   190 0.88 -
NW_025965188.1_RagTag:427872-428438   -            189 35829at314147        -            194    0.0012   14.8   0.0   1   2      0.23        54   -0.4   0.0    73   104    46    78    40   103 0.67 -
NW_025965188.1_RagTag:427872-428438   -            189 35829at314147        -            194    0.0012   14.8   0.0   2   2   2.3e-05    0.0055   12.6   0.0    58    94   144   180   137   184 0.93 -
NW_025965287.1_RagTag:1503606-1508138 -            432 35829at314147        -            194    0.0082   12.1   0.1   1   2      0.27        63   -0.6   0.0    83   100   320   337   316   345 0.86 -
NW_025965287.1_RagTag:1503606-1508138 -            432 35829at314147        -            194    0.0082   12.1   0.1   2   2   0.00016     0.037    9.9   0.1    42   118   348   430   343   432 0.80 -
#
# Program:         hmmsearch
# Version:         3.1b2 (February 2015)
# Pipeline mode:   SEARCH
# Query file:      /home/bgerda/guppy_SUP/busco_downloads/lineages/glires_odb10/hmms/35829at314147.hmm
# Target file:     /home/bgerda/guppy_SUP/busco_results_racon/run_glires_odb10/metaeuk_output/initial_results/ragtag.scaffold.fasta.modified.fas
# Option settings: hmmsearch --domtblout /home/bgerda/guppy_SUP/busco_results_racon/run_glires_odb10/hmmer_output/initial_run_results/35829at314147.out --cpu 1 /home/bgerda/guppy_SUP/busco_downloads/lineages/glires_odb10/hmms/35829at314147.hmm /home/bgerda/guppy_SUP/busco_results_racon/run_glires_odb10/metaeuk_output/initial_results/ragtag.scaffold.fasta.modified.fas 
# Current dir:     /home/bgerda/guppy_SUP
# Date:            Sun May 21 17:05:47 2023
# [ok]
