#                                                                                             --- full sequence --- -------------- this domain -------------   hmm coord   ali coord   env coord
# target name                         accession   tlen query name           accession   qlen   E-value  score  bias   #  of  c-Evalue  i-Evalue  score  bias  from    to  from    to  from    to  acc description of target
#                 ------------------- ---------- ----- -------------------- ---------- ----- --------- ------ ----- --- --- --------- --------- ------ ----- ----- ----- ----- ----- ----- ----- ---- ---------------------
NW_025965080.1_RagTag:516862-514868   -            240 36370at314147        -            157   1.4e-17   60.5  20.0   1   4   6.3e-08   1.8e-05   21.2   0.8    93   143    19    68     6    74 0.76 -
NW_025965080.1_RagTag:516862-514868   -            240 36370at314147        -            157   1.4e-17   60.5  20.0   2   4   6.5e-05     0.018   11.4   0.3     4    49    80   126    76   131 0.86 -
NW_025965080.1_RagTag:516862-514868   -            240 36370at314147        -            157   1.4e-17   60.5  20.0   3   4   4.4e-08   1.2e-05   21.7   0.6    81   133   126   176   119   179 0.86 -
NW_025965080.1_RagTag:516862-514868   -            240 36370at314147        -            157   1.4e-17   60.5  20.0   4   4   2.3e-07   6.4e-05   19.4   2.4    79   138   182   239   177   240 0.89 -
contig_7816_pilon:159-2074            -            189 36370at314147        -            157   1.8e-09   34.2  20.0   1   3   5.9e-09   1.7e-06   24.6   1.6    82   135     3    56     1    62 0.89 -
contig_7816_pilon:159-2074            -            189 36370at314147        -            157   1.8e-09   34.2  20.0   2   3    0.0016      0.44    6.9   5.9    76   142    57   122    53   128 0.76 -
contig_7816_pilon:159-2074            -            189 36370at314147        -            157   1.8e-09   34.2  20.0   3   3   4.2e-05     0.012   12.1   1.3    93   118   140   165   119   186 0.67 -
NW_025965321.1_RagTag:367080-367202   -             41 36370at314147        -            157   0.00017   18.0   2.1   1   1   6.6e-07   0.00019   17.9   2.1    81   112    10    41     2    41 0.91 -
NW_025965123.1_RagTag:660462-660285   -             57 36370at314147        -            157   0.00083   15.8   1.7   1   1   3.4e-06   0.00095   15.6   1.7    94   117    15    38     2    55 0.50 -
NW_025965218.1_RagTag:1316640-1313338 -            193 36370at314147        -            157    0.0027   14.1   1.3   1   1   1.5e-05    0.0043   13.5   1.3    82   131    17    68     8    84 0.70 -
#
# Program:         hmmsearch
# Version:         3.1b2 (February 2015)
# Pipeline mode:   SEARCH
# Query file:      /home/bgerda/guppy_SUP/busco_downloads/lineages/glires_odb10/hmms/36370at314147.hmm
# Target file:     /home/bgerda/guppy_SUP/busco_results_racon/run_glires_odb10/metaeuk_output/initial_results/ragtag.scaffold.fasta.modified.fas
# Option settings: hmmsearch --domtblout /home/bgerda/guppy_SUP/busco_results_racon/run_glires_odb10/hmmer_output/initial_run_results/36370at314147.out --cpu 1 /home/bgerda/guppy_SUP/busco_downloads/lineages/glires_odb10/hmms/36370at314147.hmm /home/bgerda/guppy_SUP/busco_results_racon/run_glires_odb10/metaeuk_output/initial_results/ragtag.scaffold.fasta.modified.fas 
# Current dir:     /home/bgerda/guppy_SUP
# Date:            Sun May 21 17:05:48 2023
# [ok]
