#                                                                                             --- full sequence --- -------------- this domain -------------   hmm coord   ali coord   env coord
# target name                         accession   tlen query name           accession   qlen   E-value  score  bias   #  of  c-Evalue  i-Evalue  score  bias  from    to  from    to  from    to  acc description of target
#                 ------------------- ---------- ----- -------------------- ---------- ----- --------- ------ ----- --- --- --------- --------- ------ ----- ----- ----- ----- ----- ----- ----- ---- ---------------------
NW_025965078.1_RagTag:669696-668905   -            264 36544at314147        -            246   3.5e-20   69.2  30.3   1   1   3.4e-22   7.9e-20   68.0  30.3    10   222     1   245     1   258 0.74 -
NW_025965343.1_RagTag:66894-66252     -            212 36544at314147        -            246   1.7e-14   50.5  12.6   1   1   8.7e-17   2.1e-14   50.3  12.6    88   222    21   177     2   202 0.75 -
contig_67641_pilon:735-19             -            239 36544at314147        -            246   9.6e-08   28.4  10.7   1   2   4.1e-10   9.6e-08   28.4  10.7     7    97     2    94     1   141 0.77 -
contig_67641_pilon:735-19             -            239 36544at314147        -            246   9.6e-08   28.4  10.7   2   2      0.08        19    1.3   0.2   183   207   172   196   168   231 0.89 -
contig_57885_pilon:1608-2156          -            183 36544at314147        -            246   1.6e-05   21.1   8.4   1   1     7e-08   1.6e-05   21.1   8.4    10    69    36    97    27   153 0.73 -
NW_025965322.1_RagTag:1853197-1851811 -            304 36544at314147        -            246   0.00035   16.8   2.7   1   2   2.7e-05    0.0065   12.6   1.1    16    55    55    95    40   116 0.83 -
NW_025965322.1_RagTag:1853197-1851811 -            304 36544at314147        -            246   0.00035   16.8   2.7   2   2     0.016       3.8    3.5   0.0   190   223   254   283   243   301 0.75 -
contig_25261_pilon:2013-1030          -            328 36544at314147        -            246    0.0034   13.5  20.9   1   2   2.4e-06   0.00056   16.1  14.0     5    70    22    90    18   219 0.82 -
contig_25261_pilon:2013-1030          -            328 36544at314147        -            246    0.0034   13.5  20.9   2   2      0.32        75   -0.7   3.1   147   223   222   307   172   328 0.57 -
#
# Program:         hmmsearch
# Version:         3.1b2 (February 2015)
# Pipeline mode:   SEARCH
# Query file:      /home/bgerda/guppy_SUP/busco_downloads/lineages/glires_odb10/hmms/36544at314147.hmm
# Target file:     /home/bgerda/guppy_SUP/busco_results_racon/run_glires_odb10/metaeuk_output/initial_results/ragtag.scaffold.fasta.modified.fas
# Option settings: hmmsearch --domtblout /home/bgerda/guppy_SUP/busco_results_racon/run_glires_odb10/hmmer_output/initial_run_results/36544at314147.out --cpu 1 /home/bgerda/guppy_SUP/busco_downloads/lineages/glires_odb10/hmms/36544at314147.hmm /home/bgerda/guppy_SUP/busco_results_racon/run_glires_odb10/metaeuk_output/initial_results/ragtag.scaffold.fasta.modified.fas 
# Current dir:     /home/bgerda/guppy_SUP
# Date:            Sun May 21 17:05:48 2023
# [ok]
