#                                                                                             --- full sequence --- -------------- this domain -------------   hmm coord   ali coord   env coord
# target name                         accession   tlen query name           accession   qlen   E-value  score  bias   #  of  c-Evalue  i-Evalue  score  bias  from    to  from    to  from    to  acc description of target
#                 ------------------- ---------- ----- -------------------- ---------- ----- --------- ------ ----- --- --- --------- --------- ------ ----- ----- ----- ----- ----- ----- ----- ---- ---------------------
NW_025965283.1_RagTag:55529-55365     -             55 373at314147          -           2185   1.6e-17   58.2   7.2   1   1   1.3e-19   1.7e-17   58.1   7.2   900   946     9    55     3    55 0.95 -
NW_025965188.1_RagTag:427872-428438   -            189 373at314147          -           2185     2e-08   28.0   0.5   1   1   3.5e-10   4.5e-08   26.9   0.5  1633  1755    46   180    34   187 0.85 -
NW_025965324.1_RagTag:2489990-2489691 -            100 373at314147          -           2185   9.1e-08   25.8  12.0   1   1     9e-10   1.2e-07   25.5  12.0   724   791    12    83     2    97 0.47 -
NW_025965344.1_RagTag:40655-35255     -            204 373at314147          -           2185   4.2e-06   20.4   0.0   1   2     1e-07   1.3e-05   18.7   0.0  1721  1813    41   133    16   153 0.83 -
NW_025965344.1_RagTag:40655-35255     -            204 373at314147          -           2185   4.2e-06   20.4   0.0   2   2     0.043       5.6    0.0   0.0  1647  1700   133   186   127   192 0.73 -
NW_025965318.1_RagTag:869239-873625   -            203 373at314147          -           2185   0.00027   14.4   8.7   1   1   2.3e-06    0.0003   14.2   8.7   410   476    59   126    48   171 0.55 -
NW_025965214.1_RagTag:208847-178518   -            510 373at314147          -           2185   0.00028   14.3   1.2   1   1     3e-06   0.00038   13.8   1.2   913   948   439   478   434   485 0.79 -
NW_025965276.1_RagTag:371243-371716   -            158 373at314147          -           2185   0.00042   13.7   0.2   1   1   3.3e-06   0.00042   13.7   0.2  1742  1809    50   114     7   148 0.81 -
NW_025965352.1_RagTag:102445-104127   -            319 373at314147          -           2185   0.00067   13.0   0.0   1   1   5.8e-06   0.00075   12.9   0.0  1745  1800     1    56     1   117 0.87 -
NW_025965287.1_RagTag:1503606-1508138 -            432 373at314147          -           2185   0.00077   12.8   0.9   1   1   1.5e-05    0.0019   11.6   0.9  1677  1777   320   421   306   429 0.85 -
NW_025965099.1_RagTag:927970-927673   -             72 373at314147          -           2185   0.00091   12.6   4.4   1   1     6e-06   0.00076   12.8   4.4   881   911     2    29     1    64 0.80 -
NW_025965288.1_RagTag:109483-111161   -            290 373at314147          -           2185    0.0061    9.9   0.1   1   1   5.5e-05    0.0071    9.6   0.1  1732  1824    73   165    22   179 0.78 -
#
# Program:         hmmsearch
# Version:         3.1b2 (February 2015)
# Pipeline mode:   SEARCH
# Query file:      /home/bgerda/guppy_SUP/busco_downloads/lineages/glires_odb10/hmms/373at314147.hmm
# Target file:     /home/bgerda/guppy_SUP/busco_results_racon/run_glires_odb10/metaeuk_output/initial_results/ragtag.scaffold.fasta.modified.fas
# Option settings: hmmsearch --domtblout /home/bgerda/guppy_SUP/busco_results_racon/run_glires_odb10/hmmer_output/initial_run_results/373at314147.out --cpu 1 /home/bgerda/guppy_SUP/busco_downloads/lineages/glires_odb10/hmms/373at314147.hmm /home/bgerda/guppy_SUP/busco_results_racon/run_glires_odb10/metaeuk_output/initial_results/ragtag.scaffold.fasta.modified.fas 
# Current dir:     /home/bgerda/guppy_SUP
# Date:            Sun May 21 17:05:49 2023
# [ok]
