#                                                                                             --- full sequence --- -------------- this domain -------------   hmm coord   ali coord   env coord
# target name                         accession   tlen query name           accession   qlen   E-value  score  bias   #  of  c-Evalue  i-Evalue  score  bias  from    to  from    to  from    to  acc description of target
#                 ------------------- ---------- ----- -------------------- ---------- ----- --------- ------ ----- --- --- --------- --------- ------ ----- ----- ----- ----- ----- ----- ----- ---- ---------------------
NW_025965080.1_RagTag:516862-514868   -            240 37770at314147        -            129   2.7e-13   46.7  21.0   1   4   1.6e-07   4.5e-05   20.1   0.4    71   116    24    69     8    83 0.88 -
NW_025965080.1_RagTag:516862-514868   -            240 37770at314147        -            129   2.7e-13   46.7  21.0   2   4   1.6e-05    0.0044   13.6   0.9    72   118    84   130    71   137 0.91 -
NW_025965080.1_RagTag:516862-514868   -            240 37770at314147        -            129   2.7e-13   46.7  21.0   3   4    0.0015      0.42    7.3   0.8    73   113   144   183   136   198 0.85 -
NW_025965080.1_RagTag:516862-514868   -            240 37770at314147        -            129   2.7e-13   46.7  21.0   4   4   6.9e-07   0.00019   18.0   2.6    60   111   190   240   179   240 0.84 -
contig_7816_pilon:159-2074            -            189 37770at314147        -            129   1.5e-10   37.8  13.6   1   3   1.8e-07   5.1e-05   19.9   0.9    70   110    20    59     5    70 0.82 -
contig_7816_pilon:159-2074            -            189 37770at314147        -            129   1.5e-10   37.8  13.6   2   3   1.9e-05    0.0055   13.3   1.2    70   114    77   122    57   128 0.81 -
contig_7816_pilon:159-2074            -            189 37770at314147        -            129   1.5e-10   37.8  13.6   3   3   3.9e-05     0.011   12.4   0.7    71   107   145   185   125   188 0.71 -
NW_025965218.1_RagTag:1316640-1313338 -            193 37770at314147        -            129     1e-05   22.1   0.6   1   1   7.7e-08   2.2e-05   21.1   0.6    74   108    37    72    32    92 0.81 -
NW_025965123.1_RagTag:660462-660285   -             57 37770at314147        -            129   0.00083   16.0   1.4   1   1   3.1e-06   0.00087   15.9   1.4    68   107    16    55     2    57 0.82 -
NW_025965284.1_RagTag:30827-30266     -            101 37770at314147        -            129    0.0046   13.6   1.5   1   2      0.35     1e+02   -0.4   0.0    60    88    10    38     2    45 0.66 -
NW_025965284.1_RagTag:30827-30266     -            101 37770at314147        -            129    0.0046   13.6   1.5   2   2   2.4e-05    0.0069   13.0   0.3    70   108    46    84    41    96 0.79 -
#
# Program:         hmmsearch
# Version:         3.1b2 (February 2015)
# Pipeline mode:   SEARCH
# Query file:      /home/bgerda/guppy_SUP/busco_downloads/lineages/glires_odb10/hmms/37770at314147.hmm
# Target file:     /home/bgerda/guppy_SUP/busco_results_racon/run_glires_odb10/metaeuk_output/initial_results/ragtag.scaffold.fasta.modified.fas
# Option settings: hmmsearch --domtblout /home/bgerda/guppy_SUP/busco_results_racon/run_glires_odb10/hmmer_output/initial_run_results/37770at314147.out --cpu 1 /home/bgerda/guppy_SUP/busco_downloads/lineages/glires_odb10/hmms/37770at314147.hmm /home/bgerda/guppy_SUP/busco_results_racon/run_glires_odb10/metaeuk_output/initial_results/ragtag.scaffold.fasta.modified.fas 
# Current dir:     /home/bgerda/guppy_SUP
# Date:            Sun May 21 17:05:48 2023
# [ok]
