#                                                                                             --- full sequence --- -------------- this domain -------------   hmm coord   ali coord   env coord
# target name                         accession   tlen query name           accession   qlen   E-value  score  bias   #  of  c-Evalue  i-Evalue  score  bias  from    to  from    to  from    to  acc description of target
#                 ------------------- ---------- ----- -------------------- ---------- ----- --------- ------ ----- --- --- --------- --------- ------ ----- ----- ----- ----- ----- ----- ----- ---- ---------------------
NW_025965163.1_RagTag:38535-29734     -            753 37817at314147        -            162   1.1e-11   41.4   0.1   1   2   5.8e-11     1e-08   31.7   0.0    14    93   423   504   417   507 0.86 -
NW_025965163.1_RagTag:38535-29734     -            753 37817at314147        -            162   1.1e-11   41.4   0.1   2   2   3.4e-05     0.006   12.9   0.1    33    93   477   536   476   552 0.86 -
NW_025965344.1_RagTag:40655-35255     -            204 37817at314147        -            162   2.3e-11   40.3   0.0   1   2   8.3e-10   1.5e-07   28.0   0.0     8   110    34   137    27   137 0.87 -
NW_025965344.1_RagTag:40655-35255     -            204 37817at314147        -            162   2.3e-11   40.3   0.0   2   2   3.3e-06   0.00059   16.2   0.0    35    93   128   186   121   198 0.88 -
NW_025965188.1_RagTag:427872-428438   -            189 37817at314147        -            162   4.4e-11   39.4   0.2   1   2   9.7e-08   1.7e-05   21.2   0.0    40    82    60   102    43   108 0.87 -
NW_025965188.1_RagTag:427872-428438   -            189 37817at314147        -            162   4.4e-11   39.4   0.2   2   2   3.3e-06   0.00058   16.3   0.0    36    82   135   181   125   186 0.87 -
NW_025965352.1_RagTag:102445-104127   -            319 37817at314147        -            162   2.3e-06   24.1   0.1   1   1   2.3e-08     4e-06   23.3   0.1    43    92     6    55     1    60 0.91 -
NW_025965306.1_RagTag:1019039-1020148 -            370 37817at314147        -            162   4.7e-05   19.8   0.1   1   1     5e-07   8.9e-05   18.9   0.1    73   130    21    78     2   101 0.88 -
NW_025965288.1_RagTag:109483-111161   -            290 37817at314147        -            162   5.1e-05   19.7   0.0   1   1   4.4e-07   7.8e-05   19.1   0.0    43   111    91   159    66   178 0.86 -
NW_025965288.1_RagTag:99923-99699     -             75 37817at314147        -            162   0.00034   17.0   0.0   1   1   2.2e-06   0.00039   16.8   0.0    37    72    19    54     1    70 0.79 -
NW_025965287.1_RagTag:1503606-1508138 -            432 37817at314147        -            162   0.00078   15.8   0.3   1   1     7e-06    0.0012   15.2   0.3    10    94   326   413   319   424 0.77 -
#
# Program:         hmmsearch
# Version:         3.1b2 (February 2015)
# Pipeline mode:   SEARCH
# Query file:      /home/bgerda/guppy_SUP/busco_downloads/lineages/glires_odb10/hmms/37817at314147.hmm
# Target file:     /home/bgerda/guppy_SUP/busco_results_racon/run_glires_odb10/metaeuk_output/initial_results/ragtag.scaffold.fasta.modified.fas
# Option settings: hmmsearch --domtblout /home/bgerda/guppy_SUP/busco_results_racon/run_glires_odb10/hmmer_output/initial_run_results/37817at314147.out --cpu 1 /home/bgerda/guppy_SUP/busco_downloads/lineages/glires_odb10/hmms/37817at314147.hmm /home/bgerda/guppy_SUP/busco_results_racon/run_glires_odb10/metaeuk_output/initial_results/ragtag.scaffold.fasta.modified.fas 
# Current dir:     /home/bgerda/guppy_SUP
# Date:            Sun May 21 17:05:49 2023
# [ok]
