#                                                                                             --- full sequence --- -------------- this domain -------------   hmm coord   ali coord   env coord
# target name                         accession   tlen query name           accession   qlen   E-value  score  bias   #  of  c-Evalue  i-Evalue  score  bias  from    to  from    to  from    to  acc description of target
#                 ------------------- ---------- ----- -------------------- ---------- ----- --------- ------ ----- --- --- --------- --------- ------ ----- ----- ----- ----- ----- ----- ----- ---- ---------------------
NW_025965314.1_RagTag:1368682-1369539 -            286 37883at314147        -            269   2.9e-06   23.5   0.4   1   3       1.4   3.9e+02   -3.2   0.0    47    84    50    87    43    90 0.80 -
NW_025965314.1_RagTag:1368682-1369539 -            286 37883at314147        -            269   2.9e-06   23.5   0.4   2   3   1.4e-06   0.00039   16.5   0.0     6    77    98   166    93   189 0.83 -
NW_025965314.1_RagTag:1368682-1369539 -            286 37883at314147        -            269   2.9e-06   23.5   0.4   3   3    0.0044       1.2    5.0   0.1     6    95   191   278   182   286 0.76 -
contig_74271_pilon:72-1170            -            357 37883at314147        -            269   9.1e-06   21.8   5.5   1   2   3.4e-07   9.7e-05   18.5   3.5    24   265    21   249    15   253 0.75 -
contig_74271_pilon:72-1170            -            357 37883at314147        -            269   9.1e-06   21.8   5.5   2   2       0.1        28    0.5   0.0   192   223   293   325   280   347 0.76 -
NW_025965223.1_RagTag:154601-152436   -            722 37883at314147        -            269   6.2e-05   19.1   0.0   1   3     0.012       3.5    3.5   0.0     4    79   120   198   118   204 0.78 -
NW_025965223.1_RagTag:154601-152436   -            722 37883at314147        -            269   6.2e-05   19.1   0.0   2   3   0.00068      0.19    7.7   0.0     1    82   321   400   310   404 0.52 -
NW_025965223.1_RagTag:154601-152436   -            722 37883at314147        -            269   6.2e-05   19.1   0.0   3   3     0.014       3.9    3.4   0.0    44    84   438   480   418   485 0.77 -
NW_025965172.1_RagTag:1410564-1410014 -            156 37883at314147        -            269   0.00039   16.5   0.0   1   1   1.7e-06   0.00047   16.2   0.0    22    82    20    83    11   101 0.86 -
NW_025965298.1_RagTag:434296-430361   -            273 37883at314147        -            269    0.0057   12.7   0.4   1   2      0.73     2e+02   -2.3   0.0   192   238    43    87    39    98 0.67 -
NW_025965298.1_RagTag:434296-430361   -            273 37883at314147        -            269    0.0057   12.7   0.4   2   2   5.2e-05     0.015   11.3   0.1   191   268   192   270   132   271 0.90 -
#
# Program:         hmmsearch
# Version:         3.1b2 (February 2015)
# Pipeline mode:   SEARCH
# Query file:      /home/bgerda/guppy_SUP/busco_downloads/lineages/glires_odb10/hmms/37883at314147.hmm
# Target file:     /home/bgerda/guppy_SUP/busco_results_racon/run_glires_odb10/metaeuk_output/initial_results/ragtag.scaffold.fasta.modified.fas
# Option settings: hmmsearch --domtblout /home/bgerda/guppy_SUP/busco_results_racon/run_glires_odb10/hmmer_output/initial_run_results/37883at314147.out --cpu 1 /home/bgerda/guppy_SUP/busco_downloads/lineages/glires_odb10/hmms/37883at314147.hmm /home/bgerda/guppy_SUP/busco_results_racon/run_glires_odb10/metaeuk_output/initial_results/ragtag.scaffold.fasta.modified.fas 
# Current dir:     /home/bgerda/guppy_SUP
# Date:            Sun May 21 17:05:48 2023
# [ok]
