#                                                                                             --- full sequence --- -------------- this domain -------------   hmm coord   ali coord   env coord
# target name                         accession   tlen query name           accession   qlen   E-value  score  bias   #  of  c-Evalue  i-Evalue  score  bias  from    to  from    to  from    to  acc description of target
#                 ------------------- ---------- ----- -------------------- ---------- ----- --------- ------ ----- --- --- --------- --------- ------ ----- ----- ----- ----- ----- ----- ----- ---- ---------------------
NW_025965123.1_RagTag:660462-660285   -             57 38252at314147        -             79   2.6e-22   75.4   8.5   1   1   1.2e-24   2.9e-22   75.3   8.5    21    79     1    57     1    57 0.97 -
NW_025965218.1_RagTag:1316640-1313338 -            193 38252at314147        -             79   3.8e-11   39.6   2.1   1   1   2.9e-13   6.7e-11   38.8   2.1    23    79    17    73     4    73 0.85 -
NW_025965080.1_RagTag:516862-514868   -            240 38252at314147        -             79   1.4e-10   37.8  12.0   1   4   0.00085       0.2    8.5   0.0    36    77    21    60    15    62 0.82 -
NW_025965080.1_RagTag:516862-514868   -            240 38252at314147        -             79   1.4e-10   37.8  12.0   2   4     4e-06   0.00094   15.9   0.2    17    64    62   108    53   121 0.82 -
NW_025965080.1_RagTag:516862-514868   -            240 38252at314147        -             79   1.4e-10   37.8  12.0   3   4   4.3e-05      0.01   12.6   0.6    22    53   126   156   122   178 0.89 -
NW_025965080.1_RagTag:516862-514868   -            240 38252at314147        -             79   1.4e-10   37.8  12.0   4   4    0.0029      0.67    6.8   0.6    22    58   184   219   168   227 0.89 -
NW_025965321.1_RagTag:367080-367202   -             41 38252at314147        -             79   5.1e-08   29.6   4.7   1   1   2.3e-10   5.4e-08   29.5   4.7    13    53     1    41     1    41 0.97 -
contig_7816_pilon:159-2074            -            189 38252at314147        -             79   1.2e-07   28.4  17.5   1   3    0.0058       1.4    5.8   2.3    38    64    19    43     3    57 0.78 -
contig_7816_pilon:159-2074            -            189 38252at314147        -             79   1.2e-07   28.4  17.5   2   3   1.4e-06   0.00032   17.4   2.2    17    57    57    96    47   111 0.84 -
contig_7816_pilon:159-2074            -            189 38252at314147        -             79   1.2e-07   28.4  17.5   3   3   1.9e-05    0.0045   13.8   1.0    34    75   140   183   103   186 0.75 -
NW_025965233.1_RagTag:929485-926075   -           1022 38252at314147        -             79     0.021   11.6   2.2   1   2       1.1   2.6e+02   -1.5   0.1    35    66   209   242   201   246 0.58 -
NW_025965233.1_RagTag:929485-926075   -           1022 38252at314147        -             79     0.021   11.6   2.2   2   2   0.00014     0.033   11.0   0.3    32    66   378   413   366   417 0.80 -
#
# Program:         hmmsearch
# Version:         3.1b2 (February 2015)
# Pipeline mode:   SEARCH
# Query file:      /home/bgerda/guppy_SUP/busco_downloads/lineages/glires_odb10/hmms/38252at314147.hmm
# Target file:     /home/bgerda/guppy_SUP/busco_results_racon/run_glires_odb10/metaeuk_output/initial_results/ragtag.scaffold.fasta.modified.fas
# Option settings: hmmsearch --domtblout /home/bgerda/guppy_SUP/busco_results_racon/run_glires_odb10/hmmer_output/initial_run_results/38252at314147.out --cpu 1 /home/bgerda/guppy_SUP/busco_downloads/lineages/glires_odb10/hmms/38252at314147.hmm /home/bgerda/guppy_SUP/busco_results_racon/run_glires_odb10/metaeuk_output/initial_results/ragtag.scaffold.fasta.modified.fas 
# Current dir:     /home/bgerda/guppy_SUP
# Date:            Sun May 21 17:05:49 2023
# [ok]
