#                                                                                             --- full sequence --- -------------- this domain -------------   hmm coord   ali coord   env coord
# target name                         accession   tlen query name           accession   qlen   E-value  score  bias   #  of  c-Evalue  i-Evalue  score  bias  from    to  from    to  from    to  acc description of target
#                 ------------------- ---------- ----- -------------------- ---------- ----- --------- ------ ----- --- --- --------- --------- ------ ----- ----- ----- ----- ----- ----- ----- ---- ---------------------
NW_025965307.1_RagTag:1388537-1388983 -            149 38361at314147        -            172   3.7e-38  127.6   2.7   1   2   3.5e-22   8.2e-20   67.9   0.2     1    67    12    78    12    84 0.95 -
NW_025965307.1_RagTag:1388537-1388983 -            149 38361at314147        -            172   3.7e-38  127.6   2.7   2   2   6.9e-20   1.6e-17   60.4   0.2     1    64    85   148    85   149 0.97 -
NW_025965318.1_RagTag:3658330-3659397 -            128 38361at314147        -            172   3.2e-14   49.7   5.0   1   2   3.6e-12   8.4e-10   35.3   0.2    13    62     9    58     1    71 0.89 -
NW_025965318.1_RagTag:3658330-3659397 -            128 38361at314147        -            172   3.2e-14   49.7   5.0   2   2   1.6e-06   0.00039   16.8   0.8     2    56    74   128    73   128 0.95 -
NW_025965315.1_RagTag:2490976-2491648 -            132 38361at314147        -            172   2.7e-11   40.1   0.2   1   2   3.4e-09   8.1e-07   25.6   0.0     1    63     1    65     1    82 0.79 -
NW_025965315.1_RagTag:2490976-2491648 -            132 38361at314147        -            172   2.7e-11   40.1   0.2   2   2   1.9e-05    0.0044   13.4   0.0     4    54    81   130    77   132 0.84 -
NW_025965135.1_RagTag:445771-446151   -            127 38361at314147        -            172   4.8e-06   23.0   0.1   1   2   0.00068      0.16    8.3   0.1    37    62    64    89    26    99 0.67 -
NW_025965135.1_RagTag:445771-446151   -            127 38361at314147        -            172   4.8e-06   23.0   0.1   2   2   0.00024     0.056    9.8   0.0     3    22   102   121   100   126 0.87 -
NW_025965296.1_RagTag:241454-240552   -            301 38361at314147        -            172   0.00056   16.3   3.1   1   3   0.00067      0.16    8.3   0.1     8    59    41    91    36   102 0.75 -
NW_025965296.1_RagTag:241454-240552   -            301 38361at314147        -            172   0.00056   16.3   3.1   2   3    0.0022      0.52    6.7   0.2     6    60   161   216   157   225 0.78 -
NW_025965296.1_RagTag:241454-240552   -            301 38361at314147        -            172   0.00056   16.3   3.1   3   3    0.0062       1.4    5.2   0.3     4    59   196   256   193   274 0.73 -
NW_025965304.1_RagTag:1146664-1145946 -             84 38361at314147        -            172   0.00083   15.8   0.1   1   1   4.6e-06    0.0011   15.4   0.1     4    54    33    82    30    84 0.83 -
#
# Program:         hmmsearch
# Version:         3.1b2 (February 2015)
# Pipeline mode:   SEARCH
# Query file:      /home/bgerda/guppy_SUP/busco_downloads/lineages/glires_odb10/hmms/38361at314147.hmm
# Target file:     /home/bgerda/guppy_SUP/busco_results_racon/run_glires_odb10/metaeuk_output/initial_results/ragtag.scaffold.fasta.modified.fas
# Option settings: hmmsearch --domtblout /home/bgerda/guppy_SUP/busco_results_racon/run_glires_odb10/hmmer_output/initial_run_results/38361at314147.out --cpu 1 /home/bgerda/guppy_SUP/busco_downloads/lineages/glires_odb10/hmms/38361at314147.hmm /home/bgerda/guppy_SUP/busco_results_racon/run_glires_odb10/metaeuk_output/initial_results/ragtag.scaffold.fasta.modified.fas 
# Current dir:     /home/bgerda/guppy_SUP
# Date:            Sun May 21 17:05:48 2023
# [ok]
