#                                                                                         --- full sequence --- -------------- this domain -------------   hmm coord   ali coord   env coord
# target name                     accession   tlen query name           accession   qlen   E-value  score  bias   #  of  c-Evalue  i-Evalue  score  bias  from    to  from    to  from    to  acc description of target
#             ------------------- ---------- ----- -------------------- ---------- ----- --------- ------ ----- --- --- --------- --------- ------ ----- ----- ----- ----- ----- ----- ----- ---- ---------------------
contig_28105_pilon:1415-840       -            192 3883at314147         -            876     5e-06   21.1   7.3   1   1   1.6e-08   7.5e-06   20.5   7.3   387   578     8   191     3   192 0.76 -
NW_025965374.1_RagTag:79809-77578 -            744 3883at314147         -            876   3.8e-05   18.2  82.3   1   8      0.02       9.3    0.3   7.6   498   555     3    58     1    63 0.86 -
NW_025965374.1_RagTag:79809-77578 -            744 3883at314147         -            876   3.8e-05   18.2  82.3   2   8   1.1e-05    0.0053   11.0   8.7   493   584    67   157    58   166 0.85 -
NW_025965374.1_RagTag:79809-77578 -            744 3883at314147         -            876   3.8e-05   18.2  82.3   3   8   0.00015     0.072    7.3   5.2   490   584   242   351   224   360 0.72 -
NW_025965374.1_RagTag:79809-77578 -            744 3883at314147         -            876   3.8e-05   18.2  82.3   4   8      0.19        89   -2.9   0.0   527   554   371   400   363   403 0.82 -
NW_025965374.1_RagTag:79809-77578 -            744 3883at314147         -            876   3.8e-05   18.2  82.3   5   8     0.034        16   -0.4   0.1   559   582   441   464   431   469 0.87 -
NW_025965374.1_RagTag:79809-77578 -            744 3883at314147         -            876   3.8e-05   18.2  82.3   6   8   1.4e-06   0.00067   14.0   4.3   499   552   472   525   468   529 0.91 -
NW_025965374.1_RagTag:79809-77578 -            744 3883at314147         -            876   3.8e-05   18.2  82.3   7   8   8.2e-07   0.00039   14.8  11.5   499   584   530   614   528   617 0.94 -
NW_025965374.1_RagTag:79809-77578 -            744 3883at314147         -            876   3.8e-05   18.2  82.3   8   8    0.0013      0.62    4.2   6.9   498   552   590   640   586   648 0.82 -
NW_025965318.1_RagTag:51761-52207 -            149 3883at314147         -            876     0.018    9.3   5.6   1   2    0.0018      0.84    3.8   4.4   499   586    38   119    27   125 0.57 -
NW_025965318.1_RagTag:51761-52207 -            149 3883at314147         -            876     0.018    9.3   5.6   2   2   7.4e-05     0.035    8.4   2.0   529   582    94   144    67   147 0.81 -
#
# Program:         hmmsearch
# Version:         3.1b2 (February 2015)
# Pipeline mode:   SEARCH
# Query file:      /home/bgerda/guppy_SUP/busco_downloads/lineages/glires_odb10/hmms/3883at314147.hmm
# Target file:     /home/bgerda/guppy_SUP/busco_results_racon/run_glires_odb10/metaeuk_output/initial_results/ragtag.scaffold.fasta.modified.fas
# Option settings: hmmsearch --domtblout /home/bgerda/guppy_SUP/busco_results_racon/run_glires_odb10/hmmer_output/initial_run_results/3883at314147.out --cpu 1 /home/bgerda/guppy_SUP/busco_downloads/lineages/glires_odb10/hmms/3883at314147.hmm /home/bgerda/guppy_SUP/busco_results_racon/run_glires_odb10/metaeuk_output/initial_results/ragtag.scaffold.fasta.modified.fas 
# Current dir:     /home/bgerda/guppy_SUP
# Date:            Sun May 21 17:05:49 2023
# [ok]
