#                                                                                             --- full sequence --- -------------- this domain -------------   hmm coord   ali coord   env coord
# target name                         accession   tlen query name           accession   qlen   E-value  score  bias   #  of  c-Evalue  i-Evalue  score  bias  from    to  from    to  from    to  acc description of target
#                 ------------------- ---------- ----- -------------------- ---------- ----- --------- ------ ----- --- --- --------- --------- ------ ----- ----- ----- ----- ----- ----- ----- ---- ---------------------
NW_025965548.1_RagTag:8433-1774       -            515 38911at314147        -            236   1.4e-08   30.6   0.1   1   3   8.6e-06    0.0024   13.5   0.0   124   156    18    49    11    52 0.86 -
NW_025965548.1_RagTag:8433-1774       -            515 38911at314147        -            236   1.4e-08   30.6   0.1   2   3   1.4e-05     0.004   12.8   0.0    70    93    63    86    59    99 0.87 -
NW_025965548.1_RagTag:8433-1774       -            515 38911at314147        -            236   1.4e-08   30.6   0.1   3   3      0.14        40   -0.3   0.0    73    89   176   192   125   208 0.78 -
contig_7776_pilon:1857-2198           -            114 38911at314147        -            236   1.2e-05   21.1   0.0   1   1   4.9e-08   1.4e-05   20.9   0.0   124   191    28   103    12   113 0.73 -
NW_025965207.1_RagTag:131712-135390   -            174 38911at314147        -            236   0.00019   17.1   0.0   1   1   8.6e-07   0.00024   16.8   0.0    70   123    29    82     3    89 0.85 -
NW_025965324.1_RagTag:3129261-3128131 -            377 38911at314147        -            236   0.00021   17.0   0.4   1   3    0.0021       0.6    5.7   0.0    44    91    39    85    19    98 0.84 -
NW_025965324.1_RagTag:3129261-3128131 -            377 38911at314147        -            236   0.00021   17.0   0.4   2   3     0.018       5.2    2.6   0.0    67    89   197   219   187   241 0.88 -
NW_025965324.1_RagTag:3129261-3128131 -            377 38911at314147        -            236   0.00021   17.0   0.4   3   3    0.0053       1.5    4.4   0.0    61    89   333   361   315   376 0.86 -
NW_025965237.1_RagTag:393029-393397   -            123 38911at314147        -            236   0.00063   15.4   0.0   1   1   2.6e-06   0.00072   15.2   0.0    19    95    24   108     7   121 0.79 -
#
# Program:         hmmsearch
# Version:         3.1b2 (February 2015)
# Pipeline mode:   SEARCH
# Query file:      /home/bgerda/guppy_SUP/busco_downloads/lineages/glires_odb10/hmms/38911at314147.hmm
# Target file:     /home/bgerda/guppy_SUP/busco_results_racon/run_glires_odb10/metaeuk_output/initial_results/ragtag.scaffold.fasta.modified.fas
# Option settings: hmmsearch --domtblout /home/bgerda/guppy_SUP/busco_results_racon/run_glires_odb10/hmmer_output/initial_run_results/38911at314147.out --cpu 1 /home/bgerda/guppy_SUP/busco_downloads/lineages/glires_odb10/hmms/38911at314147.hmm /home/bgerda/guppy_SUP/busco_results_racon/run_glires_odb10/metaeuk_output/initial_results/ragtag.scaffold.fasta.modified.fas 
# Current dir:     /home/bgerda/guppy_SUP
# Date:            Sun May 21 17:05:48 2023
# [ok]
