#                                                                                             --- full sequence --- -------------- this domain -------------   hmm coord   ali coord   env coord
# target name                         accession   tlen query name           accession   qlen   E-value  score  bias   #  of  c-Evalue  i-Evalue  score  bias  from    to  from    to  from    to  acc description of target
#                 ------------------- ---------- ----- -------------------- ---------- ----- --------- ------ ----- --- --- --------- --------- ------ ----- ----- ----- ----- ----- ----- ----- ---- ---------------------
NW_025965344.1_RagTag:40655-35255     -            204 3897at314147         -            873   1.3e-08   29.5   0.0   1   1   1.7e-10     3e-08   28.3   0.0   337   448    72   183    26   192 0.80 -
NW_025965288.1_RagTag:109483-111161   -            290 3897at314147         -            873   3.4e-08   28.1   0.1   1   2     0.021       3.7    1.5   0.0   642   672    12    42     1    57 0.80 -
NW_025965288.1_RagTag:109483-111161   -            290 3897at314147         -            873   3.4e-08   28.1   0.1   2   2   2.1e-09   3.7e-07   24.7   0.0   355   439    77   162    47   171 0.84 -
NW_025965188.1_RagTag:427872-428438   -            189 3897at314147         -            873   6.1e-07   24.0   0.0   1   2   0.00054     0.096    6.8   0.0   515   553    57    94    41   108 0.70 -
NW_025965188.1_RagTag:427872-428438   -            189 3897at314147         -            873   6.1e-07   24.0   0.0   2   2   1.4e-06   0.00024   15.4   0.0   379   440   120   181   103   186 0.85 -
NW_025965287.1_RagTag:1503606-1508138 -            432 3897at314147         -            873   1.9e-05   19.0   1.8   1   1   1.5e-07   2.6e-05   18.6   1.8   515   598   320   407   309   426 0.80 -
NW_025965352.1_RagTag:102445-104127   -            319 3897at314147         -            873    0.0027   11.9   0.0   1   1     2e-05    0.0036   11.5   0.0   399   447     4    52     1    60 0.85 -
NW_025965317.1_RagTag:2732946-2735087 -            714 3897at314147         -            873     0.005   11.0   1.6   1   1   3.8e-05    0.0067   10.6   1.6   829   865     3    45     1    50 0.81 -
NW_025965319.1_RagTag:4123940-4123488 -            151 3897at314147         -            873     0.005   11.0   1.8   1   1   3.8e-05    0.0068   10.6   1.8   824   863    39    85    36    90 0.73 -
NW_025965288.1_RagTag:99923-99699     -             75 3897at314147         -            873    0.0059   10.8   0.0   1   1   3.4e-05    0.0059   10.8   0.0   450   550    22    55     7    75 0.61 -
#
# Program:         hmmsearch
# Version:         3.1b2 (February 2015)
# Pipeline mode:   SEARCH
# Query file:      /home/bgerda/guppy_SUP/busco_downloads/lineages/glires_odb10/hmms/3897at314147.hmm
# Target file:     /home/bgerda/guppy_SUP/busco_results_racon/run_glires_odb10/metaeuk_output/initial_results/ragtag.scaffold.fasta.modified.fas
# Option settings: hmmsearch --domtblout /home/bgerda/guppy_SUP/busco_results_racon/run_glires_odb10/hmmer_output/initial_run_results/3897at314147.out --cpu 1 /home/bgerda/guppy_SUP/busco_downloads/lineages/glires_odb10/hmms/3897at314147.hmm /home/bgerda/guppy_SUP/busco_results_racon/run_glires_odb10/metaeuk_output/initial_results/ragtag.scaffold.fasta.modified.fas 
# Current dir:     /home/bgerda/guppy_SUP
# Date:            Sun May 21 17:05:48 2023
# [ok]
