#                                                                                             --- full sequence --- -------------- this domain -------------   hmm coord   ali coord   env coord
# target name                         accession   tlen query name           accession   qlen   E-value  score  bias   #  of  c-Evalue  i-Evalue  score  bias  from    to  from    to  from    to  acc description of target
#                 ------------------- ---------- ----- -------------------- ---------- ----- --------- ------ ----- --- --- --------- --------- ------ ----- ----- ----- ----- ----- ----- ----- ---- ---------------------
NW_025965324.1_RagTag:2914727-2915469 -            122 39292at314147        -            195   2.3e-20   69.8   9.3   1   1   3.7e-20   6.5e-18   61.7   9.3   117   184    16    93     4   103 0.78 -
NW_025965275.1_RagTag:420401-420210   -             64 39292at314147        -            195   5.1e-20   68.6  15.6   1   2     9e-16   1.6e-13   47.4   3.6   137   171     3    38     1    42 0.91 -
NW_025965275.1_RagTag:420401-420210   -             64 39292at314147        -            195   5.1e-20   68.6  15.6   2   2   6.8e-10   1.2e-07   28.2   3.8   164   184    44    64    38    64 0.86 -
NW_025965266.1_RagTag:206462-207725   -            136 39292at314147        -            195   9.5e-19   64.5   8.1   1   2   0.00026     0.046   10.0   0.7     1    69     1    61     1    62 0.81 -
NW_025965266.1_RagTag:206462-207725   -            136 39292at314147        -            195   9.5e-19   64.5   8.1   2   2   1.7e-19     3e-17   59.6   1.6   112   170    61   128    60   131 0.77 -
NW_025965324.1_RagTag:2927304-2928146 -            184 39292at314147        -            195   2.6e-09   33.6   8.1   1   1   1.2e-09     2e-07   27.5   8.1   115   184    56   145     6   148 0.66 -
NW_025965177.1_RagTag:229533-229225   -            103 39292at314147        -            195   2.4e-05   20.8   3.2   1   1   7.8e-07   0.00014   18.3   3.2   135   178    46   103    27   103 0.72 -
NW_025965309.1_RagTag:3204112-3203780 -            111 39292at314147        -            195   0.00031   17.1   0.1   1   1   2.9e-06   0.00052   16.4   0.1   165   184    14    33     8    42 0.80 -
NW_025965284.1_RagTag:343396-345492   -            220 39292at314147        -            195    0.0025   14.1   8.0   1   1   6.8e-05     0.012   11.9   8.0   137   184   144   205   100   215 0.73 -
NW_025965218.1_RagTag:1316640-1313338 -            193 39292at314147        -            195     0.014   11.7   1.1   1   1   0.00011     0.019   11.3   0.6   165   185   100   120    73   130 0.81 -
#
# Program:         hmmsearch
# Version:         3.1b2 (February 2015)
# Pipeline mode:   SEARCH
# Query file:      /home/bgerda/guppy_SUP/busco_downloads/lineages/glires_odb10/hmms/39292at314147.hmm
# Target file:     /home/bgerda/guppy_SUP/busco_results_racon/run_glires_odb10/metaeuk_output/initial_results/ragtag.scaffold.fasta.modified.fas
# Option settings: hmmsearch --domtblout /home/bgerda/guppy_SUP/busco_results_racon/run_glires_odb10/hmmer_output/initial_run_results/39292at314147.out --cpu 1 /home/bgerda/guppy_SUP/busco_downloads/lineages/glires_odb10/hmms/39292at314147.hmm /home/bgerda/guppy_SUP/busco_results_racon/run_glires_odb10/metaeuk_output/initial_results/ragtag.scaffold.fasta.modified.fas 
# Current dir:     /home/bgerda/guppy_SUP
# Date:            Sun May 21 17:05:49 2023
# [ok]
