#                                                                                             --- full sequence --- -------------- this domain -------------   hmm coord   ali coord   env coord
# target name                         accession   tlen query name           accession   qlen   E-value  score  bias   #  of  c-Evalue  i-Evalue  score  bias  from    to  from    to  from    to  acc description of target
#                 ------------------- ---------- ----- -------------------- ---------- ----- --------- ------ ----- --- --- --------- --------- ------ ----- ----- ----- ----- ----- ----- ----- ---- ---------------------
NW_025965080.1_RagTag:516862-514868   -            240 39384at314147        -            191   8.5e-16   54.8  15.3   1   4   9.9e-09   2.8e-06   23.8   0.1   125   178    16    69     1    75 0.86 -
NW_025965080.1_RagTag:516862-514868   -            240 39384at314147        -            191   8.5e-16   54.8  15.3   2   4   1.5e-06   0.00041   16.7   0.9   116   180    67   130    65   136 0.83 -
NW_025965080.1_RagTag:516862-514868   -            240 39384at314147        -            191   8.5e-16   54.8  15.3   3   4   0.00054      0.15    8.3   0.9   116   173   126   181   125   190 0.77 -
NW_025965080.1_RagTag:516862-514868   -            240 39384at314147        -            191   8.5e-16   54.8  15.3   4   4   9.5e-07   0.00027   17.3   2.6     8    64   183   238   178   240 0.71 -
contig_7816_pilon:159-2074            -            189 39384at314147        -            191   1.4e-15   54.1  14.1   1   3   6.2e-10   1.7e-07   27.7   1.6   115   173     1    60     1    68 0.88 -
contig_7816_pilon:159-2074            -            189 39384at314147        -            191   1.4e-15   54.1  14.1   2   3     2e-07   5.6e-05   19.5   1.6     9    69    62   122    59   129 0.54 -
contig_7816_pilon:159-2074            -            189 39384at314147        -            191   1.4e-15   54.1  14.1   3   3   4.3e-06    0.0012   15.2   0.8   127   170   139   186   121   188 0.68 -
NW_025965218.1_RagTag:1316640-1313338 -            193 39384at314147        -            191   4.8e-06   23.0   0.3   1   1   2.7e-08   7.5e-06   22.4   0.3   136   170    37    72    23    92 0.79 -
NW_025965284.1_RagTag:30827-30266     -            101 39384at314147        -            191   0.00011   18.5   0.4   1   1   5.1e-07   0.00014   18.2   0.4    95   169     8    83     3    96 0.75 -
NW_025965123.1_RagTag:660462-660285   -             57 39384at314147        -            191     0.019   11.3   4.1   1   1   6.4e-05     0.018   11.4   4.1   117   169     3    55     1    57 0.80 -
#
# Program:         hmmsearch
# Version:         3.1b2 (February 2015)
# Pipeline mode:   SEARCH
# Query file:      /home/bgerda/guppy_SUP/busco_downloads/lineages/glires_odb10/hmms/39384at314147.hmm
# Target file:     /home/bgerda/guppy_SUP/busco_results_racon/run_glires_odb10/metaeuk_output/initial_results/ragtag.scaffold.fasta.modified.fas
# Option settings: hmmsearch --domtblout /home/bgerda/guppy_SUP/busco_results_racon/run_glires_odb10/hmmer_output/initial_run_results/39384at314147.out --cpu 1 /home/bgerda/guppy_SUP/busco_downloads/lineages/glires_odb10/hmms/39384at314147.hmm /home/bgerda/guppy_SUP/busco_results_racon/run_glires_odb10/metaeuk_output/initial_results/ragtag.scaffold.fasta.modified.fas 
# Current dir:     /home/bgerda/guppy_SUP
# Date:            Sun May 21 17:05:49 2023
# [ok]
