#                                                                                             --- full sequence --- -------------- this domain -------------   hmm coord   ali coord   env coord
# target name                         accession   tlen query name           accession   qlen   E-value  score  bias   #  of  c-Evalue  i-Evalue  score  bias  from    to  from    to  from    to  acc description of target
#                 ------------------- ---------- ----- -------------------- ---------- ----- --------- ------ ----- --- --- --------- --------- ------ ----- ----- ----- ----- ----- ----- ----- ---- ---------------------
NW_025965284.1_RagTag:343396-345492   -            220 39527at314147        -            137   1.1e-10   37.8   8.7   1   2      0.39        78   -0.6   0.0    12    29     8    25     4    42 0.78 -
NW_025965284.1_RagTag:343396-345492   -            220 39527at314147        -            137   1.1e-10   37.8   8.7   2   2     9e-12   1.8e-09   33.8   7.7    68   131   145   208    85   213 0.75 -
NW_025965324.1_RagTag:2927304-2928146 -            184 39527at314147        -            137     5e-10   35.6   0.2   1   1   3.4e-12   6.8e-10   35.2   0.2    71   130    88   147    63   153 0.92 -
NW_025965275.1_RagTag:420401-420210   -             64 39527at314147        -            137   2.6e-09   33.3   1.5   1   1   1.4e-11   2.9e-09   33.2   1.5    69   126     5    62     2    64 0.94 -
NW_025965177.1_RagTag:229533-229225   -            103 39527at314147        -            137   1.3e-08   31.0   0.1   1   1   7.8e-11   1.6e-08   30.8   0.1    68   122    49   103    42   103 0.96 -
NW_025965324.1_RagTag:2914727-2915469 -            122 39527at314147        -            137   1.3e-08   31.0   0.1   1   1   7.6e-11   1.5e-08   30.8   0.1    69   133    34    98    12   102 0.92 -
NW_025965309.1_RagTag:3204112-3203780 -            111 39527at314147        -            137   0.00028   17.0   0.1   1   1   1.8e-06   0.00037   16.6   0.1   102   126     7    31     2    38 0.88 -
NW_025965300.1_RagTag:1697828-1700011 -            728 39527at314147        -            137    0.0033   13.5   0.2   1   3      0.75   1.5e+02   -1.6   0.0   109   122   191   204   173   212 0.72 -
NW_025965300.1_RagTag:1697828-1700011 -            728 39527at314147        -            137    0.0033   13.5   0.2   2   3     0.025         5    3.2   0.0    76   121   428   473   420   483 0.89 -
NW_025965300.1_RagTag:1697828-1700011 -            728 39527at314147        -            137    0.0033   13.5   0.2   3   3    0.0037      0.75    5.9   0.0    71   125   520   576   513   588 0.87 -
#
# Program:         hmmsearch
# Version:         3.1b2 (February 2015)
# Pipeline mode:   SEARCH
# Query file:      /home/bgerda/guppy_SUP/busco_downloads/lineages/glires_odb10/hmms/39527at314147.hmm
# Target file:     /home/bgerda/guppy_SUP/busco_results_racon/run_glires_odb10/metaeuk_output/initial_results/ragtag.scaffold.fasta.modified.fas
# Option settings: hmmsearch --domtblout /home/bgerda/guppy_SUP/busco_results_racon/run_glires_odb10/hmmer_output/initial_run_results/39527at314147.out --cpu 1 /home/bgerda/guppy_SUP/busco_downloads/lineages/glires_odb10/hmms/39527at314147.hmm /home/bgerda/guppy_SUP/busco_results_racon/run_glires_odb10/metaeuk_output/initial_results/ragtag.scaffold.fasta.modified.fas 
# Current dir:     /home/bgerda/guppy_SUP
# Date:            Sun May 21 17:05:48 2023
# [ok]
