#                                                                                             --- full sequence --- -------------- this domain -------------   hmm coord   ali coord   env coord
# target name                         accession   tlen query name           accession   qlen   E-value  score  bias   #  of  c-Evalue  i-Evalue  score  bias  from    to  from    to  from    to  acc description of target
#                 ------------------- ---------- ----- -------------------- ---------- ----- --------- ------ ----- --- --- --------- --------- ------ ----- ----- ----- ----- ----- ----- ----- ---- ---------------------
NW_025965227.1_RagTag:1166932-1167426 -            165 40025at314147        -            147   1.2e-42  142.1   8.1   1   1   8.7e-45   1.4e-42  141.9   8.1     3   145    10   160     8   162 0.93 -
NW_025965008.1_RagTag:43569-43099     -            157 40025at314147        -            147   2.9e-41  137.6   5.5   1   1   2.1e-43   3.3e-41  137.4   5.5     3   145     8   156     6   157 0.96 -
contig_2414_pilon:39-507              -            153 40025at314147        -            147   5.7e-40  133.4   9.7   1   1   4.1e-42   6.5e-40  133.2   9.7     3   145     1   148     1   150 0.94 -
NW_025965291.1_RagTag:412845-412510   -            112 40025at314147        -            147   4.7e-31  104.5   4.9   1   1   3.7e-33   5.8e-31  104.2   4.9    48   145     2   107     1   109 0.92 -
NW_025965076.1_RagTag:4134-4397       -             88 40025at314147        -            147   8.2e-23   77.7   6.3   1   1   5.8e-25   9.1e-23   77.6   6.3     3    83     8    88     6    88 0.96 -
contig_67574_pilon:1299-1111          -             63 40025at314147        -            147   1.2e-09   35.0   0.0   1   1   8.9e-12   1.4e-09   34.8   0.0    93   145     1    59     1    61 0.91 -
NW_025965313.1_RagTag:1175407-1173866 -            124 40025at314147        -            147   0.00052   16.7   0.7   1   1   4.3e-06   0.00067   16.4   0.7    64   125    15    76     2    91 0.80 -
NW_025965099.1_RagTag:693407-693033   -            125 40025at314147        -            147     0.002   14.8   0.8   1   1   1.6e-05    0.0025   14.5   0.8    64   125    16    77     3    92 0.79 -
NW_025965078.1_RagTag:657955-657634   -             94 40025at314147        -            147    0.0029   14.3   0.1   1   1   2.6e-05    0.0041   13.8   0.1    72   129     7    64     2    81 0.81 -
#
# Program:         hmmsearch
# Version:         3.1b2 (February 2015)
# Pipeline mode:   SEARCH
# Query file:      /home/bgerda/guppy_SUP/busco_downloads/lineages/glires_odb10/hmms/40025at314147.hmm
# Target file:     /home/bgerda/guppy_SUP/busco_results_racon/run_glires_odb10/metaeuk_output/initial_results/ragtag.scaffold.fasta.modified.fas
# Option settings: hmmsearch --domtblout /home/bgerda/guppy_SUP/busco_results_racon/run_glires_odb10/hmmer_output/initial_run_results/40025at314147.out --cpu 1 /home/bgerda/guppy_SUP/busco_downloads/lineages/glires_odb10/hmms/40025at314147.hmm /home/bgerda/guppy_SUP/busco_results_racon/run_glires_odb10/metaeuk_output/initial_results/ragtag.scaffold.fasta.modified.fas 
# Current dir:     /home/bgerda/guppy_SUP
# Date:            Sun May 21 17:05:49 2023
# [ok]
