#                                                                                             --- full sequence --- -------------- this domain -------------   hmm coord   ali coord   env coord
# target name                         accession   tlen query name           accession   qlen   E-value  score  bias   #  of  c-Evalue  i-Evalue  score  bias  from    to  from    to  from    to  acc description of target
#                 ------------------- ---------- ----- -------------------- ---------- ----- --------- ------ ----- --- --- --------- --------- ------ ----- ----- ----- ----- ----- ----- ----- ---- ---------------------
NW_025965318.1_RagTag:3658330-3659397 -            128 40687at314147        -            153   7.6e-87  285.3  13.3   1   1   4.2e-89   8.4e-87  285.1  13.3    16   143     1   128     1   128 1.00 -
NW_025965307.1_RagTag:1388537-1388983 -            149 40687at314147        -            153   4.7e-46  152.8   6.8   1   1   2.9e-48   5.8e-46  152.5   6.8     2   149     3   146     2   148 0.96 -
NW_025965315.1_RagTag:2490976-2491648 -            132 40687at314147        -            153   2.3e-18   62.9   0.5   1   1   1.3e-20   2.6e-18   62.7   0.5    11   143     1   132     1   132 0.89 -
NW_025965296.1_RagTag:241454-240552   -            301 40687at314147        -            153     3e-10   36.6  12.3   1   2   1.4e-08   2.9e-06   23.6   0.6    78   147    59   128    30   133 0.86 -
NW_025965296.1_RagTag:241454-240552   -            301 40687at314147        -            153     3e-10   36.6  12.3   2   2   1.6e-06   0.00032   17.0   5.3    50   147   195   293   181   298 0.81 -
NW_025965304.1_RagTag:1146664-1145946 -             84 40687at314147        -            153   9.4e-09   31.7   0.3   1   1   4.9e-11   9.9e-09   31.6   0.3    62   142     5    83     1    84 0.87 -
NW_025965135.1_RagTag:445771-446151   -            127 40687at314147        -            153   2.6e-07   27.0   0.1   1   1   1.1e-08   2.2e-06   24.0   0.1    51   112    67   124    19   127 0.57 -
NW_025965320.1_RagTag:373149-372764   -            103 40687at314147        -            153    0.0051   13.1   0.1   1   2     0.026       5.2    3.3   0.1     3    19     5    21     3    31 0.83 -
NW_025965320.1_RagTag:373149-372764   -            103 40687at314147        -            153    0.0051   13.1   0.1   2   2   0.00091      0.18    8.0   0.0    60   127    36   102    33   103 0.83 -
#
# Program:         hmmsearch
# Version:         3.1b2 (February 2015)
# Pipeline mode:   SEARCH
# Query file:      /home/bgerda/guppy_SUP/busco_downloads/lineages/glires_odb10/hmms/40687at314147.hmm
# Target file:     /home/bgerda/guppy_SUP/busco_results_racon/run_glires_odb10/metaeuk_output/initial_results/ragtag.scaffold.fasta.modified.fas
# Option settings: hmmsearch --domtblout /home/bgerda/guppy_SUP/busco_results_racon/run_glires_odb10/hmmer_output/initial_run_results/40687at314147.out --cpu 1 /home/bgerda/guppy_SUP/busco_downloads/lineages/glires_odb10/hmms/40687at314147.hmm /home/bgerda/guppy_SUP/busco_results_racon/run_glires_odb10/metaeuk_output/initial_results/ragtag.scaffold.fasta.modified.fas 
# Current dir:     /home/bgerda/guppy_SUP
# Date:            Sun May 21 17:05:49 2023
# [ok]
