#                                                                                             --- full sequence --- -------------- this domain -------------   hmm coord   ali coord   env coord
# target name                         accession   tlen query name           accession   qlen   E-value  score  bias   #  of  c-Evalue  i-Evalue  score  bias  from    to  from    to  from    to  acc description of target
#                 ------------------- ---------- ----- -------------------- ---------- ----- --------- ------ ----- --- --- --------- --------- ------ ----- ----- ----- ----- ----- ----- ----- ---- ---------------------
NW_025965048.1_RagTag:40492-41139     -            216 4176at314147         -            875   4.3e-08   27.8   0.0   1   1   3.8e-10   5.4e-08   27.5   0.0    81   183    25   132    17   146 0.84 -
NW_025965306.1_RagTag:1019039-1020148 -            370 4176at314147         -            875   1.2e-07   26.4   0.2   1   1   1.2e-09   1.7e-07   25.9   0.2   141   203    17    79    11   124 0.76 -
NW_025965322.1_RagTag:1227246-1228454 -            403 4176at314147         -            875   4.1e-05   18.0   0.5   1   1   3.7e-07   5.3e-05   17.6   0.5   291   322     9    37     3   100 0.74 -
NW_025965188.1_RagTag:427872-428438   -            189 4176at314147         -            875   6.2e-05   17.4   0.2   1   2    0.0047      0.67    4.1   0.0   160   197    41    79    33   110 0.73 -
NW_025965188.1_RagTag:427872-428438   -            189 4176at314147         -            875   6.2e-05   17.4   0.2   2   2   2.3e-05    0.0033   11.7   0.1   137   188   131   182   128   189 0.91 -
NW_025965288.1_RagTag:109483-111161   -            290 4176at314147         -            875   9.5e-05   16.8   0.0   1   1     1e-06   0.00014   16.2   0.0   137   196   113   172   106   198 0.84 -
contig_4568_pilon:1301-1600           -            100 4176at314147         -            875   0.00012   16.4   2.0   1   1     1e-06   0.00014   16.2   2.0   291   321     3    30     2    53 0.82 -
NW_025965319.1_RagTag:4123940-4123488 -            151 4176at314147         -            875   0.00054   14.3   0.2   1   1   4.3e-06   0.00061   14.1   0.2   283   321    30    75     3    79 0.72 -
NW_025965344.1_RagTag:40655-35255     -            204 4176at314147         -            875   0.00077   13.8   0.0   1   2      0.41        58   -2.4   0.0   139   181    61   103    51   126 0.75 -
NW_025965344.1_RagTag:40655-35255     -            204 4176at314147         -            875   0.00077   13.8   0.0   2   2   1.1e-05    0.0015   12.8   0.0   139   201   127   189   120   197 0.87 -
NW_025965352.1_RagTag:102445-104127   -            319 4176at314147         -            875    0.0011   13.3   0.0   1   1   9.7e-06    0.0014   12.9   0.0   147   195     5    53     1    77 0.93 -
NW_025965075.1_RagTag:65339-58346     -            349 4176at314147         -            875    0.0031   11.8   0.3   1   1   3.2e-05    0.0045   11.2   0.3   287   322    43    79    33    93 0.81 -
#
# Program:         hmmsearch
# Version:         3.1b2 (February 2015)
# Pipeline mode:   SEARCH
# Query file:      /home/bgerda/guppy_SUP/busco_downloads/lineages/glires_odb10/hmms/4176at314147.hmm
# Target file:     /home/bgerda/guppy_SUP/busco_results_racon/run_glires_odb10/metaeuk_output/initial_results/ragtag.scaffold.fasta.modified.fas
# Option settings: hmmsearch --domtblout /home/bgerda/guppy_SUP/busco_results_racon/run_glires_odb10/hmmer_output/initial_run_results/4176at314147.out --cpu 1 /home/bgerda/guppy_SUP/busco_downloads/lineages/glires_odb10/hmms/4176at314147.hmm /home/bgerda/guppy_SUP/busco_results_racon/run_glires_odb10/metaeuk_output/initial_results/ragtag.scaffold.fasta.modified.fas 
# Current dir:     /home/bgerda/guppy_SUP
# Date:            Sun May 21 17:05:50 2023
# [ok]
