#                                                                                             --- full sequence --- -------------- this domain -------------   hmm coord   ali coord   env coord
# target name                         accession   tlen query name           accession   qlen   E-value  score  bias   #  of  c-Evalue  i-Evalue  score  bias  from    to  from    to  from    to  acc description of target
#                 ------------------- ---------- ----- -------------------- ---------- ----- --------- ------ ----- --- --- --------- --------- ------ ----- ----- ----- ----- ----- ----- ----- ---- ---------------------
NW_025965352.1_RagTag:102445-104127   -            319 4228at314147         -            859   2.8e-13   45.0   0.0   1   1   6.1e-15   8.6e-13   43.4   0.0   327   611    21   318     9   319 0.73 -
NW_025965313.1_RagTag:82152-83454     -            215 4228at314147         -            859   3.8e-11   38.0   0.0   1   1   3.1e-13   4.4e-11   37.8   0.0   352   515    51   208    42   215 0.81 -
NW_025965548.1_RagTag:8433-1774       -            515 4228at314147         -            859   9.1e-10   33.4   0.0   1   1     1e-11   1.4e-09   32.8   0.0   389   603   283   504   276   514 0.70 -
NW_025965222.1_RagTag:185086-183102   -            116 4228at314147         -            859     2e-06   22.4   0.0   1   1   1.8e-08   2.6e-06   22.0   0.0   506   612     3    97     1   110 0.70 -
NW_025965309.1_RagTag:3330510-3327790 -            323 4228at314147         -            859   2.3e-05   18.9   0.0   1   1   2.6e-07   3.7e-05   18.2   0.0   368   539   129   313    95   319 0.67 -
NW_025965287.1_RagTag:72767-73151     -             93 4228at314147         -            859   0.00012   16.5   0.1   1   1   1.8e-06   0.00025   15.4   0.1   506   609     7    92     5    93 0.76 -
contig_37224_pilon:1693-2424          -            244 4228at314147         -            859     0.002   12.4   0.0   1   1   1.6e-05    0.0022   12.3   0.0   387   515    44   169     8   209 0.76 -
NW_025965279.1_RagTag:78582-79082     -            167 4228at314147         -            859    0.0044   11.3   0.0   1   1   3.8e-05    0.0053   11.0   0.0   446   544    11   103     6   112 0.77 -
NW_025965233.1_RagTag:114859-113462   -            466 4228at314147         -            859    0.0065   10.8   0.0   1   1   6.1e-05    0.0085   10.4   0.0   388   540    52   198    23   210 0.79 -
contig_31429_pilon:462-998            -            179 4228at314147         -            859      0.01   10.1   0.0   1   1     9e-05     0.013    9.8   0.0   454   538    38   117    27   135 0.84 -
#
# Program:         hmmsearch
# Version:         3.1b2 (February 2015)
# Pipeline mode:   SEARCH
# Query file:      /home/bgerda/guppy_SUP/busco_downloads/lineages/glires_odb10/hmms/4228at314147.hmm
# Target file:     /home/bgerda/guppy_SUP/busco_results_racon/run_glires_odb10/metaeuk_output/initial_results/ragtag.scaffold.fasta.modified.fas
# Option settings: hmmsearch --domtblout /home/bgerda/guppy_SUP/busco_results_racon/run_glires_odb10/hmmer_output/initial_run_results/4228at314147.out --cpu 1 /home/bgerda/guppy_SUP/busco_downloads/lineages/glires_odb10/hmms/4228at314147.hmm /home/bgerda/guppy_SUP/busco_results_racon/run_glires_odb10/metaeuk_output/initial_results/ragtag.scaffold.fasta.modified.fas 
# Current dir:     /home/bgerda/guppy_SUP
# Date:            Sun May 21 17:05:49 2023
# [ok]
