#                                                                                             --- full sequence --- -------------- this domain -------------   hmm coord   ali coord   env coord
# target name                         accession   tlen query name           accession   qlen   E-value  score  bias   #  of  c-Evalue  i-Evalue  score  bias  from    to  from    to  from    to  acc description of target
#                 ------------------- ---------- ----- -------------------- ---------- ----- --------- ------ ----- --- --- --------- --------- ------ ----- ----- ----- ----- ----- ----- ----- ---- ---------------------
NW_025965163.1_RagTag:38535-29734     -            753 4440at314147         -            878   1.1e-11   39.7   0.3   1   2      0.26        46   -2.1   0.4   288   329    87   130    65   134 0.63 -
NW_025965163.1_RagTag:38535-29734     -            753 4440at314147         -            878   1.1e-11   39.7   0.3   2   2   6.1e-14   1.1e-11   39.7   0.3   111   231   424   547   417   556 0.89 -
NW_025965188.1_RagTag:427872-428438   -            189 4440at314147         -            878   5.4e-11   37.4   0.0   1   1   5.3e-13   9.3e-11   36.6   0.0    95   204    51   174    42   186 0.75 -
NW_025965344.1_RagTag:40655-35255     -            204 4440at314147         -            878   9.3e-10   33.3   0.0   1   1     8e-12   1.4e-09   32.7   0.0    94   252    58   184    35   193 0.61 -
NW_025965352.1_RagTag:102445-104127   -            319 4440at314147         -            878   5.6e-07   24.1   0.0   1   1     4e-09     7e-07   23.8   0.0    11    70     1    60     1    81 0.88 -
NW_025965287.1_RagTag:1503606-1508138 -            432 4440at314147         -            878   8.4e-05   16.9   0.2   1   1   6.6e-07   0.00012   16.5   0.2    99   202   319   425   299   431 0.80 -
NW_025965288.1_RagTag:109483-111161   -            290 4440at314147         -            878    0.0001   16.6   0.1   1   1     1e-06   0.00018   15.8   0.1     4    71    79   146    76   161 0.88 -
NW_025965306.1_RagTag:1019039-1020148 -            370 4440at314147         -            878   0.00034   14.9   0.0   1   1   2.8e-06   0.00049   14.4   0.0   170   240    22    93    12   158 0.49 -
NW_025965367.1_RagTag:193722-192509   -            241 4440at314147         -            878    0.0021   12.3   0.2   1   1   1.6e-05    0.0029   11.8   0.2   720   797   147   231   142   237 0.77 -
#
# Program:         hmmsearch
# Version:         3.1b2 (February 2015)
# Pipeline mode:   SEARCH
# Query file:      /home/bgerda/guppy_SUP/busco_downloads/lineages/glires_odb10/hmms/4440at314147.hmm
# Target file:     /home/bgerda/guppy_SUP/busco_results_racon/run_glires_odb10/metaeuk_output/initial_results/ragtag.scaffold.fasta.modified.fas
# Option settings: hmmsearch --domtblout /home/bgerda/guppy_SUP/busco_results_racon/run_glires_odb10/hmmer_output/initial_run_results/4440at314147.out --cpu 1 /home/bgerda/guppy_SUP/busco_downloads/lineages/glires_odb10/hmms/4440at314147.hmm /home/bgerda/guppy_SUP/busco_results_racon/run_glires_odb10/metaeuk_output/initial_results/ragtag.scaffold.fasta.modified.fas 
# Current dir:     /home/bgerda/guppy_SUP
# Date:            Sun May 21 17:05:50 2023
# [ok]
