#                                                                                             --- full sequence --- -------------- this domain -------------   hmm coord   ali coord   env coord
# target name                         accession   tlen query name           accession   qlen   E-value  score  bias   #  of  c-Evalue  i-Evalue  score  bias  from    to  from    to  from    to  acc description of target
#                 ------------------- ---------- ----- -------------------- ---------- ----- --------- ------ ----- --- --- --------- --------- ------ ----- ----- ----- ----- ----- ----- ----- ---- ---------------------
NW_025965313.1_RagTag:82152-83454     -            215 4475at314147         -            991   3.2e-13   44.4   0.0   1   1   3.2e-15   3.7e-13   44.1   0.0   489   623    67   208    56   215 0.80 -
NW_025965548.1_RagTag:8433-1774       -            515 4475at314147         -            991   5.7e-13   43.5   0.0   1   1   8.5e-15     1e-12   42.7   0.0   502   710   284   507   277   512 0.75 -
NW_025965222.1_RagTag:185086-183102   -            116 4475at314147         -            991   1.4e-08   29.0   0.0   1   1   1.3e-10   1.5e-08   28.9   0.0   614   713     3    94     1   109 0.80 -
NW_025965352.1_RagTag:102445-104127   -            319 4475at314147         -            991   2.1e-07   25.1   0.0   1   1   2.2e-09   2.6e-07   24.8   0.0   526   707   116   310    79   318 0.66 -
contig_66008_pilon:1779-2636          -            286 4475at314147         -            991   3.2e-07   24.5   0.0   1   1   3.6e-09   4.3e-07   24.1   0.0   501   644    31   172    14   183 0.82 -
NW_025965287.1_RagTag:72767-73151     -             93 4475at314147         -            991   5.3e-06   20.5   0.0   1   1   5.8e-08   6.8e-06   20.1   0.0   613   710     6    89     2    92 0.77 -
contig_37224_pilon:1693-2424          -            244 4475at314147         -            991   7.6e-05   16.6   0.1   1   1     7e-07   8.2e-05   16.5   0.1   500   622    45   168    11   207 0.82 -
NW_025965279.1_RagTag:78582-79082     -            167 4475at314147         -            991   0.00012   15.9   0.0   1   1   1.2e-06   0.00014   15.8   0.0   553   655     9   106     5   152 0.75 -
NW_025965309.1_RagTag:3330510-3327790 -            323 4475at314147         -            991   0.00026   14.8   0.0   1   1   3.5e-06   0.00041   14.2   0.0   501   649   151   315   130   319 0.76 -
NW_025965334.1_RagTag:171576-171430   -             49 4475at314147         -            991   0.00076   13.3   0.0   1   1   6.7e-06   0.00079   13.3   0.0   613   659     5    47     2    49 0.77 -
NW_025965233.1_RagTag:114859-113462   -            466 4475at314147         -            991    0.0032   11.3   0.0   1   1   3.1e-05    0.0037   11.1   0.0   523   642    75   192    45   253 0.71 -
contig_31429_pilon:462-998            -            179 4475at314147         -            991    0.0037   11.0   0.0   1   1   3.6e-05    0.0042   10.9   0.0   559   655    34   125    23   177 0.70 -
#
# Program:         hmmsearch
# Version:         3.1b2 (February 2015)
# Pipeline mode:   SEARCH
# Query file:      /home/bgerda/guppy_SUP/busco_downloads/lineages/glires_odb10/hmms/4475at314147.hmm
# Target file:     /home/bgerda/guppy_SUP/busco_results_racon/run_glires_odb10/metaeuk_output/initial_results/ragtag.scaffold.fasta.modified.fas
# Option settings: hmmsearch --domtblout /home/bgerda/guppy_SUP/busco_results_racon/run_glires_odb10/hmmer_output/initial_run_results/4475at314147.out --cpu 1 /home/bgerda/guppy_SUP/busco_downloads/lineages/glires_odb10/hmms/4475at314147.hmm /home/bgerda/guppy_SUP/busco_results_racon/run_glires_odb10/metaeuk_output/initial_results/ragtag.scaffold.fasta.modified.fas 
# Current dir:     /home/bgerda/guppy_SUP
# Date:            Sun May 21 17:05:50 2023
# [ok]
