#                                                                                             --- full sequence --- -------------- this domain -------------   hmm coord   ali coord   env coord
# target name                         accession   tlen query name           accession   qlen   E-value  score  bias   #  of  c-Evalue  i-Evalue  score  bias  from    to  from    to  from    to  acc description of target
#                 ------------------- ---------- ----- -------------------- ---------- ----- --------- ------ ----- --- --- --------- --------- ------ ----- ----- ----- ----- ----- ----- ----- ---- ---------------------
NW_025965324.1_RagTag:3129261-3128131 -            377 4737at314147         -            951   4.5e-19   64.2   0.0   1   3   3.6e-12   8.6e-10   33.5   0.0   262   353     3    98     1   110 0.90 -
NW_025965324.1_RagTag:3129261-3128131 -            377 4737at314147         -            951   4.5e-19   64.2   0.0   2   3   2.1e-06   0.00048   14.4   0.0     4    86   148   229   146   241 0.80 -
NW_025965324.1_RagTag:3129261-3128131 -            377 4737at314147         -            951   4.5e-19   64.2   0.0   3   3   6.9e-06    0.0016   12.7   0.0    98   133   289   324   271   375 0.83 -
NW_025965548.1_RagTag:8433-1774       -            515 4737at314147         -            951     3e-12   41.6   0.0   1   1     3e-14   7.1e-12   40.3   0.0   278   355    15    99     7   119 0.81 -
NW_025965324.1_RagTag:3135656-3134700 -            319 4737at314147         -            951     1e-10   36.5   0.0   1   2   2.8e-07   6.7e-05   17.3   0.0   284   362     7    88     2    93 0.82 -
NW_025965324.1_RagTag:3135656-3134700 -            319 4737at314147         -            951     1e-10   36.5   0.0   2   2   2.7e-07   6.4e-05   17.3   0.0   268   353   228   318   221   319 0.89 -
NW_025965324.1_RagTag:3111621-3104557 -            264 4737at314147         -            951   8.1e-08   26.9   0.0   1   2   1.1e-05    0.0027   12.0   0.1   761   832     7    76     1    94 0.75 -
NW_025965324.1_RagTag:3111621-3104557 -            264 4737at314147         -            951   8.1e-08   26.9   0.0   2   2   8.7e-06     0.002   12.4   0.0   280   384   101   205    87   263 0.81 -
NW_025965166.1_RagTag:64504-66200     -            195 4737at314147         -            951   0.00018   15.8   0.0   1   2     0.059        14   -0.3   0.0   287   337    24    77    13    97 0.67 -
NW_025965166.1_RagTag:64504-66200     -            195 4737at314147         -            951   0.00018   15.8   0.0   2   2   3.2e-06   0.00076   13.8   0.0   747   829    98   176    93   187 0.80 -
NW_025965321.1_RagTag:2887611-2888586 -            293 4737at314147         -            951   0.00065   14.0   0.0   1   1   3.6e-06   0.00085   13.6   0.0   223   253   146   176   102   193 0.82 -
#
# Program:         hmmsearch
# Version:         3.1b2 (February 2015)
# Pipeline mode:   SEARCH
# Query file:      /home/bgerda/guppy_SUP/busco_downloads/lineages/glires_odb10/hmms/4737at314147.hmm
# Target file:     /home/bgerda/guppy_SUP/busco_results_racon/run_glires_odb10/metaeuk_output/initial_results/ragtag.scaffold.fasta.modified.fas
# Option settings: hmmsearch --domtblout /home/bgerda/guppy_SUP/busco_results_racon/run_glires_odb10/hmmer_output/initial_run_results/4737at314147.out --cpu 1 /home/bgerda/guppy_SUP/busco_downloads/lineages/glires_odb10/hmms/4737at314147.hmm /home/bgerda/guppy_SUP/busco_results_racon/run_glires_odb10/metaeuk_output/initial_results/ragtag.scaffold.fasta.modified.fas 
# Current dir:     /home/bgerda/guppy_SUP
# Date:            Sun May 21 17:05:52 2023
# [ok]
