#                                                                                             --- full sequence --- -------------- this domain -------------   hmm coord   ali coord   env coord
# target name                         accession   tlen query name           accession   qlen   E-value  score  bias   #  of  c-Evalue  i-Evalue  score  bias  from    to  from    to  from    to  acc description of target
#                 ------------------- ---------- ----- -------------------- ---------- ----- --------- ------ ----- --- --- --------- --------- ------ ----- ----- ----- ----- ----- ----- ----- ---- ---------------------
NW_025965321.1_RagTag:935586-933430   -            588 4798at314147         -            858   2.6e-29   98.0   0.1   1   2   1.2e-11   1.7e-09   32.4   0.1   392   499    14   125     4   133 0.71 -
NW_025965321.1_RagTag:935586-933430   -            588 4798at314147         -            858   2.6e-29   98.0   0.1   2   2   4.4e-21   6.2e-19   63.6   0.0   728   832   135   238   130   257 0.91 -
NW_025965227.1_RagTag:35784-37634     -            532 4798at314147         -            858   9.9e-13   43.1   0.0   1   1     1e-14   1.4e-12   42.6   0.0   730   844     3   115     2   123 0.91 -
contig_4568_pilon:1301-1600           -            100 4798at314147         -            858   1.1e-06   23.1   3.4   1   1   7.8e-09   1.1e-06   23.1   3.4   620   667     3    50     1    82 0.90 -
NW_025965319.1_RagTag:4123940-4123488 -            151 4798at314147         -            858   2.7e-05   18.5   0.5   1   1   2.1e-07     3e-05   18.3   0.5   620   665    44    88    36   120 0.78 -
NW_025965287.1_RagTag:1342617-1340375 -            588 4798at314147         -            858   6.2e-05   17.3   3.5   1   1   7.1e-07    0.0001   16.6   3.5   617   663   429   473   422   481 0.83 -
NW_025965075.1_RagTag:65339-58346     -            349 4798at314147         -            858   0.00011   16.5   1.9   1   1   1.1e-06   0.00016   16.0   1.9   618   667    48    94    38   102 0.88 -
NW_025965309.1_RagTag:3290555-3290193 -            121 4798at314147         -            858   0.00017   15.9   1.9   1   1   1.5e-06   0.00021   15.5   1.9   620   667    62   113    53   117 0.76 -
NW_025965225.1_RagTag:584155-583874   -             94 4798at314147         -            858   0.00023   15.4   7.4   1   1   1.9e-06   0.00026   15.2   7.4   620   668     4    50     2    66 0.84 -
NW_025965314.1_RagTag:573152-572469   -            228 4798at314147         -            858    0.0034   11.6   5.8   1   2   1.4e-05     0.002   12.3   4.2   621   671    21    72    12    83 0.76 -
NW_025965314.1_RagTag:573152-572469   -            228 4798at314147         -            858    0.0034   11.6   5.8   2   2      0.62        88   -3.0   0.0    97   348   158   180   141   204 0.51 -
NW_025965245.1_RagTag:400173-400936   -            124 4798at314147         -            858      0.39    4.7   7.7   1   1    0.0028       0.4    4.7   7.7   617   666     6    64     3   102 0.77 -
#
# Program:         hmmsearch
# Version:         3.1b2 (February 2015)
# Pipeline mode:   SEARCH
# Query file:      /home/bgerda/guppy_SUP/busco_downloads/lineages/glires_odb10/hmms/4798at314147.hmm
# Target file:     /home/bgerda/guppy_SUP/busco_results_racon/run_glires_odb10/metaeuk_output/initial_results/ragtag.scaffold.fasta.modified.fas
# Option settings: hmmsearch --domtblout /home/bgerda/guppy_SUP/busco_results_racon/run_glires_odb10/hmmer_output/initial_run_results/4798at314147.out --cpu 1 /home/bgerda/guppy_SUP/busco_downloads/lineages/glires_odb10/hmms/4798at314147.hmm /home/bgerda/guppy_SUP/busco_results_racon/run_glires_odb10/metaeuk_output/initial_results/ragtag.scaffold.fasta.modified.fas 
# Current dir:     /home/bgerda/guppy_SUP
# Date:            Sun May 21 17:05:53 2023
# [ok]
