#                                                                                             --- full sequence --- -------------- this domain -------------   hmm coord   ali coord   env coord
# target name                         accession   tlen query name           accession   qlen   E-value  score  bias   #  of  c-Evalue  i-Evalue  score  bias  from    to  from    to  from    to  acc description of target
#                 ------------------- ---------- ----- -------------------- ---------- ----- --------- ------ ----- --- --- --------- --------- ------ ----- ----- ----- ----- ----- ----- ----- ---- ---------------------
NW_025965287.1_RagTag:1440000-1439407 -            196 5478at314147         -            890   9.4e-08   26.9   1.4   1   2   5.8e-08   1.4e-05   19.8   0.1   443   517     9    82     1    93 0.84 -
NW_025965287.1_RagTag:1440000-1439407 -            196 5478at314147         -            890   9.4e-08   26.9   1.4   2   2   5.9e-06    0.0014   13.1   0.1   433   517    41   125    40   135 0.91 -
contig_13085_pilon:864-71             -            219 5478at314147         -            890   9.6e-05   17.0   0.6   1   3   5.9e-06    0.0014   13.1   0.3   449   509    49   107    25   123 0.67 -
contig_13085_pilon:864-71             -            219 5478at314147         -            890   9.6e-05   17.0   0.6   2   3     0.031       7.3    0.8   0.0   559   591   107   140   106   146 0.78 -
contig_13085_pilon:864-71             -            219 5478at314147         -            890   9.6e-05   17.0   0.6   3   3     0.031       7.2    0.8   0.0   478   509   149   180   140   192 0.83 -
NW_025965155.1_RagTag:64307-63339     -            323 5478at314147         -            890   0.00044   14.8   0.0   1   1   2.9e-06   0.00069   14.1   0.0   651   724   162   233   147   269 0.83 -
NW_025965310.1_RagTag:472250-484579   -            307 5478at314147         -            890   0.00066   14.2   0.1   1   1   4.6e-06    0.0011   13.5   0.0   493   607   135   259    93   266 0.78 -
NW_025965114.1_RagTag:27851-27678     -             58 5478at314147         -            890    0.0032   11.9   0.0   1   1   1.4e-05    0.0032   11.9   0.0   477   508    13    43     6    57 0.80 -
NW_025965321.1_RagTag:2929906-2929208 -            233 5478at314147         -            890     0.022    9.2   0.1   1   2   0.00097      0.23    5.8   0.0   686   755    14    81     5    93 0.67 -
NW_025965321.1_RagTag:2929906-2929208 -            233 5478at314147         -            890     0.022    9.2   0.1   2   2    0.0073       1.7    2.9   0.1   654   710    72   127    69   132 0.73 -
#
# Program:         hmmsearch
# Version:         3.1b2 (February 2015)
# Pipeline mode:   SEARCH
# Query file:      /home/bgerda/guppy_SUP/busco_downloads/lineages/glires_odb10/hmms/5478at314147.hmm
# Target file:     /home/bgerda/guppy_SUP/busco_results_racon/run_glires_odb10/metaeuk_output/initial_results/ragtag.scaffold.fasta.modified.fas
# Option settings: hmmsearch --domtblout /home/bgerda/guppy_SUP/busco_results_racon/run_glires_odb10/hmmer_output/initial_run_results/5478at314147.out --cpu 1 /home/bgerda/guppy_SUP/busco_downloads/lineages/glires_odb10/hmms/5478at314147.hmm /home/bgerda/guppy_SUP/busco_results_racon/run_glires_odb10/metaeuk_output/initial_results/ragtag.scaffold.fasta.modified.fas 
# Current dir:     /home/bgerda/guppy_SUP
# Date:            Sun May 21 17:05:51 2023
# [ok]
