#                                                                                             --- full sequence --- -------------- this domain -------------   hmm coord   ali coord   env coord
# target name                         accession   tlen query name           accession   qlen   E-value  score  bias   #  of  c-Evalue  i-Evalue  score  bias  from    to  from    to  from    to  acc description of target
#                 ------------------- ---------- ----- -------------------- ---------- ----- --------- ------ ----- --- --- --------- --------- ------ ----- ----- ----- ----- ----- ----- ----- ---- ---------------------
NW_025965324.1_RagTag:3129261-3128131 -            377 6280at314147         -            841     3e-09   31.8   0.0   1   3   1.7e-06   0.00039   14.9   0.0   102   173    21    96    11   126 0.76 -
NW_025965324.1_RagTag:3129261-3128131 -            377 6280at314147         -            841     3e-09   31.8   0.0   2   3   0.00019     0.044    8.1   0.0    26    84   163   233   144   239 0.62 -
NW_025965324.1_RagTag:3129261-3128131 -            377 6280at314147         -            841     3e-09   31.8   0.0   3   3    0.0014      0.34    5.1   0.0    93   176   290   376   285   377 0.51 -
NW_025965324.1_RagTag:3135656-3134700 -            319 6280at314147         -            841   2.2e-06   22.3   0.0   1   2   2.7e-06   0.00065   14.1   0.0    20    53     3    36     1    63 0.84 -
NW_025965324.1_RagTag:3135656-3134700 -            319 6280at314147         -            841   2.2e-06   22.3   0.0   2   2    0.0007      0.16    6.2   0.0     9    49   228   269   222   277 0.85 -
NW_025965324.1_RagTag:3107487-3106888 -            200 6280at314147         -            841   0.00049   14.5   0.0   1   1   3.2e-06   0.00074   13.9   0.0   114   170    14    75     8    84 0.78 -
NW_025965548.1_RagTag:8433-1774       -            515 6280at314147         -            841   0.00073   14.0   0.0   1   2     3e-05     0.007   10.7   0.0    25    52    22    49    10   143 0.68 -
NW_025965548.1_RagTag:8433-1774       -            515 6280at314147         -            841   0.00073   14.0   0.0   2   2     0.017         4    1.6   0.0    20    54   118   156    96   170 0.81 -
NW_025965166.1_RagTag:64504-66200     -            195 6280at314147         -            841    0.0014   13.0   0.0   1   2   1.9e-05    0.0045   11.4   0.0   103   185    18   102    11   110 0.74 -
NW_025965166.1_RagTag:64504-66200     -            195 6280at314147         -            841    0.0014   13.0   0.0   2   2     0.029       6.8    0.8   0.0   289   326    99   137    86   149 0.69 -
NW_025965324.1_RagTag:3111621-3104557 -            264 6280at314147         -            841     0.003   11.9   0.1   1   2      0.21        50   -2.0   0.0   300   314     7    21     4    83 0.58 -
NW_025965324.1_RagTag:3111621-3104557 -            264 6280at314147         -            841     0.003   11.9   0.1   2   2   2.7e-05    0.0063   10.9   0.0    99   182    97   182    64   258 0.79 -
#
# Program:         hmmsearch
# Version:         3.1b2 (February 2015)
# Pipeline mode:   SEARCH
# Query file:      /home/bgerda/guppy_SUP/busco_downloads/lineages/glires_odb10/hmms/6280at314147.hmm
# Target file:     /home/bgerda/guppy_SUP/busco_results_racon/run_glires_odb10/metaeuk_output/initial_results/ragtag.scaffold.fasta.modified.fas
# Option settings: hmmsearch --domtblout /home/bgerda/guppy_SUP/busco_results_racon/run_glires_odb10/hmmer_output/initial_run_results/6280at314147.out --cpu 1 /home/bgerda/guppy_SUP/busco_downloads/lineages/glires_odb10/hmms/6280at314147.hmm /home/bgerda/guppy_SUP/busco_results_racon/run_glires_odb10/metaeuk_output/initial_results/ragtag.scaffold.fasta.modified.fas 
# Current dir:     /home/bgerda/guppy_SUP
# Date:            Sun May 21 17:05:50 2023
# [ok]
