#                                                                                             --- full sequence --- -------------- this domain -------------   hmm coord   ali coord   env coord
# target name                         accession   tlen query name           accession   qlen   E-value  score  bias   #  of  c-Evalue  i-Evalue  score  bias  from    to  from    to  from    to  acc description of target
#                 ------------------- ---------- ----- -------------------- ---------- ----- --------- ------ ----- --- --- --------- --------- ------ ----- ----- ----- ----- ----- ----- ----- ---- ---------------------
NW_025965287.1_RagTag:1440000-1439407 -            196 6914at314147         -            692   1.3e-06   23.0   0.2   1   2   4.3e-07   0.00015   16.2   0.0   449   534    20   114     8   127 0.72 -
NW_025965287.1_RagTag:1440000-1439407 -            196 6914at314147         -            692   1.3e-06   23.0   0.2   2   2    0.0012      0.43    4.8   0.0   506   542   129   167   119   180 0.75 -
contig_13085_pilon:864-71             -            219 6914at314147         -            692   5.8e-06   20.9   0.6   1   2   2.3e-06   0.00079   13.8   0.3   510   586    39   111    30   122 0.88 -
contig_13085_pilon:864-71             -            219 6914at314147         -            692   5.8e-06   20.9   0.6   2   2   0.00067      0.24    5.7   0.0   502   535   146   179   132   217 0.86 -
NW_025965155.1_RagTag:64307-63339     -            323 6914at314147         -            692   0.00022   15.7   0.6   1   4     0.011       3.9    1.6   0.0   466   534    19    91    10    98 0.60 -
NW_025965155.1_RagTag:64307-63339     -            323 6914at314147         -            692   0.00022   15.7   0.6   2   4   0.00018     0.065    7.5   0.0   467   537   109   180    94   197 0.83 -
NW_025965155.1_RagTag:64307-63339     -            323 6914at314147         -            692   0.00022   15.7   0.6   3   4    0.0077       2.7    2.1   0.1   512   538   198   224   189   229 0.87 -
NW_025965155.1_RagTag:64307-63339     -            323 6914at314147         -            692   0.00022   15.7   0.6   4   4      0.11        39   -1.7   0.0   508   531   290   313   275   319 0.78 -
NW_025965114.1_RagTag:27851-27678     -             58 6914at314147         -            692   0.00026   15.5   0.0   1   1     8e-07   0.00028   15.3   0.0   424   460     8    44     4    53 0.89 -
#
# Program:         hmmsearch
# Version:         3.1b2 (February 2015)
# Pipeline mode:   SEARCH
# Query file:      /home/bgerda/guppy_SUP/busco_downloads/lineages/glires_odb10/hmms/6914at314147.hmm
# Target file:     /home/bgerda/guppy_SUP/busco_results_racon/run_glires_odb10/metaeuk_output/initial_results/ragtag.scaffold.fasta.modified.fas
# Option settings: hmmsearch --domtblout /home/bgerda/guppy_SUP/busco_results_racon/run_glires_odb10/hmmer_output/initial_run_results/6914at314147.out --cpu 1 /home/bgerda/guppy_SUP/busco_downloads/lineages/glires_odb10/hmms/6914at314147.hmm /home/bgerda/guppy_SUP/busco_results_racon/run_glires_odb10/metaeuk_output/initial_results/ragtag.scaffold.fasta.modified.fas 
# Current dir:     /home/bgerda/guppy_SUP
# Date:            Sun May 21 17:05:52 2023
# [ok]
