#                                                                                             --- full sequence --- -------------- this domain -------------   hmm coord   ali coord   env coord
# target name                         accession   tlen query name           accession   qlen   E-value  score  bias   #  of  c-Evalue  i-Evalue  score  bias  from    to  from    to  from    to  acc description of target
#                 ------------------- ---------- ----- -------------------- ---------- ----- --------- ------ ----- --- --- --------- --------- ------ ----- ----- ----- ----- ----- ----- ----- ---- ---------------------
NW_025965322.1_RagTag:1227246-1228454 -            403 7020at314147         -            727     1e-09   33.2   3.1   1   1   1.5e-11   1.8e-09   32.4   3.1    14   149     8   146     4   224 0.62 -
NW_025965245.1_RagTag:400173-400936   -            124 7020at314147         -            727   1.8e-07   25.8   4.0   1   1   1.7e-09     2e-07   25.7   4.0    14    76     8    79     4   116 0.86 -
NW_025965319.1_RagTag:4123940-4123488 -            151 7020at314147         -            727   1.9e-07   25.8   0.3   1   1     2e-09   2.3e-07   25.4   0.3    11    81    40   104    31   115 0.77 -
NW_025965075.1_RagTag:65339-58346     -            349 7020at314147         -            727   1.4e-06   22.9   3.5   1   1   1.7e-08     2e-06   22.4   3.5    14    86    49   128    43   133 0.79 -
NW_025965209.1_RagTag:161057-161341   -             95 7020at314147         -            727   4.4e-06   21.2   0.2   1   1   4.3e-08     5e-06   21.0   0.2    16    45    29    58    24    73 0.89 -
contig_4568_pilon:1301-1600           -            100 7020at314147         -            727   3.6e-05   18.2   2.6   1   1   3.1e-07   3.6e-05   18.2   2.6    14    61     2    49     1    86 0.88 -
NW_025965317.1_RagTag:2732946-2735087 -            714 7020at314147         -            727   0.00014   16.2   2.7   1   1   1.8e-06   0.00021   15.7   2.7    16    58     4    44     2    55 0.86 -
contig_5411_pilon:437-201             -             79 7020at314147         -            727   0.00039   14.8   0.7   1   1   3.7e-06   0.00044   14.6   0.7    13    60    27    74    18    78 0.82 -
contig_83093_pilon:417-680            -             88 7020at314147         -            727   0.00052   14.4   0.5   1   1   4.6e-06   0.00054   14.3   0.5    12    60    35    83    22    87 0.76 -
NW_025965313.1_RagTag:871984-870767   -            406 7020at314147         -            727   0.00053   14.3   0.0   1   1   6.4e-06   0.00076   13.8   0.0   302   390    17   107    11   113 0.87 -
NW_025965075.1_RagTag:18127-23307     -            380 7020at314147         -            727   0.00073   13.9   1.1   1   1   9.2e-06    0.0011   13.3   1.1    15    58   326   369   317   377 0.81 -
NW_025965314.1_RagTag:614962-614699   -             88 7020at314147         -            727    0.0011   13.3   0.5   1   1     1e-05    0.0012   13.2   0.5    13    60    36    83    22    87 0.79 -
#
# Program:         hmmsearch
# Version:         3.1b2 (February 2015)
# Pipeline mode:   SEARCH
# Query file:      /home/bgerda/guppy_SUP/busco_downloads/lineages/glires_odb10/hmms/7020at314147.hmm
# Target file:     /home/bgerda/guppy_SUP/busco_results_racon/run_glires_odb10/metaeuk_output/initial_results/ragtag.scaffold.fasta.modified.fas
# Option settings: hmmsearch --domtblout /home/bgerda/guppy_SUP/busco_results_racon/run_glires_odb10/hmmer_output/initial_run_results/7020at314147.out --cpu 1 /home/bgerda/guppy_SUP/busco_downloads/lineages/glires_odb10/hmms/7020at314147.hmm /home/bgerda/guppy_SUP/busco_results_racon/run_glires_odb10/metaeuk_output/initial_results/ragtag.scaffold.fasta.modified.fas 
# Current dir:     /home/bgerda/guppy_SUP
# Date:            Sun May 21 17:05:51 2023
# [ok]
