#                                                                                             --- full sequence --- -------------- this domain -------------   hmm coord   ali coord   env coord
# target name                         accession   tlen query name           accession   qlen   E-value  score  bias   #  of  c-Evalue  i-Evalue  score  bias  from    to  from    to  from    to  acc description of target
#                 ------------------- ---------- ----- -------------------- ---------- ----- --------- ------ ----- --- --- --------- --------- ------ ----- ----- ----- ----- ----- ----- ----- ---- ---------------------
NW_025965314.1_RagTag:1368682-1369539 -            286 7481at314147         -            835   1.1e-12   43.4   0.0   1   2   5.4e-06    0.0011   13.6   0.0   699   779    97   176    50   189 0.86 -
NW_025965314.1_RagTag:1368682-1369539 -            286 7481at314147         -            835   1.1e-12   43.4   0.0   2   2   1.7e-12   3.5e-10   35.1   0.0   603   785    97   273    87   281 0.81 -
NW_025965175.1_RagTag:882915-884201   -            429 7481at314147         -            835   2.1e-08   29.2   0.0   1   1   1.4e-10   2.9e-08   28.7   0.0   699   770    17    89    10   103 0.87 -
NW_025965172.1_RagTag:1410564-1410014 -            156 7481at314147         -            835   1.1e-06   23.5   0.0   1   1   5.9e-09   1.2e-06   23.4   0.0   696   772     4    81     1   104 0.85 -
NW_025965310.1_RagTag:3809179-3808151 -            343 7481at314147         -            835   1.3e-05   19.9   0.1   1   2   0.00028     0.056    7.9   0.0   698   751     6    60     3    82 0.77 -
NW_025965310.1_RagTag:3809179-3808151 -            343 7481at314147         -            835   1.3e-05   19.9   0.1   2   2   7.9e-05     0.016    9.7   0.1   695   773    94   174    86   185 0.81 -
NW_025965053.1_RagTag:15221-14436     -            262 7481at314147         -            835   4.1e-05   18.3   0.0   1   3    0.0045       0.9    4.0   0.0   696   770    23    91    17    98 0.85 -
NW_025965053.1_RagTag:15221-14436     -            262 7481at314147         -            835   4.1e-05   18.3   0.0   2   3   0.00019     0.038    8.5   0.0   700   755   100   156    95   172 0.88 -
NW_025965053.1_RagTag:15221-14436     -            262 7481at314147         -            835   4.1e-05   18.3   0.0   3   3     0.013       2.6    2.4   0.0   729   768   219   258   198   262 0.85 -
NW_025965364.1_RagTag:5386-4973       -            138 7481at314147         -            835    0.0011   13.5   0.0   1   2     3e-05     0.006   11.2   0.0   698   764     6    77     3    90 0.76 -
NW_025965364.1_RagTag:5386-4973       -            138 7481at314147         -            835    0.0011   13.5   0.0   2   2     0.052        11    0.4   0.0   614   634   107   127    76   134 0.68 -
NW_025965140.1_RagTag:614564-613878   -            229 7481at314147         -            835    0.0019   12.8   0.0   1   1   1.2e-05    0.0025   12.4   0.0   699   787     3    88     1    97 0.77 -
#
# Program:         hmmsearch
# Version:         3.1b2 (February 2015)
# Pipeline mode:   SEARCH
# Query file:      /home/bgerda/guppy_SUP/busco_downloads/lineages/glires_odb10/hmms/7481at314147.hmm
# Target file:     /home/bgerda/guppy_SUP/busco_results_racon/run_glires_odb10/metaeuk_output/initial_results/ragtag.scaffold.fasta.modified.fas
# Option settings: hmmsearch --domtblout /home/bgerda/guppy_SUP/busco_results_racon/run_glires_odb10/hmmer_output/initial_run_results/7481at314147.out --cpu 1 /home/bgerda/guppy_SUP/busco_downloads/lineages/glires_odb10/hmms/7481at314147.hmm /home/bgerda/guppy_SUP/busco_results_racon/run_glires_odb10/metaeuk_output/initial_results/ragtag.scaffold.fasta.modified.fas 
# Current dir:     /home/bgerda/guppy_SUP
# Date:            Sun May 21 17:05:53 2023
# [ok]
