#                                                                                             --- full sequence --- -------------- this domain -------------   hmm coord   ali coord   env coord
# target name                         accession   tlen query name           accession   qlen   E-value  score  bias   #  of  c-Evalue  i-Evalue  score  bias  from    to  from    to  from    to  acc description of target
#                 ------------------- ---------- ----- -------------------- ---------- ----- --------- ------ ----- --- --- --------- --------- ------ ----- ----- ----- ----- ----- ----- ----- ---- ---------------------
NW_025965322.1_RagTag:1227246-1228454 -            403 7621at314147         -            739   1.6e-12   42.6   4.7   1   1   3.4e-14   4.4e-12   41.2   4.7    20   228     8   212     3   277 0.72 -
NW_025965319.1_RagTag:4123940-4123488 -            151 7621at314147         -            739   1.1e-08   30.0   3.7   1   1   9.4e-11   1.2e-08   29.8   3.7     8    97    27   115    23   150 0.67 -
NW_025965245.1_RagTag:400173-400936   -            124 7621at314147         -            739   1.4e-06   23.0  11.3   1   2   8.8e-07   0.00011   16.7   6.3    20    80     8    77     3    79 0.79 -
NW_025965245.1_RagTag:400173-400936   -            124 7621at314147         -            739   1.4e-06   23.0  11.3   2   2   2.7e-05    0.0035   11.8   0.3   111   153    75   118    72   124 0.88 -
NW_025965075.1_RagTag:65339-58346     -            349 7621at314147         -            739   3.9e-06   21.5   4.1   1   1   4.4e-08   5.6e-06   21.0   4.1    19    95    48   131    39   142 0.75 -
NW_025965209.1_RagTag:161057-161341   -             95 7621at314147         -            739   9.7e-06   20.2   0.2   1   1   8.5e-08   1.1e-05   20.1   0.2    22    51    29    58    21    72 0.89 -
contig_4568_pilon:1301-1600           -            100 7621at314147         -            739   0.00011   16.8   3.0   1   1   8.3e-07   0.00011   16.8   3.0    20    68     2    50     1    87 0.84 -
NW_025965317.1_RagTag:2732946-2735087 -            714 7621at314147         -            739   0.00027   15.4   3.1   1   1   3.3e-06   0.00042   14.8   3.1    22    64     4    44     2    56 0.84 -
NW_025965075.1_RagTag:18127-23307     -            380 7621at314147         -            739   0.00045   14.7   1.5   1   1   5.7e-06   0.00073   14.0   1.5    20    64   325   369   313   376 0.81 -
contig_5411_pilon:437-201             -             79 7621at314147         -            739   0.00076   14.0   0.6   1   1   6.6e-06   0.00084   13.8   0.6    19    66    27    74    17    78 0.82 -
contig_83093_pilon:417-680            -             88 7621at314147         -            739    0.0014   13.1   0.4   1   1   1.2e-05    0.0015   13.0   0.4    19    66    36    83    18    87 0.79 -
NW_025965314.1_RagTag:614962-614699   -             88 7621at314147         -            739    0.0031   11.9   0.5   1   1   2.7e-05    0.0034   11.8   0.5    19    66    36    83    23    87 0.81 -
#
# Program:         hmmsearch
# Version:         3.1b2 (February 2015)
# Pipeline mode:   SEARCH
# Query file:      /home/bgerda/guppy_SUP/busco_downloads/lineages/glires_odb10/hmms/7621at314147.hmm
# Target file:     /home/bgerda/guppy_SUP/busco_results_racon/run_glires_odb10/metaeuk_output/initial_results/ragtag.scaffold.fasta.modified.fas
# Option settings: hmmsearch --domtblout /home/bgerda/guppy_SUP/busco_results_racon/run_glires_odb10/hmmer_output/initial_run_results/7621at314147.out --cpu 1 /home/bgerda/guppy_SUP/busco_downloads/lineages/glires_odb10/hmms/7621at314147.hmm /home/bgerda/guppy_SUP/busco_results_racon/run_glires_odb10/metaeuk_output/initial_results/ragtag.scaffold.fasta.modified.fas 
# Current dir:     /home/bgerda/guppy_SUP
# Date:            Sun May 21 17:05:51 2023
# [ok]
