#                                                                                             --- full sequence --- -------------- this domain -------------   hmm coord   ali coord   env coord
# target name                         accession   tlen query name           accession   qlen   E-value  score  bias   #  of  c-Evalue  i-Evalue  score  bias  from    to  from    to  from    to  acc description of target
#                 ------------------- ---------- ----- -------------------- ---------- ----- --------- ------ ----- --- --- --------- --------- ------ ----- ----- ----- ----- ----- ----- ----- ---- ---------------------
NW_025965188.1_RagTag:427872-428438   -            189 9131at314147         -            525   1.8e-15   53.0   5.2   1   2   3.3e-12   5.9e-10   34.8   0.1   121   184    41   105    35   117 0.88 -
NW_025965188.1_RagTag:427872-428438   -            189 9131at314147         -            525   1.8e-15   53.0   5.2   2   2   1.6e-07   2.9e-05   19.3   2.3   119   211   119   178   113   188 0.55 -
NW_025965344.1_RagTag:40655-35255     -            204 9131at314147         -            525   3.3e-09   32.3   0.0   1   1   3.1e-11   5.4e-09   31.6   0.0    79   202    40   163    20   200 0.79 -
NW_025965163.1_RagTag:38535-29734     -            753 9131at314147         -            525   6.3e-08   28.1   0.7   1   1   9.5e-10   1.7e-07   26.7   0.7   134   225   446   536   433   553 0.77 -
NW_025965288.1_RagTag:109483-111161   -            290 9131at314147         -            525   4.5e-05   18.7   0.1   1   1   3.5e-07   6.2e-05   18.2   0.1    82   165    97   181    66   205 0.77 -
NW_025965287.1_RagTag:1503606-1508138 -            432 9131at314147         -            525   4.9e-05   18.6   0.4   1   2      0.28        49   -1.2   0.5   307   332   151   176   145   183 0.83 -
NW_025965287.1_RagTag:1503606-1508138 -            432 9131at314147         -            525   4.9e-05   18.6   0.4   2   2   2.8e-07   4.9e-05   18.6   0.4    69   169   319   421   305   428 0.74 -
NW_025965306.1_RagTag:1019039-1020148 -            370 9131at314147         -            525   0.00017   16.8   0.3   1   1   2.3e-06   0.00041   15.5   0.1    34   100    15    81     8    97 0.88 -
NW_025965352.1_RagTag:102445-104127   -            319 9131at314147         -            525   0.00022   16.4   0.0   1   1   1.6e-06   0.00029   16.0   0.0   104   163     1    60     1    70 0.77 -
NW_025965276.1_RagTag:371243-371716   -            158 9131at314147         -            525    0.0014   13.8   0.1   1   1   2.7e-05    0.0047   12.0   0.1    73   167    13   113     5   118 0.67 -
#
# Program:         hmmsearch
# Version:         3.1b2 (February 2015)
# Pipeline mode:   SEARCH
# Query file:      /home/bgerda/guppy_SUP/busco_downloads/lineages/glires_odb10/hmms/9131at314147.hmm
# Target file:     /home/bgerda/guppy_SUP/busco_results_racon/run_glires_odb10/metaeuk_output/initial_results/ragtag.scaffold.fasta.modified.fas
# Option settings: hmmsearch --domtblout /home/bgerda/guppy_SUP/busco_results_racon/run_glires_odb10/hmmer_output/initial_run_results/9131at314147.out --cpu 1 /home/bgerda/guppy_SUP/busco_downloads/lineages/glires_odb10/hmms/9131at314147.hmm /home/bgerda/guppy_SUP/busco_results_racon/run_glires_odb10/metaeuk_output/initial_results/ragtag.scaffold.fasta.modified.fas 
# Current dir:     /home/bgerda/guppy_SUP
# Date:            Sun May 21 17:05:51 2023
# [ok]
