#                                                                                             --- full sequence --- -------------- this domain -------------   hmm coord   ali coord   env coord
# target name                         accession   tlen query name           accession   qlen   E-value  score  bias   #  of  c-Evalue  i-Evalue  score  bias  from    to  from    to  from    to  acc description of target
#                 ------------------- ---------- ----- -------------------- ---------- ----- --------- ------ ----- --- --- --------- --------- ------ ----- ----- ----- ----- ----- ----- ----- ---- ---------------------
NW_025965287.1_RagTag:1440000-1439407 -            196 9354at314147         -            610     7e-08   27.7   2.8   1   3   5.9e-06    0.0017   13.2   0.1   476   542     7    72     1    74 0.87 -
NW_025965287.1_RagTag:1440000-1439407 -            196 9354at314147         -            610     7e-08   27.7   2.8   2   3   3.3e-05    0.0094   10.8   0.0   475   541    47   114    40   120 0.84 -
NW_025965287.1_RagTag:1440000-1439407 -            196 9354at314147         -            610     7e-08   27.7   2.8   3   3   6.5e-05     0.018    9.8   0.3   463   531   124   189   114   194 0.81 -
contig_13085_pilon:864-71             -            219 9354at314147         -            610   3.6e-05   18.7   0.3   1   3     0.019       5.2    1.7   0.0   200   232    24    55     3    81 0.74 -
contig_13085_pilon:864-71             -            219 9354at314147         -            610   3.6e-05   18.7   0.3   2   3   0.00015     0.043    8.6   0.0   479   528    85   134    64   147 0.74 -
contig_13085_pilon:864-71             -            219 9354at314147         -            610   3.6e-05   18.7   0.3   3   3    0.0014      0.39    5.4   0.1   215   254   154   193   152   218 0.80 -
NW_025965310.1_RagTag:472250-484579   -            307 9354at314147         -            610   0.00011   17.1   0.2   1   2   9.3e-05     0.026    9.3   0.0   494   548   102   156    89   183 0.60 -
NW_025965310.1_RagTag:472250-484579   -            307 9354at314147         -            610   0.00011   17.1   0.2   2   2   0.00084      0.24    6.1   0.1   470   504   220   254   185   288 0.79 -
NW_025965321.1_RagTag:2929906-2929208 -            233 9354at314147         -            610    0.0082   10.9   0.0   1   2    0.0043       1.2    3.8   0.0    43    76     5    38     2    68 0.72 -
NW_025965321.1_RagTag:2929906-2929208 -            233 9354at314147         -            610    0.0082   10.9   0.0   2   2    0.0011      0.32    5.7   0.0   484   541    69   126    47   131 0.82 -
NW_025965114.1_RagTag:27851-27678     -             58 9354at314147         -            610     0.011   10.6   0.1   1   1   4.1e-05     0.012   10.5   0.1    41    77     8    44     3    53 0.69 -
#
# Program:         hmmsearch
# Version:         3.1b2 (February 2015)
# Pipeline mode:   SEARCH
# Query file:      /home/bgerda/guppy_SUP/busco_downloads/lineages/glires_odb10/hmms/9354at314147.hmm
# Target file:     /home/bgerda/guppy_SUP/busco_results_racon/run_glires_odb10/metaeuk_output/initial_results/ragtag.scaffold.fasta.modified.fas
# Option settings: hmmsearch --domtblout /home/bgerda/guppy_SUP/busco_results_racon/run_glires_odb10/hmmer_output/initial_run_results/9354at314147.out --cpu 1 /home/bgerda/guppy_SUP/busco_downloads/lineages/glires_odb10/hmms/9354at314147.hmm /home/bgerda/guppy_SUP/busco_results_racon/run_glires_odb10/metaeuk_output/initial_results/ragtag.scaffold.fasta.modified.fas 
# Current dir:     /home/bgerda/guppy_SUP
# Date:            Sun May 21 17:05:52 2023
# [ok]
