#                                                                                             --- full sequence --- -------------- this domain -------------   hmm coord   ali coord   env coord
# target name                         accession   tlen query name           accession   qlen   E-value  score  bias   #  of  c-Evalue  i-Evalue  score  bias  from    to  from    to  from    to  acc description of target
#                 ------------------- ---------- ----- -------------------- ---------- ----- --------- ------ ----- --- --- --------- --------- ------ ----- ----- ----- ----- ----- ----- ----- ---- ---------------------
NW_025965344.1_RagTag:40655-35255     -            204 9476at314147         -            709   1.2e-15   53.1   0.0   1   1   9.4e-18   1.5e-15   52.8   0.0   464   604    37   178    30   190 0.91 -
NW_025965188.1_RagTag:427872-428438   -            189 9476at314147         -            709   1.7e-12   42.7   0.0   1   2     2e-06   0.00031   15.4   0.0   510   569    43   103    28   111 0.64 -
NW_025965188.1_RagTag:427872-428438   -            189 9476at314147         -            709   1.7e-12   42.7   0.0   2   2   1.9e-09   2.9e-07   25.4   0.0   507   568   120   181   108   184 0.91 -
NW_025965288.1_RagTag:109483-111161   -            290 9476at314147         -            709   8.6e-11   37.1   0.0   1   1   6.6e-13     1e-10   36.8   0.0   495   565    90   160     7   185 0.76 -
NW_025965163.1_RagTag:38535-29734     -            753 9476at314147         -            709   5.1e-10   34.5   0.0   1   1   4.6e-12   7.2e-10   34.0   0.0   491   605   449   559   423   575 0.89 -
NW_025965306.1_RagTag:1019039-1020148 -            370 9476at314147         -            709   4.7e-07   24.7   0.0   1   1   4.8e-09   7.5e-07   24.0   0.0   488   554    16    81     3   118 0.85 -
NW_025965352.1_RagTag:102445-104127   -            319 9476at314147         -            709   2.2e-06   22.5   0.0   1   1   1.8e-08   2.8e-06   22.2   0.0   528   580     5    57     1    70 0.58 -
NW_025965288.1_RagTag:99923-99699     -             75 9476at314147         -            709   4.6e-05   18.1   0.0   1   1     3e-07   4.7e-05   18.1   0.0   508   562     1    58     1    71 0.80 -
NW_025965287.1_RagTag:1503606-1508138 -            432 9476at314147         -            709   8.1e-05   17.3   0.1   1   1   6.9e-07   0.00011   16.9   0.1   478   551   344   416   308   429 0.85 -
NW_025965276.1_RagTag:371243-371716   -            158 9476at314147         -            709   0.00015   16.5   0.3   1   2     0.058       9.1    0.6   0.0   236   555    15    42     6    50 0.58 -
NW_025965276.1_RagTag:371243-371716   -            158 9476at314147         -            709   0.00015   16.5   0.3   2   2   5.5e-06   0.00087   13.9   0.1   490   585    52   147    41   154 0.81 -
#
# Program:         hmmsearch
# Version:         3.1b2 (February 2015)
# Pipeline mode:   SEARCH
# Query file:      /home/bgerda/guppy_SUP/busco_downloads/lineages/glires_odb10/hmms/9476at314147.hmm
# Target file:     /home/bgerda/guppy_SUP/busco_results_racon/run_glires_odb10/metaeuk_output/initial_results/ragtag.scaffold.fasta.modified.fas
# Option settings: hmmsearch --domtblout /home/bgerda/guppy_SUP/busco_results_racon/run_glires_odb10/hmmer_output/initial_run_results/9476at314147.out --cpu 1 /home/bgerda/guppy_SUP/busco_downloads/lineages/glires_odb10/hmms/9476at314147.hmm /home/bgerda/guppy_SUP/busco_results_racon/run_glires_odb10/metaeuk_output/initial_results/ragtag.scaffold.fasta.modified.fas 
# Current dir:     /home/bgerda/guppy_SUP
# Date:            Sun May 21 17:05:51 2023
# [ok]
