#                                                                                             --- full sequence --- -------------- this domain -------------   hmm coord   ali coord   env coord
# target name                         accession   tlen query name           accession   qlen   E-value  score  bias   #  of  c-Evalue  i-Evalue  score  bias  from    to  from    to  from    to  acc description of target
#                 ------------------- ---------- ----- -------------------- ---------- ----- --------- ------ ----- --- --- --------- --------- ------ ----- ----- ----- ----- ----- ----- ----- ---- ---------------------
NW_025965188.1_RagTag:427872-428438   -            189 9757at314147         -            665   3.8e-05   18.3   0.7   1   2   0.00091      0.21    5.9   0.1   496   543    58   107    51   138 0.82 -
NW_025965188.1_RagTag:427872-428438   -            189 9757at314147         -            665   3.8e-05   18.3   0.7   2   2   2.2e-05    0.0052   11.2   0.1   503   546   144   187   131   189 0.86 -
NW_025965163.1_RagTag:38535-29734     -            753 9757at314147         -            665   4.1e-05   18.2   0.0   1   2       2.7   6.4e+02   -5.6   3.8    96   139   329   369   319   384 0.73 -
NW_025965163.1_RagTag:38535-29734     -            753 9757at314147         -            665   4.1e-05   18.2   0.0   2   2   1.7e-07   4.1e-05   18.2   0.0   459   559   411   514   391   529 0.81 -
NW_025965288.1_RagTag:109483-111161   -            290 9757at314147         -            665    0.0004   14.9   0.0   1   1   2.5e-06    0.0006   14.3   0.0   491   564    81   156    65   166 0.81 -
NW_025965306.1_RagTag:1019039-1020148 -            370 9757at314147         -            665   0.00081   13.9   0.0   1   1   4.7e-06    0.0011   13.5   0.0   491   561    14    85     8   118 0.86 -
NW_025965344.1_RagTag:40655-35255     -            204 9757at314147         -            665    0.0025   12.3   0.0   1   2    0.0045       1.1    3.6   0.0   516   543    52    79    33    98 0.74 -
NW_025965344.1_RagTag:40655-35255     -            204 9757at314147         -            665    0.0025   12.3   0.0   2   2   0.00059      0.14    6.5   0.0   474   542   109   177   104   200 0.80 -
NW_025965288.1_RagTag:99923-99699     -             75 9757at314147         -            665    0.0046   11.4   0.0   1   1     2e-05    0.0046   11.4   0.0   489   526    13    50     1    70 0.72 -
#
# Program:         hmmsearch
# Version:         3.1b2 (February 2015)
# Pipeline mode:   SEARCH
# Query file:      /home/bgerda/guppy_SUP/busco_downloads/lineages/glires_odb10/hmms/9757at314147.hmm
# Target file:     /home/bgerda/guppy_SUP/busco_results_racon/run_glires_odb10/metaeuk_output/initial_results/ragtag.scaffold.fasta.modified.fas
# Option settings: hmmsearch --domtblout /home/bgerda/guppy_SUP/busco_results_racon/run_glires_odb10/hmmer_output/initial_run_results/9757at314147.out --cpu 1 /home/bgerda/guppy_SUP/busco_downloads/lineages/glires_odb10/hmms/9757at314147.hmm /home/bgerda/guppy_SUP/busco_results_racon/run_glires_odb10/metaeuk_output/initial_results/ragtag.scaffold.fasta.modified.fas 
# Current dir:     /home/bgerda/guppy_SUP
# Date:            Sun May 21 17:05:53 2023
# [ok]
