#                                                                                             --- full sequence --- -------------- this domain -------------   hmm coord   ali coord   env coord
# target name                         accession   tlen query name           accession   qlen   E-value  score  bias   #  of  c-Evalue  i-Evalue  score  bias  from    to  from    to  from    to  acc description of target
#                 ------------------- ---------- ----- -------------------- ---------- ----- --------- ------ ----- --- --- --------- --------- ------ ----- ----- ----- ----- ----- ----- ----- ---- ---------------------
NW_025965022.1_RagTag:199298-198405   -            298 9903at314147         -            587   2.2e-27   92.0   1.9   1   1   1.3e-29   2.7e-27   91.7   1.9   267   525    19   294     4   298 0.79 -
NW_025965103.1_RagTag:1074469-1074975 -            169 9903at314147         -            587   8.4e-16   53.8   0.1   1   1   2.1e-17   4.3e-15   51.4   0.1   396   525    33   165     1   169 0.75 -
NW_025965280.1_RagTag:81766-83490     -            217 9903at314147         -            587     3e-15   51.9   0.0   1   1     2e-17   3.9e-15   51.5   0.0   357   530     6   187     2   196 0.87 -
NW_025965230.1_RagTag:945904-945482   -            141 9903at314147         -            587   2.8e-11   38.8   0.0   1   1   1.8e-13   3.6e-11   38.5   0.0   416   529     6   130     3   136 0.79 -
NW_025965317.1_RagTag:2345417-2346205 -            263 9903at314147         -            587   2.5e-08   29.1   0.0   1   1   2.9e-10   5.8e-08   27.9   0.0   310   525    39   261    17   263 0.81 -
NW_025965256.1_RagTag:611213-608748   -            158 9903at314147         -            587   2.7e-07   25.6   0.0   1   2   0.00035      0.07    7.8   0.0   444   474    51    81     1    96 0.76 -
NW_025965256.1_RagTag:611213-608748   -            158 9903at314147         -            587   2.7e-07   25.6   0.0   2   2   6.6e-07   0.00013   16.8   0.0   446   496   106   155    83   158 0.85 -
NW_025965307.1_RagTag:1388537-1388983 -            149 9903at314147         -            587    0.0016   13.3   0.0   1   2     0.014       2.9    2.5   0.0    85   105    13    33     8    42 0.82 -
NW_025965307.1_RagTag:1388537-1388983 -            149 9903at314147         -            587    0.0016   13.3   0.0   2   2   0.00018     0.035    8.8   0.0    47   109    43   110    35   146 0.71 -
#
# Program:         hmmsearch
# Version:         3.1b2 (February 2015)
# Pipeline mode:   SEARCH
# Query file:      /home/bgerda/guppy_SUP/busco_downloads/lineages/glires_odb10/hmms/9903at314147.hmm
# Target file:     /home/bgerda/guppy_SUP/busco_results_racon/run_glires_odb10/metaeuk_output/initial_results/ragtag.scaffold.fasta.modified.fas
# Option settings: hmmsearch --domtblout /home/bgerda/guppy_SUP/busco_results_racon/run_glires_odb10/hmmer_output/initial_run_results/9903at314147.out --cpu 1 /home/bgerda/guppy_SUP/busco_downloads/lineages/glires_odb10/hmms/9903at314147.hmm /home/bgerda/guppy_SUP/busco_results_racon/run_glires_odb10/metaeuk_output/initial_results/ragtag.scaffold.fasta.modified.fas 
# Current dir:     /home/bgerda/guppy_SUP
# Date:            Sun May 21 17:05:51 2023
# [ok]
