#                                                                                             --- full sequence --- -------------- this domain -------------   hmm coord   ali coord   env coord
# target name                         accession   tlen query name           accession   qlen   E-value  score  bias   #  of  c-Evalue  i-Evalue  score  bias  from    to  from    to  from    to  acc description of target
#                 ------------------- ---------- ----- -------------------- ---------- ----- --------- ------ ----- --- --- --------- --------- ------ ----- ----- ----- ----- ----- ----- ----- ---- ---------------------
NW_025965324.1_RagTag:3129261-3128131 -            377 9977at314147         -            597   1.7e-14   49.5   2.2   1   5    0.0063       1.8    3.2   0.0   187   234     2    48     1    55 0.81 -
NW_025965324.1_RagTag:3129261-3128131 -            377 9977at314147         -            597   1.7e-14   49.5   2.2   2   5   5.8e-05     0.016    9.9   0.1   288   351    22    99    16   107 0.72 -
NW_025965324.1_RagTag:3129261-3128131 -            377 9977at314147         -            597   1.7e-14   49.5   2.2   3   5   7.8e-07   0.00022   16.1   0.0   114   158   157   202   144   209 0.86 -
NW_025965324.1_RagTag:3129261-3128131 -            377 9977at314147         -            597   1.7e-14   49.5   2.2   4   5    0.0029      0.81    4.3   0.0   317   352   201   236   194   250 0.87 -
NW_025965324.1_RagTag:3129261-3128131 -            377 9977at314147         -            597   1.7e-14   49.5   2.2   5   5   1.2e-06   0.00034   15.5   0.0   279   351   288   377   285   377 0.77 -
NW_025965548.1_RagTag:8433-1774       -            515 9977at314147         -            597    0.0007   14.5   0.0   1   1   6.8e-05     0.019    9.7   0.0   257   311    79   142    16   220 0.76 -
NW_025965008.1_RagTag:294140-294343   -             68 9977at314147         -            597    0.0033   12.2   0.0   1   1   1.2e-05    0.0033   12.2   0.0    55    85    34    64    12    66 0.89 -
NW_025965025.1_RagTag:449-255         -             65 9977at314147         -            597    0.0046   11.8   0.0   1   1   1.7e-05    0.0047   11.7   0.0    52    87    29    64    17    65 0.85 -
NW_025965060.1_RagTag:51624-47830     -            167 9977at314147         -            597    0.0057   11.4   0.0   1   1   2.4e-05    0.0067   11.2   0.0   284   361    10    95     4   120 0.79 -
#
# Program:         hmmsearch
# Version:         3.1b2 (February 2015)
# Pipeline mode:   SEARCH
# Query file:      /home/bgerda/guppy_SUP/busco_downloads/lineages/glires_odb10/hmms/9977at314147.hmm
# Target file:     /home/bgerda/guppy_SUP/busco_results_racon/run_glires_odb10/metaeuk_output/initial_results/ragtag.scaffold.fasta.modified.fas
# Option settings: hmmsearch --domtblout /home/bgerda/guppy_SUP/busco_results_racon/run_glires_odb10/hmmer_output/initial_run_results/9977at314147.out --cpu 1 /home/bgerda/guppy_SUP/busco_downloads/lineages/glires_odb10/hmms/9977at314147.hmm /home/bgerda/guppy_SUP/busco_results_racon/run_glires_odb10/metaeuk_output/initial_results/ragtag.scaffold.fasta.modified.fas 
# Current dir:     /home/bgerda/guppy_SUP
# Date:            Sun May 21 17:05:53 2023
# [ok]
